time	V(comp_out)
0.000000000000000e+00	1.005148e-09
2.000000000000000e-18	1.005148e-09
4.000000000000000e-18	1.005149e-09
3.879999999999999e-16	1.005231e-09
5.800000000000000e-16	1.005262e-09
2.252200000000000e-13	1.023962e-09
4.498600000000001e-13	1.040301e-09
6.745000000000001e-13	1.054279e-09
8.991400000000001e-13	1.065895e-09
1.123780000000000e-12	1.075151e-09
1.348420000000000e-12	1.082046e-09
1.573060000000000e-12	1.086579e-09
1.769668000000000e-12	1.090602e-09
2.162884000000000e-12	1.093822e-09
2.949316000000000e-12	1.096008e-09
3.145923999999999e-12	1.095626e-09
3.539139999999999e-12	1.093420e-09
4.325571999999999e-12	1.087547e-09
5.898435999999999e-12	1.074341e-09
9.044163999999998e-12	1.051760e-09
1.533562000000000e-11	1.024557e-09
2.791853200000000e-11	1.002892e-09
4.604648775124296e-11	9.960160e-10
7.063067152489058e-11	9.970348e-10
1.023255298527784e-10	9.996417e-10
1.430574033541753e-10	1.002012e-09
1.943150062680751e-10	1.003648e-09
2.654013697613763e-10	1.004594e-09
3.758465530498351e-10	1.005028e-09
5.410220323576241e-10	1.005141e-09
7.619117972894612e-10	1.005148e-09
1.002123290400962e-09	1.005148e-09
1.300289786950593e-09	1.005148e-09
1.731694408161017e-09	1.005148e-09
2.459268236519343e-09	1.005148e-09
3.250028669043704e-09	1.005151e-09
3.403438031297281e-09	1.005149e-09
3.441790371860675e-09	1.005148e-09
3.451378457001524e-09	1.005148e-09
3.470554627283221e-09	1.005148e-09
3.508906967846615e-09	1.005148e-09
3.518495052987464e-09	1.005148e-09
3.537671223269161e-09	1.005148e-09
3.576023563832555e-09	1.005148e-09
3.652728244959344e-09	1.005148e-09
3.806137607212921e-09	1.005148e-09
4.112956331720075e-09	1.005148e-09
4.726593780734382e-09	1.005148e-09
5.436092351789231e-09	1.005148e-09
6.299423514344554e-09	1.005148e-09
7.007780295103521e-09	1.005148e-09
8.092959463585607e-09	1.005148e-09
9.096783364920133e-09	1.005148e-09
1.066696925657241e-08	1.005148e-09
1.075212870982015e-08	1.005148e-09
1.092244761631563e-08	1.005148e-09
1.096502734293950e-08	1.005148e-09
1.105018679618724e-08	1.005148e-09
1.107147665949917e-08	1.005148e-09
1.111405638612304e-08	1.005148e-09
1.112470131777901e-08	1.005148e-09
1.116195857857489e-08	1.005148e-09
1.118324844188683e-08	1.005148e-09
1.122582816851070e-08	1.005148e-09
1.131098762175844e-08	1.005148e-09
1.148130652825391e-08	1.005148e-09
1.182194434124487e-08	1.005148e-09
1.235120638907215e-08	1.005148e-09
1.304143083181900e-08	1.005148e-09
1.435378881753787e-08	1.005148e-09
1.658435199297151e-08	1.005148e-09
1.900211661179210e-08	1.005148e-09
2.184615381228445e-08	1.005148e-09
2.524344968909685e-08	1.005148e-09
2.871660701666255e-08	1.005148e-09
3.253395134642461e-08	1.005148e-09
3.741676384642461e-08	1.005148e-09
4.229957634642461e-08	1.005148e-09
4.718238884642461e-08	1.005148e-09
5.206520134642461e-08	1.005148e-09
5.694801384642461e-08	1.005148e-09
6.183082634642461e-08	1.005148e-09
6.671363884642461e-08	1.005148e-09
7.159645134642461e-08	1.005148e-09
7.647926384642461e-08	1.005148e-09
8.136207634642461e-08	1.005148e-09
9.112770134642461e-08	1.005148e-09
9.511718760000000e-08	1.005148e-09
1.000000001000000e-07	1.005148e-09
1.013077258359487e-07	1.005148e-09
1.018739075817747e-07	1.005148e-09
1.037439230655457e-07	1.005148e-09
1.951171875000000e-07	1.005148e-09
2.000000000000000e-07	1.005148e-09
2.000000000012500e-07	7.159443e-08
2.000000003962500e-07	1.145074e-03
2.000000005937499e-07	1.373781e-03
2.000000149830337e-07	1.338668e-03
2.000000293723173e-07	1.304469e-03
2.000000437616011e-07	1.271184e-03
2.000000581508847e-07	1.238812e-03
2.000000725401685e-07	1.207353e-03
2.000000869294521e-07	1.176808e-03
2.000001013187359e-07	1.147177e-03
2.000002024387217e-07	9.591852e-04
2.000004046786935e-07	6.707221e-04
2.000008091586369e-07	3.137814e-04
2.000016181185238e-07	6.311388e-06
2.000032360382977e-07	-1.235775e-04
2.000064718778454e-07	-8.539271e-05
2.000118146883933e-07	-2.293835e-05
2.000225003094891e-07	1.604573e-06
2.000438715516807e-07	1.702575e-06
2.000866140360640e-07	2.353698e-07
2.001643662475720e-07	8.602139e-08
2.002819807442060e-07	4.776412e-08
2.005172097374741e-07	2.823880e-08
2.008377944638636e-07	-4.592277e-08
2.014326396200728e-07	-1.430147e-07
2.022852105699429e-07	-2.690087e-07
2.036899248298364e-07	-5.106571e-07
2.054207178096135e-07	-1.061943e-06
2.066496459178839e-07	-1.970828e-06
2.076045716158392e-07	-4.161242e-06
2.083697145875074e-07	-8.626014e-06
2.092427446536098e-07	-1.628601e-05
2.101837399182815e-07	-2.451913e-05
2.109522957545925e-07	7.715687e-05
2.118273935303031e-07	6.164490e-03
2.125791638079325e-07	2.588676e-02
2.126824552654228e-07	3.686391e-02
2.128890381804035e-07	7.911003e-02
2.129406839091486e-07	9.805358e-02
2.130439753666389e-07	1.574888e-01
2.130697982310115e-07	1.825195e-01
2.131214439597567e-07	2.587452e-01
2.131474370125908e-07	3.118246e-01
2.131994231182591e-07	4.427103e-01
2.132099123663434e-07	4.717259e-01
2.132308908625119e-07	5.338264e-01
2.132361354865541e-07	5.506495e-01
2.132466247346383e-07	5.924169e-01
2.132676032308069e-07	7.021332e-01
2.132774093947909e-07	7.770435e-01
2.132871767510367e-07	8.807877e-01
2.132896185900981e-07	9.151641e-01
2.132945022682210e-07	1.003120e+00
2.132999330166853e-07	1.127033e+00
2.133048201038982e-07	1.274073e+00
2.133096669463974e-07	1.452703e+00
2.133150959896899e-07	1.657629e+00
2.133177612255154e-07	1.729441e+00
2.133214374042088e-07	1.775099e+00
2.133245571370299e-07	1.789110e+00
2.133279474609635e-07	1.794126e+00
2.133322477732353e-07	1.797236e+00
2.133379794751769e-07	1.798864e+00
2.133463870396093e-07	1.799404e+00
2.133545560044806e-07	1.799598e+00
2.133684016910933e-07	1.799913e+00
2.133863239566227e-07	1.800123e+00
2.134130296066487e-07	1.800179e+00
2.134531565577645e-07	1.800177e+00
2.135334104599961e-07	1.800166e+00
2.136939182644593e-07	1.800141e+00
2.140149338733856e-07	1.800095e+00
2.140951877756172e-07	1.800093e+00
2.141152512511751e-07	1.800093e+00
2.141553782022909e-07	1.800090e+00
2.142356321045225e-07	1.800084e+00
2.142607114489699e-07	1.800082e+00
2.142707431867488e-07	1.800081e+00
2.143058542689752e-07	1.800079e+00
2.144462985978805e-07	1.800071e+00
2.146068064023436e-07	1.800063e+00
2.149278220112700e-07	1.800050e+00
2.153258139752011e-07	1.800038e+00
2.158470523380186e-07	1.800027e+00
2.166687500645479e-07	1.800017e+00
2.180579717414918e-07	1.800008e+00
2.194371939784850e-07	1.800004e+00
2.213835218393072e-07	1.800001e+00
2.234572349547409e-07	1.800000e+00
2.255406509281337e-07	1.800000e+00
2.282966679647610e-07	1.800000e+00
2.326675047673097e-07	1.800000e+00
2.375503172673097e-07	1.800000e+00
2.424331297673097e-07	1.800000e+00
2.473159422673097e-07	1.800000e+00
2.507586339167731e-07	1.800000e+00
2.513689854792730e-07	1.800000e+00
2.520011353118623e-07	1.800000e+00
2.526332851444516e-07	1.800000e+00
2.532654349770409e-07	1.800000e+00
2.538975848096301e-07	1.800000e+00
2.545297346422194e-07	1.800000e+00
2.551618844748087e-07	1.800000e+00
2.557940343073980e-07	1.800000e+00
2.577605198784439e-07	1.800000e+00
2.600175513865041e-07	1.800000e+00
2.645316144026246e-07	1.800000e+00
2.694144269026246e-07	1.800001e+00
2.742972394026246e-07	1.800000e+00
2.791800519026246e-07	1.800000e+00
2.840628644026246e-07	1.800000e+00
2.889456769026247e-07	1.800000e+00
2.934739860453824e-07	1.800000e+00
2.951171876000000e-07	1.800000e+00
2.957109077653472e-07	1.800000e+00
2.963046279306945e-07	1.800000e+00
2.968983480960417e-07	1.800000e+00
2.974920682613889e-07	1.800000e+00
2.980857884267361e-07	1.800000e+00
2.986795085920834e-07	1.800000e+00
2.992732287574306e-07	1.800000e+00
3.000000001000000e-07	1.798252e+00
3.000019559680729e-07	1.798484e+00
3.000058677042188e-07	1.800654e+00
3.000068208652425e-07	1.800840e+00
3.000080161153951e-07	1.800479e+00
3.000104066157003e-07	1.800296e+00
3.000140716108133e-07	1.800238e+00
3.000204239464785e-07	1.800202e+00
3.000280181855226e-07	1.800163e+00
3.000370365483549e-07	1.800125e+00
3.000470796064635e-07	1.800094e+00
3.000606529569234e-07	1.800065e+00
3.000789213463478e-07	1.800040e+00
3.001085435949523e-07	1.800020e+00
3.001593289429484e-07	1.800007e+00
3.002608996389407e-07	1.800002e+00
3.004331334644981e-07	1.800000e+00
3.007008813872732e-07	1.800000e+00
3.010053910702872e-07	1.800000e+00
3.013452368863391e-07	1.800000e+00
3.017562388806669e-07	1.800000e+00
3.022555931640164e-07	1.800000e+00
3.029944571675656e-07	1.800000e+00
3.037983689617949e-07	1.800000e+00
3.047314727270992e-07	1.800000e+00
3.057329444099427e-07	1.800000e+00
3.072287630816318e-07	1.800000e+00
3.084006062748017e-07	1.800000e+00
3.097149366071051e-07	1.800000e+00
3.115839763975816e-07	1.800000e+00
3.136184590705475e-07	1.800000e+00
3.161609631621549e-07	1.800000e+00
3.184873546899807e-07	1.800000e+00
3.209488752540335e-07	1.800000e+00
3.225549627661398e-07	1.800000e+00
3.240571831699392e-07	1.800000e+00
3.257420459299027e-07	1.800000e+00
3.267720404032176e-07	1.800000e+00
3.275220261744640e-07	1.800000e+00
3.283140814052683e-07	1.800000e+00
3.290431683938855e-07	1.800000e+00
3.295689047807919e-07	1.800000e+00
3.301962895370546e-07	1.800000e+00
3.309017864367135e-07	1.800000e+00
3.317958616862020e-07	1.800000e+00
3.326467755408053e-07	1.800000e+00
3.338365079256774e-07	1.800000e+00
3.350778712488285e-07	1.800000e+00
3.372651914830117e-07	1.800000e+00
3.397428849157360e-07	1.800000e+00
3.429983523820194e-07	1.800000e+00
3.454520608555098e-07	1.800000e+00
3.500000000000000e-07	1.800000e+00
3.500000000012500e-07	1.800000e+00
3.500000003962501e-07	1.800000e+00
3.500000005937501e-07	1.800000e+00
3.500000077601796e-07	1.800000e+00
3.500000149266091e-07	1.800000e+00
3.500000220930386e-07	1.800000e+00
3.500000292594681e-07	1.800000e+00
3.500000364258976e-07	1.800000e+00
3.500000435923271e-07	1.800000e+00
3.500000507587566e-07	1.800000e+00
3.500001013187630e-07	1.800000e+00
3.500002024387760e-07	1.800000e+00
3.500004046788020e-07	1.800000e+00
3.500008091588538e-07	1.800000e+00
3.500015531495644e-07	1.800000e+00
3.500024490957494e-07	1.800000e+00
3.500040502439763e-07	1.800000e+00
3.500072525404301e-07	1.800000e+00
3.500136571333377e-07	1.800000e+00
3.500264663191529e-07	1.800000e+00
3.500417419304022e-07	1.800000e+00
3.500678777416377e-07	1.800000e+00
3.501143024345959e-07	1.800000e+00
3.502071518205122e-07	1.800000e+00
3.503142802935326e-07	1.800000e+00
3.504724555317347e-07	1.800000e+00
3.506674573039541e-07	1.800000e+00
3.510025154370193e-07	1.800000e+00
3.513568179638764e-07	1.800000e+00
3.519741353712036e-07	1.800000e+00
3.526789053777366e-07	1.800000e+00
3.533309200001751e-07	1.800000e+00
3.540716015485113e-07	1.800000e+00
3.549990238391962e-07	1.800000e+00
3.562274143655999e-07	1.800000e+00
3.573720649455665e-07	1.800000e+00
3.593388178522122e-07	1.800000e+00
3.613308091561013e-07	1.800000e+00
3.650598850792186e-07	1.800000e+00
3.688484269856513e-07	1.800000e+00
3.737312394856513e-07	1.800000e+00
4.451171875000000e-07	1.800000e+00
4.500000000000000e-07	1.800000e+00
4.500000000012500e-07	1.800000e+00
4.500000000047500e-07	1.800000e+00
4.500000000057500e-07	1.800000e+00
4.500000000067500e-07	1.800000e+00
4.500000000077500e-07	1.800000e+00
4.500000000097500e-07	1.800000e+00
4.500000000137500e-07	1.800000e+00
4.500000000217500e-07	1.800000e+00
4.500000000377500e-07	1.800000e+00
4.500000000697500e-07	1.800000e+00
4.500000000707499e-07	1.800000e+00
4.500000000727499e-07	1.800000e+00
4.500000000767500e-07	1.800000e+00
4.500000000847500e-07	1.800000e+00
4.500000001000001e-07	1.800000e+00
4.500000001010000e-07	1.800000e+00
4.500000188292857e-07	1.800000e+00
4.500000375575715e-07	1.800000e+00
4.500000562858572e-07	1.800000e+00
4.500000750141429e-07	1.800000e+00
4.500000937424286e-07	1.800000e+00
4.500001124707143e-07	1.800000e+00
4.500001311990000e-07	1.800000e+00
4.500002622710001e-07	1.800000e+00
4.500005244150001e-07	1.800000e+00
4.500010487030000e-07	1.800000e+00
4.500020972790001e-07	1.800000e+00
4.500041944310001e-07	1.800000e+00
4.500076534056565e-07	1.800000e+00
4.500108307647747e-07	1.800000e+00
4.500150429189693e-07	1.800000e+00
4.500196120760720e-07	1.800000e+00
4.500260387265494e-07	1.800000e+00
4.500333231331588e-07	1.800000e+00
4.500435717971344e-07	1.800000e+00
4.500562558541941e-07	1.800000e+00
4.500761665798738e-07	1.800000e+00
4.501063015835508e-07	1.800000e+00
4.501665715909050e-07	1.800000e+00
4.502871116056133e-07	1.800000e+00
4.504744443819033e-07	1.800000e+00
4.506537359978124e-07	1.800000e+00
4.508778438874468e-07	1.800000e+00
4.511237688191208e-07	1.800000e+00
4.514240365153598e-07	1.800000e+00
4.517432477897951e-07	1.800000e+00
4.521955351001131e-07	1.800000e+00
4.528406407159207e-07	1.800000e+00
4.538619154731883e-07	1.800000e+00
4.548741343114922e-07	1.800000e+00
4.563288683580221e-07	1.800000e+00
4.574793932046768e-07	1.800000e+00
4.584836294731385e-07	1.800000e+00
4.595487682108603e-07	1.800000e+00
4.603046156687701e-07	1.800000e+00
4.611761415556155e-07	1.800000e+00
4.622371344834790e-07	1.800000e+00
4.627697058146172e-07	1.800000e+00
4.631517675417722e-07	1.800000e+00
4.635275036065310e-07	1.800000e+00
4.639591839846014e-07	1.800000e+00
4.642282636854984e-07	1.800000e+00
4.645535090137987e-07	1.800000e+00
4.648993324986943e-07	1.800000e+00
4.653681529161136e-07	1.800000e+00
4.659330391300345e-07	1.800000e+00
4.665499967592379e-07	1.800000e+00
4.673341212875769e-07	1.800000e+00
4.683059791400268e-07	1.800000e+00
4.696378450157252e-07	1.800000e+00
4.713381897476619e-07	1.800000e+00
4.733104601738396e-07	1.800000e+00
4.756700853980132e-07	1.800000e+00
4.792821894373507e-07	1.800000e+00
4.841650019373507e-07	1.800000e+00
4.890478144373508e-07	1.800000e+00
4.939306269373508e-07	1.800000e+00
4.988134394373508e-07	1.800000e+00
5.036962519373508e-07	1.800000e+00
5.134618769373508e-07	1.800000e+00
5.476063052205246e-07	1.800000e+00
5.500000001000001e-07	1.800000e+00
5.500000001012501e-07	1.800000e+00
5.500000001037501e-07	1.800000e+00
5.500000001087502e-07	1.800000e+00
5.500000001100002e-07	1.800000e+00
5.500000001125002e-07	1.800000e+00
5.500000004624997e-07	1.800000e+00
5.500000006374995e-07	1.800000e+00
5.500000133874820e-07	1.800000e+00
5.500000261374645e-07	1.800000e+00
5.500000388874470e-07	1.800000e+00
5.500000516374295e-07	1.800000e+00
5.500000643874120e-07	1.800000e+00
5.500000771373945e-07	1.800000e+00
5.500000898873769e-07	1.800000e+00
5.500001794872539e-07	1.800000e+00
5.500003586870079e-07	1.800000e+00
5.500007170865159e-07	1.800000e+00
5.500014338855319e-07	1.800000e+00
5.500028674835639e-07	1.800000e+00
5.500057346796278e-07	1.800000e+00
5.500114690717556e-07	1.800000e+00
5.500229378560112e-07	1.800000e+00
5.500458754245224e-07	1.800000e+00
5.500917505615449e-07	1.800000e+00
5.501835008355899e-07	1.800000e+00
5.503670013836798e-07	1.800000e+00
5.506742152639137e-07	1.800000e+00
5.510435682788011e-07	1.800000e+00
5.517822743085758e-07	1.800000e+00
5.532596863681252e-07	1.800000e+00
5.547651110583283e-07	1.800000e+00
5.569891507195938e-07	1.800000e+00
5.600000001000000e-07	1.800000e+00
5.600085294284379e-07	1.800000e+00
5.600255880853136e-07	1.800000e+00
5.600297288715485e-07	1.800000e+00
5.600348799072667e-07	1.800000e+00
5.600451819787030e-07	1.800000e+00
5.600621230043550e-07	1.800000e+00
5.600886813376943e-07	1.800000e+00
5.601417980043731e-07	1.800000e+00
5.602287606771490e-07	1.800000e+00
5.604026860227010e-07	1.800000e+00
5.607505367138049e-07	1.800000e+00
5.612671734382724e-07	1.800000e+00
5.623004468872074e-07	1.800000e+00
5.635404602674607e-07	1.800000e+00
5.653670463039466e-07	1.800000e+00
5.678778854007796e-07	1.800000e+00
5.718341333305600e-07	1.800000e+00
5.767169458305600e-07	1.800000e+00
5.864825708305601e-07	1.800000e+00
6.890216333305603e-07	1.800000e+00
6.939044458305603e-07	1.800000e+00
6.975426708388795e-07	1.800000e+00
7.000000000000001e-07	1.790197e+00
7.000011920928955e-07	1.788244e+00
7.000035762786866e-07	1.792530e+00
7.000041690303172e-07	1.798424e+00
7.000048898398261e-07	1.804045e+00
7.000061768534127e-07	1.805503e+00
7.000073822098912e-07	1.804755e+00
7.000097929228483e-07	1.802896e+00
7.000139687136026e-07	1.801044e+00
7.000208764214959e-07	1.799782e+00
7.000284160469531e-07	1.799448e+00
7.000402357945062e-07	1.799543e+00
7.000580203226354e-07	1.799838e+00
7.000743024721978e-07	1.800050e+00
7.000904922147870e-07	1.800171e+00
7.001077425788478e-07	1.800229e+00
7.001115064248878e-07	1.800229e+00
7.001124473863978e-07	1.800228e+00
7.001143293094178e-07	1.800228e+00
7.001180931554578e-07	1.800229e+00
7.001209160399878e-07	1.800231e+00
7.001246798860278e-07	1.800231e+00
7.001322075781078e-07	1.800207e+00
7.001472629622679e-07	1.799744e+00
7.001773737305879e-07	1.795077e+00
7.002097455862127e-07	1.779681e+00
7.002288766957502e-07	1.755871e+00
7.002440270335718e-07	1.713061e+00
7.002581140751239e-07	1.630442e+00
7.002781428615912e-07	1.449800e+00
7.002807912717855e-07	1.416955e+00
7.002860880921742e-07	1.328174e+00
7.002966817329514e-07	1.092970e+00
7.003054009116644e-07	8.205498e-01
7.003145430675838e-07	4.605364e-01
7.003207623501710e-07	2.250157e-01
7.003260604773273e-07	9.179150e-02
7.003325890603166e-07	2.117474e-02
7.003382107631064e-07	4.354969e-03
7.003456300683960e-07	1.342122e-03
7.003536291662410e-07	7.905074e-04
7.003696273619311e-07	5.752267e-04
7.004016237533112e-07	3.911180e-04
7.004616795454044e-07	2.630188e-04
7.005352349779724e-07	1.886117e-04
7.006212346650897e-07	1.422376e-04
7.006963810134375e-07	9.119375e-05
7.007564547172944e-07	3.926911e-05
7.008353378918362e-07	-6.323320e-06
7.008884440703435e-07	-1.176334e-05
7.009683668338598e-07	-8.899451e-06
7.010557890416037e-07	-7.816297e-06
7.012306334570913e-07	-6.135176e-06
7.015803222880666e-07	-3.744484e-06
7.019385795637186e-07	-2.306479e-06
7.023611771963861e-07	-1.356020e-06
7.028437469973033e-07	-7.811263e-07
7.035604131758036e-07	-3.369974e-07
7.043437725158913e-07	-1.459943e-07
7.054961622852244e-07	-1.465872e-05
7.056735601814154e-07	-1.127641e-05
7.060283559737973e-07	1.182000e-08
7.061170549218928e-07	9.190377e-09
7.062944528180838e-07	-7.310138e-09
7.066048991364181e-07	-4.347910e-09
7.069596949288000e-07	-1.669102e-09
7.076692865135638e-07	1.793633e-09
7.090884696830914e-07	5.300618e-09
7.109774379660968e-07	7.158708e-09
7.147553745321075e-07	8.445207e-09
7.196381870321075e-07	8.881729e-09
7.245209995321075e-07	7.913378e-09
7.294038120321075e-07	5.859668e-09
7.342866245321076e-07	3.911756e-09
7.391694370321076e-07	2.715211e-09
7.440522495321076e-07	2.060056e-09
7.489350620321076e-07	1.676782e-09
7.538178745321076e-07	1.439558e-09
7.587006870321076e-07	1.287045e-09
7.635834995321076e-07	1.188840e-09
7.684663120321076e-07	1.124724e-09
7.733491245321077e-07	1.083186e-09
7.782319370321077e-07	1.055993e-09
7.831147495321077e-07	1.038345e-09
7.879975620321077e-07	1.026783e-09
7.894238377631648e-07	1.024095e-09
7.908501134942220e-07	1.021688e-09
7.922763892252791e-07	1.019562e-09
7.937026649563362e-07	1.017717e-09
7.951289406873934e-07	1.016152e-09
7.965552164184506e-07	1.014868e-09
7.979814921495077e-07	1.013865e-09
8.000000001000000e-07	-6.024920e-05
8.000058380808030e-07	-2.546729e-05
8.000175140424090e-07	8.750535e-05
8.000203441793600e-07	5.060180e-05
8.000239114575185e-07	-7.163868e-06
8.000310460138355e-07	-2.715566e-06
8.000453151264693e-07	-1.103407e-06
8.000729863027298e-07	-3.319317e-07
8.001271463599761e-07	-4.934193e-08
8.001904126385435e-07	5.202079e-09
8.002572143978132e-07	-1.949805e-09
8.003461756679436e-07	3.296731e-09
8.004876187552510e-07	-6.744448e-10
8.007705049298657e-07	8.977733e-10
8.010306948742188e-07	6.228118e-10
8.013649226726423e-07	1.381254e-09
8.018388081216849e-07	8.105113e-10
8.024470066520960e-07	9.812949e-10
8.030297076013425e-07	7.909559e-10
8.038765006233943e-07	1.119438e-09
8.049970831033064e-07	8.810386e-10
8.067398028345005e-07	1.017079e-09
8.085775365461151e-07	9.552397e-10
8.109880213091450e-07	1.036725e-09
8.139930999856575e-07	9.645769e-10
8.184064064130783e-07	1.013439e-09
8.232892189130783e-07	1.004885e-09
8.330548439130783e-07	1.004835e-09
8.428204689130784e-07	1.091671e-09
8.451171875000001e-07	-1.140971e-10
8.459853134784697e-07	1.319857e-09
8.476849973907480e-07	1.334242e-09
8.487693626060526e-07	9.656059e-10
8.500000000000001e-07	-7.357986e-08
8.500034624364883e-07	-5.230251e-08
8.500103873094649e-07	5.355083e-09
8.500120715091399e-07	6.001504e-09
8.500141715718066e-07	1.859493e-09
8.500183716971399e-07	8.576048e-10
8.500242219509071e-07	8.868311e-10
8.500354582821595e-07	9.817234e-10
8.500527079141946e-07	1.000907e-09
8.500801767387966e-07	1.005827e-09
8.501151175055407e-07	1.006369e-09
8.501656781646511e-07	1.006720e-09
8.502420364430975e-07	1.005851e-09
8.503731073978277e-07	1.005598e-09
8.505772484921288e-07	1.005226e-09
8.508583166845541e-07	1.005135e-09
8.512515311331625e-07	1.005031e-09
8.518028306949308e-07	1.005071e-09
8.523856480024475e-07	1.005138e-09
8.529422208285350e-07	1.005183e-09
8.535672755986127e-07	1.005177e-09
8.541886163716315e-07	1.005147e-09
8.548483981799627e-07	1.005114e-09
8.556377052630044e-07	1.005126e-09
8.565770045610363e-07	1.005136e-09
8.576990297584540e-07	1.005147e-09
8.588723839862175e-07	1.005133e-09
8.604873787961182e-07	1.005135e-09
8.620688220784861e-07	1.005134e-09
8.646025737621760e-07	1.005138e-09
8.670546257955757e-07	1.005134e-09
8.709031021559387e-07	1.005139e-09
8.754324676618536e-07	1.005138e-09
8.803152801618536e-07	1.005138e-09
8.851980926618536e-07	1.005138e-09
8.900809051618536e-07	1.005138e-09
8.949637176618536e-07	1.005138e-09
8.998465301618537e-07	1.005138e-09
9.047293426618537e-07	1.005138e-09
9.096121551618537e-07	1.005138e-09
9.144949676618537e-07	1.005138e-09
9.242605926618537e-07	1.005138e-09
9.291434051618537e-07	1.005138e-09
9.340262176618538e-07	1.005138e-09
9.389090301618538e-07	1.005138e-09
9.437918426618538e-07	1.005148e-09
9.473493103237075e-07	1.005137e-09
9.500000000000001e-07	9.997628e-10
9.500079779521687e-07	9.993966e-10
9.500239338565061e-07	9.957912e-10
9.500277823614321e-07	9.947188e-10
9.500326894629883e-07	9.949468e-10
9.500425036661008e-07	9.979632e-10
9.500621320723258e-07	1.002762e-09
9.501013888847758e-07	1.006634e-09
9.501537167614043e-07	1.007345e-09
9.502054226140084e-07	1.006796e-09
9.502873590610337e-07	1.006074e-09
9.504226562401985e-07	1.005518e-09
9.506571248642959e-07	1.005193e-09
9.508824143921392e-07	1.005111e-09
9.511909873431650e-07	1.005083e-09
9.516127743627446e-07	1.005077e-09
9.523011868312557e-07	1.005100e-09
9.530559416061666e-07	1.005130e-09
9.539761663857528e-07	1.005149e-09
9.552121340472752e-07	1.005146e-09
9.563856035119556e-07	1.005136e-09
9.578656473768083e-07	1.005136e-09
9.594347235215569e-07	1.005139e-09
9.611640442178353e-07	1.005139e-09
9.646226856103921e-07	1.005138e-09
9.685557784179136e-07	1.005138e-09
9.734385909179136e-07	1.005138e-09
9.783214034179136e-07	1.005138e-09
9.832042159179136e-07	1.005138e-09
9.880870284179136e-07	1.005138e-09
9.929698409179136e-07	1.005138e-09
1.002735465917914e-06	1.005138e-09
1.045117187600000e-06	1.005138e-09
1.050000000100000e-06	1.005138e-09
1.054882812600000e-06	1.005142e-09
1.055117187600000e-06	1.005140e-09
1.055585937600000e-06	1.005137e-09
1.056523437599999e-06	1.005138e-09
1.058125000100001e-06	1.005138e-09
1.060000000100000e-06	8.899691e-10
1.060005218156410e-06	8.881010e-10
1.060015654269229e-06	1.041629e-09
1.060018196605665e-06	1.123724e-09
1.060021332650962e-06	1.168034e-09
1.060027604741556e-06	1.118067e-09
1.060035076080919e-06	1.065567e-09
1.060050018759644e-06	1.023138e-09
1.060079904117095e-06	1.003749e-09
1.060114286921564e-06	1.003569e-09
1.060183052530503e-06	1.004875e-09
1.060320583748380e-06	1.005048e-09
1.060595646184134e-06	1.005122e-09
1.060992482097724e-06	1.005141e-09
1.061734270094413e-06	1.005134e-09
1.062935811360653e-06	1.005135e-09
1.064249383409563e-06	1.005136e-09
1.066071709272937e-06	1.005137e-09
1.068275382621110e-06	1.005137e-09
1.071767131215823e-06	1.005138e-09
1.076543884328357e-06	1.005138e-09
1.091192321828357e-06	1.005138e-09
1.188848571828357e-06	1.005138e-09
1.193731384328357e-06	1.005139e-09
1.197228393656714e-06	1.005138e-09
1.200000000000000e-06	2.584352e-05
1.200008200979848e-06	1.717192e-05
1.200024602939545e-06	1.115796e-05
1.200028566416356e-06	2.146677e-05
1.200033591207828e-06	2.231091e-05
1.200043640790770e-06	5.564390e-06
1.200062116037144e-06	5.205736e-06
1.200099066529890e-06	1.662821e-06
1.200154481650186e-06	3.358426e-07
1.200223370551209e-06	-5.851587e-07
1.200314553491213e-06	-7.069996e-07
1.200438107348008e-06	-8.002869e-07
1.200628846279059e-06	-5.568697e-07
1.200984061647256e-06	-4.230313e-07
1.201650609874816e-06	-1.686548e-07
1.202719320465264e-06	-3.558313e-08
1.203882509899979e-06	9.130881e-09
1.205561945347543e-06	-2.336255e-09
1.207896010314912e-06	-2.878854e-09
1.212564140249650e-06	-9.340225e-09
1.217446952749650e-06	-7.008111e-09
1.222329765249650e-06	-4.883759e-09
1.227212577749650e-06	-3.339665e-09
1.232095390249650e-06	-2.164370e-09
1.236978202749650e-06	-1.326953e-09
1.241861015249650e-06	-7.187282e-10
1.246743827749650e-06	-2.924025e-10
1.251626640249650e-06	9.322321e-12
1.256509452749650e-06	2.200977e-10
1.261392265249650e-06	3.656169e-10
1.266275077749650e-06	4.686171e-10
1.271157890249650e-06	5.375114e-10
1.276040702749650e-06	5.882157e-10
1.280923515249650e-06	6.200480e-10
1.285806327749650e-06	6.452865e-10
1.290689140249650e-06	6.593837e-10
1.295571952749650e-06	2.690709e-10
1.300000000100000e-06	-2.159112e-05
1.300009536843164e-06	-3.433118e-06
1.300028610329492e-06	2.810207e-05
1.300033397298039e-06	1.202475e-06
1.300039126956234e-06	-1.978733e-05
1.300050586272623e-06	-7.591156e-07
1.300071771410672e-06	-9.457513e-07
1.300114141686771e-06	-1.653441e-08
1.300158562212093e-06	-1.200783e-07
1.300217683051806e-06	2.909641e-08
1.300280645977672e-06	-9.028510e-08
1.300378154786427e-06	3.862191e-08
1.300506178618449e-06	-5.332087e-08
1.300762226282493e-06	7.605481e-09
1.301052661973254e-06	-5.922649e-09
1.301393282689292e-06	1.338859e-08
1.301897093237505e-06	-3.073696e-09
1.302495752942700e-06	6.363869e-09
1.303296176300200e-06	-3.337643e-09
1.304403800330262e-06	4.819298e-09
1.306078192986006e-06	-7.359335e-10
1.308270310834552e-06	2.019225e-09
1.310936639194306e-06	5.575907e-10
1.313893296236153e-06	1.932998e-09
1.317687395841343e-06	2.926106e-10
1.322570208341343e-06	1.015565e-09
1.327453020841343e-06	1.012836e-09
1.345117187500000e-06	-5.302913e-10
1.350000000000000e-06	-2.530709e-06
1.350009536743164e-06	-1.713064e-06
1.350028610229492e-06	1.085790e-07
1.350033383536264e-06	6.579088e-08
1.350039027470455e-06	-1.988792e-08
1.350048841925227e-06	4.162157e-09
1.350061351527363e-06	-1.119029e-09
1.350084366927947e-06	1.652348e-09
1.350119995068055e-06	7.058946e-10
1.350173386246234e-06	1.172361e-09
1.350250271185267e-06	8.993510e-10
1.350364457273209e-06	1.078958e-09
1.350541465108143e-06	9.663034e-10
1.350797360893701e-06	1.026542e-09
1.351138660296431e-06	9.854892e-10
1.351634902187883e-06	1.008391e-09
1.352173214560985e-06	1.001901e-09
1.352757120580573e-06	1.004066e-09
1.353320621745395e-06	1.004368e-09
1.353895297496366e-06	1.007878e-09
1.354515054233594e-06	9.989478e-10
1.355281824441770e-06	1.002376e-09
1.355972099596346e-06	1.000128e-09
1.356807687985489e-06	1.009360e-09
1.357827199239127e-06	1.004514e-09
1.358879952935800e-06	1.005806e-09
1.359970066365413e-06	1.002163e-09
1.361280940190440e-06	1.005685e-09
1.362640834553213e-06	1.002017e-09
1.364394049588896e-06	1.005456e-09
1.366198374023784e-06	1.001544e-09
1.368955108406317e-06	1.006097e-09
1.372163258682124e-06	1.003670e-09
1.376452527659875e-06	1.005668e-09
1.381335340159875e-06	1.005136e-09
1.386218152659875e-06	1.005140e-09
1.391100965159875e-06	1.005136e-09
1.395983777659875e-06	1.005140e-09
1.400866590159875e-06	1.005136e-09
1.405749402659875e-06	1.005140e-09
1.410632215159875e-06	1.005136e-09
1.415515027659875e-06	1.005140e-09
1.420397840159875e-06	1.005136e-09
1.425280652659875e-06	1.005140e-09
1.430163465159875e-06	1.005136e-09
1.435046277659875e-06	1.005140e-09
1.439929090159875e-06	1.005136e-09
1.444811902659875e-06	9.493811e-10
1.445117187500000e-06	9.752685e-10
1.445727757180250e-06	1.019844e-09
1.446948896540751e-06	1.019668e-09
1.447557721278999e-06	1.019691e-09
1.448775370755496e-06	1.005024e-09
1.450000000000000e-06	-3.077519e-09
1.450003700716358e-06	-1.880669e-09
1.450011102149075e-06	1.295386e-09
1.450012886756387e-06	1.302909e-09
1.450015163265011e-06	1.049844e-09
1.450019716282259e-06	9.871395e-10
1.450028822316755e-06	9.817971e-10
1.450040173099784e-06	9.873795e-10
1.450055017729698e-06	9.969308e-10
1.450073809595788e-06	1.005524e-09
1.450101076647219e-06	1.010223e-09
1.450134698308221e-06	1.010703e-09
1.450180972007120e-06	1.009204e-09
1.450240697233953e-06	1.007675e-09
1.450327625493102e-06	1.006461e-09
1.450448483136497e-06	1.005739e-09
1.450648919119679e-06	1.005310e-09
1.450889101433691e-06	1.005134e-09
1.451240526270080e-06	1.005041e-09
1.451727762959270e-06	1.005026e-09
1.452345439775030e-06	1.005066e-09
1.453009195890659e-06	1.005110e-09
1.453780958854830e-06	1.005141e-09
1.454923359883950e-06	1.005157e-09
1.456137911821535e-06	1.005143e-09
1.457233882477160e-06	1.005133e-09
1.458808381186467e-06	1.005137e-09
1.460249563813850e-06	1.005140e-09
1.461887350574071e-06	1.005138e-09
1.465162924094511e-06	1.005138e-09
1.468202991214068e-06	1.005138e-09
1.473085803714068e-06	1.005138e-09
1.477968616214068e-06	1.005138e-09
1.482851428714068e-06	1.005138e-09
1.487734241214068e-06	1.005138e-09
1.492617053714069e-06	1.005138e-09
1.497499866214069e-06	1.005138e-09
1.507265491214069e-06	1.005138e-09
1.512148303714069e-06	1.005138e-09
1.545117187600000e-06	1.005138e-09
1.550000000100000e-06	1.005138e-09
1.554882812600000e-06	1.005145e-09
1.555117187600000e-06	1.005142e-09
1.555585937600000e-06	1.005136e-09
1.556523437599999e-06	1.005138e-09
1.558125000100001e-06	1.005138e-09
1.560000000100000e-06	8.884285e-10
1.560005069668511e-06	8.830276e-10
1.560015208805532e-06	1.022319e-09
1.560017688544165e-06	1.106443e-09
1.560020703587901e-06	1.159020e-09
1.560026733675373e-06	1.120563e-09
1.560032445629819e-06	1.079035e-09
1.560043869538710e-06	1.036116e-09
1.560065104594277e-06	1.008023e-09
1.560091340158262e-06	1.003240e-09
1.560143811286231e-06	1.004653e-09
1.560248753542168e-06	1.005146e-09
1.560458638054043e-06	1.005137e-09
1.560788634972347e-06	1.005149e-09
1.561318432400275e-06	1.005135e-09
1.562274951115512e-06	1.005135e-09
1.563554979092410e-06	1.005135e-09
1.564919466851512e-06	1.005137e-09
1.567049064586436e-06	1.005137e-09
1.570013047401444e-06	1.005138e-09
1.573975174493876e-06	1.005138e-09
1.583740799493876e-06	1.005138e-09
1.627686111993876e-06	1.005138e-09
1.695117187500000e-06	1.005138e-09
1.700000000000000e-06	1.976314e-04
1.700001192092896e-06	1.548485e-04
1.700003576278687e-06	-1.432531e-04
1.700004174671956e-06	-1.552606e-04
1.700004894016563e-06	-8.679753e-05
1.700006332705779e-06	-3.431603e-05
1.700009210084209e-06	3.552301e-06
1.700014964841071e-06	1.896685e-05
1.700026474354795e-06	1.260601e-05
1.700040839981447e-06	4.875770e-06
1.700061113170748e-06	1.612915e-06
1.700091880910632e-06	3.469908e-07
1.700140353371610e-06	-7.086761e-08
1.700208506272583e-06	-3.488838e-07
1.700323831255089e-06	-5.462162e-07
1.700534921397910e-06	-5.300818e-07
1.700765552178700e-06	-3.993096e-07
1.701199363317388e-06	-2.133778e-07
1.701864029878527e-06	-6.953279e-08
1.703193363000803e-06	1.583354e-08
1.705081334021927e-06	1.801230e-08
1.708201572073482e-06	-7.709939e-09
1.711608708288846e-06	-1.478146e-08
1.716491520788846e-06	-1.427341e-08
1.721374333288846e-06	-1.198844e-08
1.726257145788846e-06	-8.687863e-09
1.731139958288846e-06	-5.982212e-09
1.736022770788846e-06	-3.857554e-09
1.740905583288846e-06	-2.357247e-09
1.745788395788846e-06	-1.285290e-09
1.750671208288846e-06	-5.514167e-10
1.755554020788846e-06	-4.464340e-11
1.760436833288846e-06	2.971525e-10
1.765319645788846e-06	5.283063e-10
1.770202458288846e-06	6.870167e-10
1.775085270788846e-06	7.918608e-10
1.779968083288846e-06	8.633982e-10
1.784850895788846e-06	9.097469e-10
1.789733708288846e-06	9.421122e-10
1.795117187600000e-06	1.379370e-09
1.798121188466926e-06	9.626107e-10
1.800000000100000e-06	-1.891198e-05
1.800012465071219e-06	-4.368459e-06
1.800037395013657e-06	1.142054e-05
1.800042854967387e-06	-5.185708e-06
1.800050768593646e-06	-1.574027e-05
1.800066052852375e-06	-1.179704e-07
1.800082610068584e-06	-1.368582e-06
1.800115724501002e-06	-8.928395e-09
1.800147807794061e-06	-3.198134e-07
1.800197125187160e-06	-1.537870e-08
1.800242228415751e-06	-1.744490e-07
1.800313168675072e-06	1.944970e-08
1.800386821523033e-06	-1.020475e-07
1.800515728271037e-06	3.670097e-08
1.800692699202301e-06	-9.739193e-09
1.800891405763019e-06	2.016949e-08
1.801153401750953e-06	-1.028659e-09
1.801422499546663e-06	2.078216e-08
1.801842914368164e-06	-8.212110e-09
1.802416102955408e-06	1.137785e-08
1.803397764549672e-06	-2.533676e-09
1.804698807936875e-06	6.420426e-09
1.807300894711282e-06	1.505195e-09
1.809684022694656e-06	1.326555e-09
1.812197168250192e-06	-2.169860e-10
1.815426803909478e-06	1.558240e-09
1.819117737822668e-06	4.361445e-10
1.823479573075619e-06	1.357962e-09
1.828362385575619e-06	1.015451e-09
1.833245198075619e-06	1.018634e-09
1.838128010575619e-06	1.015565e-09
1.843010823075619e-06	-2.703224e-09
1.845117187500000e-06	1.496440e-08
1.845787271151238e-06	1.127061e-08
1.847127438453713e-06	6.078618e-08
1.847704119277725e-06	-1.613133e-08
1.848473027043074e-06	9.425158e-09
1.850000000000000e-06	3.936670e-06
1.850000745592264e-06	3.288307e-06
1.850002236776793e-06	1.022743e-06
1.850002609498476e-06	6.890770e-07
1.850003060135344e-06	5.050477e-07
1.850003961409079e-06	2.884461e-07
1.850005763956549e-06	1.030526e-07
1.850009369051490e-06	1.147919e-08
1.850014515725486e-06	-4.040641e-10
1.850020514320020e-06	9.713080e-10
1.850028265061137e-06	7.357178e-10
1.850039500344859e-06	1.009290e-09
1.850059292137491e-06	1.065949e-09
1.850079369419632e-06	1.079197e-09
1.850110321167034e-06	1.034849e-09
1.850149418218253e-06	1.023579e-09
1.850218937023670e-06	1.010262e-09
1.850308155909167e-06	1.008823e-09
1.850447650889622e-06	1.006046e-09
1.850612096833943e-06	1.006084e-09
1.850838673477812e-06	1.005082e-09
1.851091853115744e-06	1.005032e-09
1.851446558251329e-06	1.004467e-09
1.851942839732177e-06	1.004909e-09
1.852589350189027e-06	1.005043e-09
1.853178498675026e-06	1.005152e-09
1.853757902780746e-06	1.005255e-09
1.854358503277441e-06	1.005176e-09
1.854813530950644e-06	1.005125e-09
1.855384495572168e-06	1.005068e-09
1.855912743307845e-06	1.004980e-09
1.856565222769405e-06	1.005114e-09
1.857302445150364e-06	1.005133e-09
1.858059264483200e-06	1.005192e-09
1.858850900315560e-06	1.005132e-09
1.859763046650765e-06	1.005130e-09
1.860696735045955e-06	1.005082e-09
1.861833705513887e-06	1.005134e-09
1.862914683433934e-06	1.005112e-09
1.864287531697302e-06	1.005142e-09
1.865716277689502e-06	1.005109e-09
1.867465148111621e-06	1.005152e-09
1.869420326699546e-06	1.005116e-09
1.872032776906150e-06	1.005144e-09
1.874951868092063e-06	1.005113e-09
1.879834680592063e-06	1.005138e-09
1.884717493092063e-06	1.005138e-09
1.889600305592063e-06	1.005138e-09
1.894483118092063e-06	1.005138e-09
1.899365930592063e-06	1.005138e-09
1.904248743092063e-06	1.005138e-09
1.909131555592063e-06	1.005138e-09
1.914014368092063e-06	1.005138e-09
1.918897180592063e-06	1.005138e-09
1.923779993092063e-06	1.005138e-09
1.928662805592062e-06	1.005138e-09
1.933545618092062e-06	1.005138e-09
1.938428430592062e-06	1.005138e-09
1.943311243092062e-06	1.005201e-09
1.945117187500000e-06	1.005097e-09
1.946388111184123e-06	1.005164e-09
1.947458152631754e-06	1.004865e-09
1.947859917104739e-06	1.004919e-09
1.948663446050709e-06	1.005225e-09
1.950000000000000e-06	1.043310e-09
1.950004063277917e-06	1.028472e-09
1.950012189833750e-06	9.831803e-10
1.950014148871078e-06	9.779373e-10
1.950016648605380e-06	9.722892e-10
1.950021648073984e-06	9.606183e-10
1.950031647011192e-06	9.532978e-10
1.950047272624737e-06	9.675822e-10
1.950063764246468e-06	9.926755e-10
1.950086064851159e-06	1.014723e-09
1.950113747526739e-06	1.020870e-09
1.950152958286374e-06	1.017142e-09
1.950200802892841e-06	1.012534e-09
1.950266653203331e-06	1.009212e-09
1.950346342355435e-06	1.007335e-09
1.950449884074630e-06	1.006247e-09
1.950570715462467e-06	1.005691e-09
1.950733914331519e-06	1.005352e-09
1.950938072652634e-06	1.005125e-09
1.951223413233046e-06	1.004963e-09
1.951666193662021e-06	1.004917e-09
1.952208655617277e-06	1.004997e-09
1.952813570192151e-06	1.005079e-09
1.953453025828020e-06	1.005127e-09
1.954323432509617e-06	1.005159e-09
1.955111707066086e-06	1.005156e-09
1.956090860402949e-06	1.005138e-09
1.957130692175435e-06	1.005132e-09
1.958636146642811e-06	1.005139e-09
1.960180623472353e-06	1.005141e-09
1.961714380460793e-06	1.005138e-09
1.963691320541190e-06	1.005138e-09
1.965646662635578e-06	1.005139e-09
1.968142033424401e-06	1.005138e-09
1.973024845924400e-06	1.005138e-09
1.977907658424400e-06	1.005138e-09
1.982790470924400e-06	1.005138e-09
1.987673283424400e-06	1.005138e-09
1.992556095924400e-06	1.005138e-09
1.997438908424399e-06	1.005138e-09
2.002321720924399e-06	1.005138e-09
2.045117187600000e-06	1.005138e-09
2.050000000100000e-06	1.005138e-09
2.054882812600000e-06	1.005143e-09
2.055117187600001e-06	1.005141e-09
2.055585937600002e-06	1.005137e-09
2.056523437600005e-06	1.005137e-09
2.058125000099995e-06	1.005138e-09
2.060000000100000e-06	8.985531e-10
2.060004812414340e-06	8.873733e-10
2.060014437043020e-06	9.854538e-10
2.060016807871923e-06	1.062203e-09
2.060019619407639e-06	1.123325e-09
2.060023717256724e-06	1.117777e-09
2.060028024210720e-06	1.092614e-09
2.060035619154143e-06	1.057918e-09
2.060046473422735e-06	1.028829e-09
2.060066499488237e-06	1.010454e-09
2.060106551619241e-06	1.005012e-09
2.060170812209566e-06	1.005442e-09
2.060299333390216e-06	1.005428e-09
2.060556375751516e-06	1.005214e-09
2.060926392175578e-06	1.005155e-09
2.061435226606517e-06	1.005133e-09
2.062307727620396e-06	1.005133e-09
2.063521287113378e-06	1.005133e-09
2.064684916644281e-06	1.005136e-09
2.066761478861329e-06	1.005137e-09
2.069181727780868e-06	1.005138e-09
2.074022225619946e-06	1.005138e-09
2.078905038119946e-06	1.005138e-09
2.083787850619946e-06	1.005138e-09
2.088670663119945e-06	1.005138e-09
2.098436288119945e-06	1.005138e-09
2.103319100619945e-06	1.005138e-09
2.108201913119945e-06	1.005138e-09
2.113084725619944e-06	1.005138e-09
2.117967538119944e-06	1.005138e-09
2.195117187500000e-06	1.005138e-09
2.200000000000000e-06	2.561555e-05
2.200014244322660e-06	2.090957e-05
2.200042732967980e-06	5.868891e-06
2.200049626468839e-06	1.656296e-06
2.200058351535054e-06	-3.975978e-06
2.200074908569261e-06	-5.180057e-06
2.200104122130694e-06	-1.032224e-06
2.200162549253559e-06	-1.341215e-06
2.200279403499289e-06	-6.477337e-07
2.200513111990750e-06	-6.018251e-07
2.200791041773148e-06	-1.051707e-05
2.200843354022836e-06	-8.384268e-06
2.200947978522211e-06	-2.512585e-07
2.201157227520963e-06	-2.840783e-07
2.201209539770651e-06	-1.616225e-07
2.201222617833073e-06	-1.161486e-07
2.201248773957916e-06	-7.952094e-08
2.201255312989127e-06	-7.246183e-08
2.201268391051549e-06	-6.352207e-08
2.201294547176393e-06	-5.139038e-08
2.201346859426081e-06	-3.600701e-08
2.201451483925457e-06	-1.584438e-08
2.201660732924208e-06	1.076194e-08
2.202079230921711e-06	3.808666e-08
2.202880814585850e-06	4.927567e-08
2.203902131569737e-06	3.485184e-08
2.205944765537511e-06	-2.435519e-09
2.208101695134570e-06	-2.098322e-08
2.210722835300739e-06	-1.987535e-08
2.212340758040010e-06	-1.366780e-08
2.214386481432738e-06	-6.303081e-09
2.216718384093597e-06	-1.860068e-09
2.220391747194267e-06	5.706660e-10
2.223048285356677e-06	1.009957e-09
2.223658636919177e-06	-7.283811e-09
2.224756346577666e-06	-1.012981e-06
2.225149805863585e-06	-4.702536e-06
2.225406671411149e-06	-1.429692e-05
2.225564197753039e-06	-3.350582e-05
2.225675615399866e-06	-6.867779e-05
2.225794511375744e-06	-1.357452e-04
2.225930528443448e-06	-2.439617e-04
2.226025047623937e-06	1.622203e-03
2.226148333591667e-06	2.210696e-02
2.226194457981411e-06	5.319172e-02
2.226202626131575e-06	6.850599e-02
2.226218962431902e-06	1.307523e-01
2.226237401386049e-06	2.420122e-01
2.226240265259296e-06	2.683237e-01
2.226245993005790e-06	3.379675e-01
2.226257448498778e-06	4.954390e-01
2.226271314348884e-06	7.038342e-01
2.226286006799203e-06	9.409260e-01
2.226287876534645e-06	9.744733e-01
2.226291616005528e-06	1.052000e+00
2.226298035479348e-06	1.209761e+00
2.226303568269104e-06	1.380557e+00
2.226310319991045e-06	1.621607e+00
2.226313103521164e-06	1.707433e+00
2.226315811974367e-06	1.756784e+00
2.226318962918505e-06	1.781136e+00
2.226322831183656e-06	1.792014e+00
2.226326365711415e-06	1.795894e+00
2.226332322553809e-06	1.798450e+00
2.226339040301526e-06	1.799273e+00
2.226346644959660e-06	1.799481e+00
2.226357287843234e-06	1.799768e+00
2.226373723348736e-06	1.800058e+00
2.226397241433954e-06	1.800176e+00
2.226430254391838e-06	1.800185e+00
2.226488754280270e-06	1.800178e+00
2.226601838054062e-06	1.800156e+00
2.226828005601646e-06	1.800125e+00
2.227057912341641e-06	1.800100e+00
2.227350552792154e-06	1.800078e+00
2.227660744032342e-06	1.800058e+00
2.227680447677066e-06	1.800058e+00
2.227719854966513e-06	1.800061e+00
2.227729706788875e-06	1.800060e+00
2.227749410433598e-06	1.800060e+00
2.227766651122732e-06	1.800059e+00
2.227772808511708e-06	1.800059e+00
2.227780197378479e-06	1.800059e+00
2.227790049200841e-06	1.800058e+00
2.227792512156431e-06	1.800058e+00
2.227797438067612e-06	1.800058e+00
2.227807289889974e-06	1.800058e+00
2.227826993534698e-06	1.800057e+00
2.227866400824145e-06	1.800055e+00
2.227945215403039e-06	1.800050e+00
2.228102844560828e-06	1.800043e+00
2.228418102876406e-06	1.800034e+00
2.228899020364405e-06	1.800024e+00
2.229574428072610e-06	1.800016e+00
2.230881155863682e-06	1.800008e+00
2.232834185434844e-06	1.800003e+00
2.235024018429847e-06	1.800001e+00
2.238004498932850e-06	1.800000e+00
2.242250474401489e-06	1.800000e+00
2.247133286901489e-06	1.800000e+00
2.252016099401489e-06	1.800000e+00
2.256898911901489e-06	1.800000e+00
2.261781724401488e-06	1.800000e+00
2.266664536901488e-06	1.800000e+00
2.271547349401488e-06	1.800000e+00
2.276430161901488e-06	1.800000e+00
2.281312974401488e-06	1.800000e+00
2.286195786901487e-06	1.800000e+00
2.291078599401487e-06	1.800000e+00
2.295117187600000e-06	1.800000e+00
2.300000000100000e-06	1.799695e+00
2.300012069172860e-06	1.799836e+00
2.300036207318579e-06	1.800267e+00
2.300042163478087e-06	1.800169e+00
2.300049216417953e-06	1.800050e+00
2.300059156852815e-06	1.800070e+00
2.300069591100855e-06	1.800040e+00
2.300086252718963e-06	1.800037e+00
2.300111407915622e-06	1.800017e+00
2.300146140866460e-06	1.800010e+00
2.300211007706678e-06	1.800002e+00
2.300303331832767e-06	1.800001e+00
2.300473496606130e-06	1.800000e+00
2.300683994486421e-06	1.800000e+00
2.300956230949325e-06	1.800000e+00
2.301296251359003e-06	1.800000e+00
2.301841462598846e-06	1.800000e+00
2.302684609196929e-06	1.800000e+00
2.303791550745427e-06	1.800000e+00
2.304942625894236e-06	1.800000e+00
2.306274796920042e-06	1.800000e+00
2.307762050460948e-06	1.800000e+00
2.309187309409067e-06	1.800000e+00
2.309858859093132e-06	1.800000e+00
2.310453335825064e-06	1.800000e+00
2.311087645877361e-06	1.800000e+00
2.311516242393680e-06	1.800000e+00
2.311994888711150e-06	1.800000e+00
2.312610196132347e-06	1.800000e+00
2.313337393887850e-06	1.800000e+00
2.314186974463237e-06	1.800000e+00
2.315229588118372e-06	1.800000e+00
2.316757080076277e-06	1.800000e+00
2.319160398120887e-06	1.800000e+00
2.323967034210107e-06	1.800000e+00
2.328737441579045e-06	1.800000e+00
2.333620254079045e-06	1.800000e+00
2.338503066579044e-06	1.800000e+00
2.343385879079044e-06	1.800000e+00
2.345117187500001e-06	1.800000e+00
2.346537383158088e-06	1.800000e+00
2.347159608683826e-06	1.800000e+00
2.348404059735302e-06	1.800000e+00
2.350000000000000e-06	1.799978e+00
2.350004117289169e-06	1.799985e+00
2.350012351867505e-06	1.800002e+00
2.350014334330207e-06	1.800001e+00
2.350016786453288e-06	1.800000e+00
2.350020309900736e-06	1.800000e+00
2.350024048271022e-06	1.800000e+00
2.350031525011594e-06	1.800000e+00
2.350042067177123e-06	1.800000e+00
2.350062526983676e-06	1.800000e+00
2.350090742356461e-06	1.800000e+00
2.350147173102029e-06	1.800000e+00
2.350260034593165e-06	1.800000e+00
2.350372589261411e-06	1.800000e+00
2.350529696326382e-06	1.800000e+00
2.350720610163438e-06	1.800000e+00
2.350958850158438e-06	1.800000e+00
2.351237669878954e-06	1.800000e+00
2.351437000819153e-06	1.800000e+00
2.351623609811887e-06	1.800000e+00
2.351852476487012e-06	1.800000e+00
2.352128074705613e-06	1.800000e+00
2.352362121610553e-06	1.800000e+00
2.352640775193251e-06	1.800000e+00
2.352937005503904e-06	1.800000e+00
2.353307963080968e-06	1.800000e+00
2.353686372902863e-06	1.800000e+00
2.354138851125958e-06	1.800000e+00
2.354641834479654e-06	1.800000e+00
2.355172668449780e-06	1.800000e+00
2.355837828050576e-06	1.800000e+00
2.356489734101916e-06	1.800000e+00
2.357119205490997e-06	1.800000e+00
2.357857306241511e-06	1.800000e+00
2.358705005933060e-06	1.800000e+00
2.359580940679549e-06	1.800000e+00
2.360592817075623e-06	1.800000e+00
2.361749601192783e-06	1.800000e+00
2.362944916298260e-06	1.800000e+00
2.364651067019119e-06	1.800000e+00
2.366202387317992e-06	1.800000e+00
2.368593068576838e-06	1.800000e+00
2.370942030410431e-06	1.800000e+00
2.374561432495417e-06	1.800000e+00
2.378904691536544e-06	1.800000e+00
2.383787504036543e-06	1.800000e+00
2.388670316536543e-06	1.800000e+00
2.393553129036543e-06	1.800000e+00
2.398435941536543e-06	1.800000e+00
2.403318754036543e-06	1.800000e+00
2.408201566536542e-06	1.800000e+00
2.413084379036542e-06	1.800000e+00
2.417967191536542e-06	1.800000e+00
2.422850004036542e-06	1.800000e+00
2.427732816536542e-06	1.800000e+00
2.432615629036541e-06	1.800000e+00
2.437498441536541e-06	1.800000e+00
2.442381254036541e-06	1.800000e+00
2.445117187500000e-06	1.800000e+00
2.450000000000000e-06	1.800000e+00
2.450013338820556e-06	1.800000e+00
2.450040016461666e-06	1.800000e+00
2.450046531535616e-06	1.800000e+00
2.450054694330692e-06	1.800000e+00
2.450064472730017e-06	1.800000e+00
2.450083607928293e-06	1.800000e+00
2.450106191225728e-06	1.800000e+00
2.450150283322892e-06	1.800000e+00
2.450227498168841e-06	1.800000e+00
2.450381927860741e-06	1.800000e+00
2.450546761804006e-06	1.800000e+00
2.450732649974339e-06	1.800000e+00
2.451022516741203e-06	1.800000e+00
2.451299944130535e-06	1.800000e+00
2.451637637697979e-06	1.800000e+00
2.452092275997241e-06	1.800000e+00
2.452791812663193e-06	1.800000e+00
2.453553793082388e-06	1.800000e+00
2.454411701392557e-06	1.800000e+00
2.455319377167258e-06	1.800000e+00
2.456519025322158e-06	1.800000e+00
2.457506425587576e-06	1.800000e+00
2.458779300661785e-06	1.800000e+00
2.459481937969350e-06	1.800000e+00
2.459927610953509e-06	1.800000e+00
2.460512067817398e-06	1.800000e+00
2.460878873163238e-06	1.800000e+00
2.461231584529977e-06	1.800000e+00
2.461616123105624e-06	1.800000e+00
2.462165190041063e-06	1.800000e+00
2.462810773105722e-06	1.800000e+00
2.463531656266108e-06	1.800000e+00
2.464434428181805e-06	1.800000e+00
2.465591692156309e-06	1.800000e+00
2.467162434882452e-06	1.800000e+00
2.469296147814835e-06	1.800000e+00
2.471853524832234e-06	1.800000e+00
2.474693002888084e-06	1.800000e+00
2.479575815388084e-06	1.800000e+00
2.484458627888084e-06	1.800000e+00
2.489341440388083e-06	1.800000e+00
2.503989877888083e-06	1.800000e+00
2.547376766828486e-06	1.800000e+00
2.550000000100000e-06	1.800000e+00
2.554882812600000e-06	1.800000e+00
2.555117187600001e-06	1.800000e+00
2.555585937600002e-06	1.800000e+00
2.556523437600005e-06	1.800000e+00
2.558125000099995e-06	1.800000e+00
2.560000000100000e-06	1.800000e+00
2.560005103752136e-06	1.800000e+00
2.560015311056407e-06	1.800000e+00
2.560017805261416e-06	1.800000e+00
2.560020846617961e-06	1.800000e+00
2.560026929331052e-06	1.800000e+00
2.560032907334161e-06	1.800000e+00
2.560044863340377e-06	1.800000e+00
2.560067750138803e-06	1.800000e+00
2.560092912257264e-06	1.800000e+00
2.560143236494186e-06	1.800000e+00
2.560239769993322e-06	1.800000e+00
2.560432836991593e-06	1.800000e+00
2.560708965857839e-06	1.800000e+00
2.561261223590329e-06	1.800000e+00
2.561778838459876e-06	1.800000e+00
2.562754318081252e-06	1.800000e+00
2.564125760745410e-06	1.800000e+00
2.565571355947324e-06	1.800000e+00
2.567850127765360e-06	1.800000e+00
2.571153684226108e-06	1.800000e+00
2.576036496726107e-06	1.800000e+00
2.585802121726107e-06	1.800000e+00
2.688341184226103e-06	1.800000e+00
2.693223996726103e-06	1.800000e+00
2.695117187500001e-06	1.800000e+00
2.696213618452204e-06	1.800000e+00
2.697807138095593e-06	1.800000e+00
2.700000000000000e-06	1.796437e+00
2.700005526326353e-06	1.797643e+00
2.700016578979059e-06	1.804822e+00
2.700019296035064e-06	1.803802e+00
2.700022606701023e-06	1.800122e+00
2.700025882646902e-06	1.799551e+00
2.700029491553004e-06	1.799912e+00
2.700034481298032e-06	1.799824e+00
2.700041980418816e-06	1.799932e+00
2.700055044678025e-06	1.799954e+00
2.700079423545254e-06	1.799995e+00
2.700104883029448e-06	1.800060e+00
2.700109342515984e-06	1.800050e+00
2.700118261489055e-06	1.800002e+00
2.700120491232323e-06	1.800004e+00
2.700121048668140e-06	1.800006e+00
2.700122163539774e-06	1.800007e+00
2.700124393283042e-06	1.800007e+00
2.700128852769577e-06	1.800007e+00
2.700137771742649e-06	1.800007e+00
2.700155609688791e-06	1.800007e+00
2.700191285581077e-06	1.800007e+00
2.700262637365648e-06	1.800006e+00
2.700365682773194e-06	1.800005e+00
2.700486669312106e-06	1.800004e+00
2.700622636714341e-06	1.800004e+00
2.700807644874040e-06	1.800003e+00
2.701085176120755e-06	1.800002e+00
2.701579537872144e-06	1.800002e+00
2.702568261374921e-06	1.800001e+00
2.704217432947635e-06	1.800000e+00
2.706023161879168e-06	1.800000e+00
2.708556007978917e-06	1.800000e+00
2.710534110750578e-06	1.800000e+00
2.712746459846668e-06	1.800000e+00
2.715229421076469e-06	1.800000e+00
2.719977501467819e-06	1.800000e+00
2.720587853030319e-06	1.800000e+00
2.721808556155319e-06	1.800001e+00
2.723052853750262e-06	1.800005e+00
2.723132291920519e-06	1.800009e+00
2.723291168261033e-06	1.800035e+00
2.723421956511510e-06	1.800053e+00
2.723542551300233e-06	1.797437e+00
2.723631409337544e-06	1.780252e+00
2.723695849419452e-06	1.733850e+00
2.723752831676185e-06	1.663582e+00
2.723792868440552e-06	1.616960e+00
2.723836180870781e-06	1.564288e+00
2.723856471720994e-06	1.502678e+00
2.723883210800830e-06	1.328595e+00
2.723906357627072e-06	1.058449e+00
2.723924005846656e-06	7.241519e-01
2.723943619586712e-06	2.655120e-01
2.723953030449972e-06	9.319592e-02
2.723962064956178e-06	2.114490e-02
2.723971795538120e-06	4.175910e-03
2.723981480088953e-06	2.019153e-03
2.723993525105981e-06	1.250706e-03
2.724017615140036e-06	6.507508e-04
2.724047126423365e-06	4.033262e-04
2.724083847484447e-06	2.968604e-04
2.724126137552665e-06	2.333300e-04
2.724210717689103e-06	1.699610e-04
2.724327089949474e-06	9.730445e-05
2.724402749621297e-06	4.151525e-05
2.724493366149326e-06	-7.841105e-06
2.724559730910629e-06	-1.373082e-05
2.724641681076848e-06	-1.036703e-05
2.724733294446022e-06	-9.446931e-06
2.724912339098538e-06	6.049956e-06
2.724949682003173e-06	3.863243e-06
2.725024367812444e-06	-6.193081e-06
2.725037440412692e-06	-6.046624e-06
2.725063585613188e-06	-5.764828e-06
2.725086462663623e-06	-5.554170e-06
2.725094633038778e-06	-5.483600e-06
2.725102803413933e-06	-5.413850e-06
2.725110973789088e-06	-5.344919e-06
2.725119144164243e-06	-5.276807e-06
2.725127314539398e-06	-5.209514e-06
2.725135484914553e-06	-5.143041e-06
2.725143655289709e-06	-5.077386e-06
2.725195945690701e-06	-4.686397e-06
2.725300526492687e-06	-4.015879e-06
2.725509688096658e-06	-2.981160e-06
2.725804786081616e-06	-1.969365e-06
2.726130172427205e-06	-1.274627e-06
2.726610830635483e-06	-7.000314e-07
2.727330176350558e-06	-2.707320e-07
2.728209268445931e-06	-5.499876e-08
2.729409174766731e-06	3.279823e-08
2.731106823565626e-06	4.122374e-08
2.733657535039874e-06	8.544748e-09
2.736791002238369e-06	-1.226652e-08
2.740441454836877e-06	-1.340898e-08
2.745324267336877e-06	-1.068931e-08
2.750207079836877e-06	-8.051245e-09
2.755089892336877e-06	-5.466965e-09
2.759972704836877e-06	-3.573285e-09
2.764855517336876e-06	-2.133235e-09
2.769738329836876e-06	-1.151632e-09
2.774621142336876e-06	-4.499818e-10
2.779503954836876e-06	1.873364e-11
2.784386767336876e-06	3.447602e-10
2.789269579836875e-06	5.609747e-10
2.794152392336875e-06	7.258353e-10
2.795117187600001e-06	7.460619e-10
2.797046778126252e-06	7.759614e-10
2.800000000100001e-06	-3.530303e-05
2.800008469422266e-06	-1.144167e-05
2.800025408066798e-06	4.061090e-05
2.800029518533881e-06	1.064261e-05
2.800034668958642e-06	-1.943145e-05
2.800044969808162e-06	-1.893928e-06
2.800059715745394e-06	-1.134702e-06
2.800089207619857e-06	-7.897548e-08
2.800122973996585e-06	-1.014948e-07
2.800163704190125e-06	1.651877e-08
2.800205697078663e-06	-5.341907e-08
2.800262009732506e-06	2.382514e-08
2.800328211212171e-06	-3.172425e-08
2.800425412319036e-06	1.893556e-08
2.800559749122738e-06	-1.414220e-08
2.800765772049579e-06	4.903949e-09
2.801004125412185e-06	3.274880e-12
2.801250847474374e-06	6.849027e-09
2.801587746365637e-06	-4.065198e-09
2.802088238396283e-06	4.802053e-09
2.802882922749062e-06	-4.926466e-10
2.803919904773983e-06	3.091331e-09
2.805736682562298e-06	3.514409e-11
2.808540349239583e-06	8.326770e-10
2.811091743957581e-06	8.418348e-10
2.813875611440600e-06	1.253513e-09
2.817103098025973e-06	9.332900e-10
2.820489628987241e-06	1.455712e-09
2.825372441487241e-06	1.006100e-09
2.830255253987241e-06	1.007237e-09
2.840020878987240e-06	1.007209e-09
2.844903691487240e-06	2.278581e-08
2.845117187500001e-06	1.246442e-08
2.845544179525523e-06	-4.600508e-09
2.846398163576566e-06	3.778041e-09
2.848106131678652e-06	7.326568e-10
2.850000000000001e-06	-1.379984e-06
2.850000924740392e-06	-1.123644e-06
2.850002774221175e-06	-2.523971e-07
2.850003236896446e-06	-1.397315e-07
2.850003795056877e-06	-9.515124e-08
2.850004911377739e-06	-4.672252e-08
2.850006759305670e-06	-1.475431e-08
2.850010455161531e-06	-8.550991e-10
2.850016212714149e-06	8.842309e-10
2.850022649101966e-06	7.523899e-10
2.850031519380415e-06	9.225924e-10
2.850044235181510e-06	1.000154e-09
2.850065577312487e-06	1.059278e-09
2.850087892072803e-06	1.047741e-09
2.850123262239602e-06	1.026824e-09
2.850169306892895e-06	1.014068e-09
2.850250088702784e-06	1.009286e-09
2.850352346733012e-06	1.006673e-09
2.850506702243969e-06	1.005976e-09
2.850686295138968e-06	1.005334e-09
2.850934172795351e-06	1.005030e-09
2.851241518882863e-06	1.004639e-09
2.851856211057887e-06	1.004815e-09
2.852352064261918e-06	1.004991e-09
2.852806946241724e-06	1.005094e-09
2.853313050140341e-06	1.005203e-09
2.853871409150797e-06	1.005261e-09
2.854291463340605e-06	1.005269e-09
2.854742297368454e-06	1.005194e-09
2.855229447779354e-06	1.005077e-09
2.855781508209994e-06	1.005061e-09
2.856366315038238e-06	1.005071e-09
2.857033166360098e-06	1.005143e-09
2.857733089185186e-06	1.005162e-09
2.858568985327574e-06	1.005160e-09
2.859366982602228e-06	1.005122e-09
2.860253407628169e-06	1.005124e-09
2.861236620479116e-06	1.005134e-09
2.862262241391888e-06	1.005159e-09
2.863586870911808e-06	1.005139e-09
2.864924651933565e-06	1.005142e-09
2.866692009711160e-06	1.005138e-09
2.868550355354475e-06	1.005146e-09
2.870952063186115e-06	1.005133e-09
2.873964667640433e-06	1.005143e-09
2.878352244042320e-06	1.005138e-09
2.882795009948877e-06	1.005139e-09
2.887677822448876e-06	1.005138e-09
2.892560634948876e-06	1.005138e-09
2.897443447448876e-06	1.005138e-09
2.902326259948876e-06	1.005138e-09
2.907209072448876e-06	1.005138e-09
2.912091884948875e-06	1.005138e-09
2.916974697448875e-06	1.005138e-09
2.921857509948875e-06	1.005138e-09
2.926740322448875e-06	1.005138e-09
2.931623134948875e-06	1.005138e-09
2.936505947448874e-06	1.005138e-09
2.941388759948874e-06	1.005135e-09
2.945117187500001e-06	1.005135e-09
2.950000000000001e-06	9.880572e-10
2.950014638361026e-06	9.837962e-10
2.950043915083078e-06	9.646893e-10
2.950050987771178e-06	9.656457e-10
2.950059985541533e-06	9.791670e-10
2.950073198456608e-06	1.001574e-09
2.950088860060138e-06	1.014795e-09
2.950120183267197e-06	1.018515e-09
2.950161895124375e-06	1.014957e-09
2.950206490026383e-06	1.011348e-09
2.950266079117857e-06	1.008824e-09
2.950342877958780e-06	1.007180e-09
2.950446066226357e-06	1.006171e-09
2.950572768696121e-06	1.005627e-09
2.950740075957357e-06	1.005312e-09
2.950953675581406e-06	1.005103e-09
2.951250047087812e-06	1.004963e-09
2.951657540377961e-06	1.004935e-09
2.952230203292825e-06	1.005014e-09
2.952811822051078e-06	1.005085e-09
2.953457859237086e-06	1.005130e-09
2.954159016209416e-06	1.005155e-09
2.955173023024486e-06	1.005153e-09
2.956172265957816e-06	1.005139e-09
2.957318821621945e-06	1.005134e-09
2.958282324444749e-06	1.005138e-09
2.959538852856695e-06	1.005141e-09
2.960777864584608e-06	1.005139e-09
2.961933972802692e-06	1.005137e-09
2.963611952182550e-06	1.005138e-09
2.965162713812899e-06	1.005138e-09
2.968145121659669e-06	1.005138e-09
2.973027934159669e-06	1.005138e-09
2.977824088095315e-06	1.005138e-09
2.982706900595315e-06	1.005138e-09
2.987589713095315e-06	1.005138e-09
3.045117187600001e-06	1.005138e-09
3.050000000100000e-06	1.005138e-09
3.054882812600000e-06	1.005142e-09
3.055117187600001e-06	1.005141e-09
3.055585937600002e-06	1.005137e-09
3.056523437600005e-06	1.005137e-09
3.058125000099995e-06	1.005138e-09
3.060000000100001e-06	8.965270e-10
3.060004862658959e-06	8.864545e-10
3.060014587776877e-06	9.927997e-10
3.060016980041260e-06	1.071270e-09
3.060019830676620e-06	1.131107e-09
3.060024169962955e-06	1.120637e-09
3.060028696552725e-06	1.092042e-09
3.060036875095271e-06	1.054477e-09
3.060048977405736e-06	1.024243e-09
3.060069622949072e-06	1.008378e-09
3.060110914035745e-06	1.004755e-09
3.060179394285251e-06	1.005375e-09
3.060316354784261e-06	1.005340e-09
3.060590275782283e-06	1.005190e-09
3.060969431462988e-06	1.005149e-09
3.061525553393648e-06	1.005133e-09
3.062548293643030e-06	1.005133e-09
3.063657646491390e-06	1.005133e-09
3.065030717249707e-06	1.005136e-09
3.067188110198490e-06	1.005137e-09
3.069566763275725e-06	1.005138e-09
3.074324069430194e-06	1.005138e-09
3.079206881930194e-06	1.005138e-09
3.084089694430194e-06	1.005138e-09
3.088972506930193e-06	1.005138e-09
3.093855319430193e-06	1.005138e-09
3.103620944430193e-06	1.005138e-09
3.108503756930193e-06	1.005138e-09
3.113386569430192e-06	1.005138e-09
3.118269381930192e-06	1.005138e-09
3.129247639868736e-06	1.005138e-09
3.140225897807280e-06	1.005138e-09
3.151204155745824e-06	1.005138e-09
3.162182413684369e-06	1.005138e-09
3.173160671622913e-06	1.005138e-09
3.184138929561457e-06	1.005138e-09
3.195117187500001e-06	1.005138e-09
3.200000000000001e-06	2.414461e-05
3.200014260028022e-06	1.932301e-05
3.200042780084065e-06	5.400781e-06
3.200049680577622e-06	1.753757e-06
3.200058415290964e-06	-3.465887e-06
3.200075760793381e-06	-4.308361e-06
3.200100431160151e-06	-7.549685e-07
3.200149771893692e-06	-1.358559e-06
3.200248453360773e-06	-5.751608e-07
3.200445816294935e-06	-6.225490e-07
3.200712873335800e-06	-3.314256e-07
3.201075190229642e-06	9.572093e-06
3.201146123474752e-06	2.296199e-06
3.201163856786029e-06	-4.681595e-08
3.201199323408584e-06	-1.220676e-07
3.201208190064223e-06	-1.177625e-07
3.201225923375500e-06	-1.032171e-07
3.201261389998055e-06	-7.426513e-08
3.201287989964971e-06	-5.259340e-08
3.201323456587526e-06	-3.341089e-08
3.201394389832636e-06	-1.379645e-08
3.201536256322855e-06	7.878918e-09
3.201819989303294e-06	3.343529e-08
3.202387455264171e-06	5.283288e-08
3.203353999322076e-06	4.648946e-08
3.205012481041208e-06	1.113174e-08
3.207053254593669e-06	-1.838944e-08
3.208929849823978e-06	-2.419543e-08
3.210411065931189e-06	-1.969023e-08
3.212128062549280e-06	-1.235553e-08
3.214171701791361e-06	-5.753308e-09
3.216679561906903e-06	-1.599019e-09
3.220110528264157e-06	3.561521e-10
3.224993340764157e-06	8.993513e-10
3.229876153264157e-06	6.122595e-10
3.230486504826657e-06	7.580312e-10
3.231707207951657e-06	2.226439e-09
3.231846300255997e-06	-2.354347e-10
3.232124484864678e-06	-2.450538e-07
3.232680854082039e-06	-2.326624e-06
3.232808869705447e-06	-5.350380e-06
3.233064900952263e-06	-2.327398e-05
3.233187844354647e-06	-4.932413e-05
3.233296584223900e-06	-1.005317e-04
3.233453063725855e-06	-2.180663e-04
3.233561528544242e-06	1.518799e-04
3.233671726486132e-06	9.229981e-03
3.233729617156540e-06	3.019653e-02
3.233741844453940e-06	4.537712e-02
3.233766299048738e-06	1.008842e-01
3.233772412697438e-06	1.249382e-01
3.233784639994837e-06	2.128800e-01
3.233804498423252e-06	4.300944e-01
3.233818746880425e-06	6.325073e-01
3.233835452459665e-06	9.022524e-01
3.233837938556100e-06	9.468367e-01
3.233842910748971e-06	1.048351e+00
3.233848464388657e-06	1.180500e+00
3.233853387306441e-06	1.327034e+00
3.233859054603630e-06	1.528417e+00
3.233863018785894e-06	1.667908e+00
3.233865561074743e-06	1.731269e+00
3.233869010520227e-06	1.773494e+00
3.233871881217809e-06	1.787470e+00
3.233875743790024e-06	1.793990e+00
3.233879813410763e-06	1.797163e+00
3.233885890260111e-06	1.798859e+00
3.233893884584319e-06	1.799376e+00
3.233902234427939e-06	1.799590e+00
3.233914924263903e-06	1.799906e+00
3.233933113895275e-06	1.800126e+00
3.233958249687578e-06	1.800182e+00
3.233999027979886e-06	1.800182e+00
3.234080584564503e-06	1.800158e+00
3.234100973710657e-06	1.800161e+00
3.234106070997196e-06	1.800163e+00
3.234116265570273e-06	1.800162e+00
3.234136654716427e-06	1.800159e+00
3.234172335722196e-06	1.800153e+00
3.234187627581812e-06	1.800151e+00
3.234208016727966e-06	1.800148e+00
3.234248795020275e-06	1.800142e+00
3.234330351604891e-06	1.800131e+00
3.234493464774125e-06	1.800112e+00
3.234819691112593e-06	1.800085e+00
3.235472143789527e-06	1.800048e+00
3.235572749506323e-06	1.800044e+00
3.235597900935522e-06	1.800043e+00
3.235660779508520e-06	1.800041e+00
3.235692218795018e-06	1.800040e+00
3.235723658081517e-06	1.800039e+00
3.235755097368016e-06	1.800038e+00
3.235786536654515e-06	1.800037e+00
3.235817975941013e-06	1.800036e+00
3.235849415227512e-06	1.800036e+00
3.235880854514011e-06	1.800035e+00
3.236082065947603e-06	1.800030e+00
3.236484488814787e-06	1.800024e+00
3.237289334549155e-06	1.800015e+00
3.238112432056423e-06	1.800009e+00
3.239758627070959e-06	1.800004e+00
3.241737664988105e-06	1.800001e+00
3.244009619975431e-06	1.800000e+00
3.246645698386477e-06	1.800000e+00
3.250580695582337e-06	1.800000e+00
3.255463508082337e-06	1.800000e+00
3.259898853716034e-06	1.800000e+00
3.260275511085170e-06	1.800000e+00
3.260652168454306e-06	1.800000e+00
3.261028825823442e-06	1.800000e+00
3.261405483192579e-06	1.800000e+00
3.261782140561715e-06	1.800000e+00
3.262158797930851e-06	1.800000e+00
3.262535455299987e-06	1.800000e+00
3.265828716465520e-06	1.800000e+00
3.269128369545016e-06	1.800000e+00
3.274011182045016e-06	1.800000e+00
3.278893994545015e-06	1.800000e+00
3.283776807045015e-06	1.800000e+00
3.288659619545015e-06	1.800000e+00
3.293542432045015e-06	1.800000e+00
3.295117187600001e-06	1.800000e+00
3.296850488990029e-06	1.800000e+00
3.300000000100000e-06	1.799513e+00
3.300007859800120e-06	1.799707e+00
3.300023579200357e-06	1.800444e+00
3.300027447897123e-06	1.800321e+00
3.300032096246065e-06	1.800112e+00
3.300038017466530e-06	1.800133e+00
3.300044521302471e-06	1.800096e+00
3.300057528974354e-06	1.800075e+00
3.300073230208365e-06	1.800050e+00
3.300104632676386e-06	1.800026e+00
3.300147604121311e-06	1.800010e+00
3.300233547011162e-06	1.800002e+00
3.300405432790864e-06	1.800000e+00
3.300584223212174e-06	1.800000e+00
3.300829334324297e-06	1.800000e+00
3.301123141048130e-06	1.800000e+00
3.301635027692095e-06	1.800000e+00
3.302449148710282e-06	1.800000e+00
3.303478265920164e-06	1.800000e+00
3.304570584104008e-06	1.800000e+00
3.306001390607281e-06	1.800000e+00
3.307123461374625e-06	1.800000e+00
3.308227777886066e-06	1.800000e+00
3.309511133013722e-06	1.800000e+00
3.311095080013458e-06	1.800000e+00
3.311751294770210e-06	1.800000e+00
3.312270011482557e-06	1.800000e+00
3.312905551278545e-06	1.800000e+00
3.313254475875199e-06	1.800000e+00
3.313737606304639e-06	1.800000e+00
3.314218860231554e-06	1.800000e+00
3.314861145723398e-06	1.800000e+00
3.315563785823039e-06	1.800000e+00
3.316470811840278e-06	1.800000e+00
3.317582558992570e-06	1.800000e+00
3.319316825300908e-06	1.800000e+00
3.322333504734905e-06	1.800000e+00
3.325541214839455e-06	1.800000e+00
3.330424027339455e-06	1.800000e+00
3.335306839839455e-06	1.800000e+00
3.340189652339454e-06	1.800000e+00
3.345072464839454e-06	1.799999e+00
3.345117187500001e-06	1.800000e+00
3.345206632821095e-06	1.800000e+00
3.345385523463283e-06	1.800000e+00
3.345743304747659e-06	1.800000e+00
3.346458867316412e-06	1.800000e+00
3.347889992453916e-06	1.800000e+00
3.350000000000001e-06	1.800004e+00
3.350005492119883e-06	1.800003e+00
3.350016476359647e-06	1.800000e+00
3.350019016781571e-06	1.800000e+00
3.350022333093531e-06	1.800000e+00
3.350027323864060e-06	1.800000e+00
3.350032545002036e-06	1.800000e+00
3.350042425485823e-06	1.800000e+00
3.350056788794845e-06	1.800000e+00
3.350085515412890e-06	1.800000e+00
3.350135253381023e-06	1.800000e+00
3.350234729317287e-06	1.800000e+00
3.350363985289189e-06	1.800000e+00
3.350500639269542e-06	1.800000e+00
3.350714063553144e-06	1.800000e+00
3.350977973120218e-06	1.800000e+00
3.351226902501845e-06	1.800000e+00
3.351427157809191e-06	1.800000e+00
3.351652958305300e-06	1.800000e+00
3.351904400650987e-06	1.800000e+00
3.352128431559899e-06	1.800000e+00
3.352407951170221e-06	1.800000e+00
3.352704128032942e-06	1.800000e+00
3.353041809117601e-06	1.800000e+00
3.353409762658563e-06	1.800000e+00
3.353740793671955e-06	1.800000e+00
3.354099791120902e-06	1.800000e+00
3.354538378385044e-06	1.800000e+00
3.355006892219645e-06	1.800000e+00
3.355558194787500e-06	1.800000e+00
3.356143173054727e-06	1.800000e+00
3.356771438891561e-06	1.800000e+00
3.357393664669299e-06	1.800000e+00
3.358078454123977e-06	1.800000e+00
3.358836255121796e-06	1.800000e+00
3.359752880568219e-06	1.800000e+00
3.360903101571280e-06	1.800000e+00
3.361941887015616e-06	1.800000e+00
3.363404215314936e-06	1.800000e+00
3.364823320268433e-06	1.800000e+00
3.366856499097608e-06	1.800000e+00
3.368875127035363e-06	1.800000e+00
3.372091624196579e-06	1.800000e+00
3.375400730329723e-06	1.800000e+00
3.379983139031561e-06	1.800000e+00
3.384865951531560e-06	1.800000e+00
3.389748764031560e-06	1.800000e+00
3.394631576531560e-06	1.800000e+00
3.399514389031560e-06	1.800000e+00
3.404397201531560e-06	1.800000e+00
3.409280014031559e-06	1.800000e+00
3.414162826531559e-06	1.800000e+00
3.419045639031559e-06	1.800000e+00
3.423928451531559e-06	1.800000e+00
3.428811264031559e-06	1.800000e+00
3.438576889031558e-06	1.800000e+00
3.443459701531558e-06	1.800000e+00
3.445117187500001e-06	1.800000e+00
3.446685028063115e-06	1.800000e+00
3.447222900495090e-06	1.800000e+00
3.447940063737724e-06	1.800000e+00
3.448565673514733e-06	1.800000e+00
3.448748780445982e-06	1.800000e+00
3.449114994308481e-06	1.800000e+00
3.449267572275004e-06	1.800000e+00
3.449572728208052e-06	1.800000e+00
3.450000000000001e-06	1.800000e+00
3.450001273562495e-06	1.800000e+00
3.450003820687482e-06	1.800000e+00
3.450004435913467e-06	1.800000e+00
3.450005218878784e-06	1.800000e+00
3.450006784809419e-06	1.800000e+00
3.450009916670688e-06	1.800000e+00
3.450014701833531e-06	1.800000e+00
3.450019744158772e-06	1.800000e+00
3.450026275079594e-06	1.800000e+00
3.450033864123215e-06	1.800000e+00
3.450044462930694e-06	1.800000e+00
3.450057848846096e-06	1.800000e+00
3.450078280849307e-06	1.800000e+00
3.450109430432361e-06	1.800000e+00
3.450171729598468e-06	1.800000e+00
3.450296327930681e-06	1.800000e+00
3.450473317359413e-06	1.800000e+00
3.450663828194058e-06	1.800000e+00
3.450864243839396e-06	1.800000e+00
3.451105270037920e-06	1.800000e+00
3.451409714443827e-06	1.800000e+00
3.451750330707344e-06	1.800000e+00
3.452265889173314e-06	1.800000e+00
3.453141357154538e-06	1.800000e+00
3.454095179155537e-06	1.800000e+00
3.455229808729236e-06	1.800000e+00
3.456646429604241e-06	1.800000e+00
3.458429578465868e-06	1.800000e+00
3.460275313751585e-06	1.800000e+00
3.461059276973918e-06	1.800000e+00
3.461519243615795e-06	1.800000e+00
3.462102619999775e-06	1.800000e+00
3.462425867586819e-06	1.800000e+00
3.462761521089776e-06	1.800000e+00
3.463118656119459e-06	1.800000e+00
3.463610522991730e-06	1.800000e+00
3.464195497363288e-06	1.800000e+00
3.464873018351891e-06	1.800000e+00
3.465743060095096e-06	1.800000e+00
3.466836562992640e-06	1.800000e+00
3.468348049488699e-06	1.800000e+00
3.470564229004152e-06	1.800000e+00
3.473034989951983e-06	1.800000e+00
3.475787325874415e-06	1.800000e+00
3.480670138374415e-06	1.800000e+00
3.485552950874415e-06	1.800000e+00
3.490435763374415e-06	1.800000e+00
3.495318575874415e-06	1.800000e+00
3.500201388374414e-06	1.800000e+00
3.505084200874414e-06	1.800000e+00
3.511080480899666e-06	1.800000e+00
3.517076760924917e-06	1.800000e+00
3.523073040950169e-06	1.800000e+00
3.529069320975421e-06	1.800000e+00
3.535065601000673e-06	1.800000e+00
3.541061881025924e-06	1.800000e+00
3.547058161051176e-06	1.800000e+00
3.550000000100000e-06	1.800000e+00
3.554882812600000e-06	1.800000e+00
3.555117187600001e-06	1.800000e+00
3.555585937600002e-06	1.800000e+00
3.556523437600005e-06	1.800000e+00
3.558125000099995e-06	1.800000e+00
3.560000000100001e-06	1.800000e+00
3.560005203311961e-06	1.800000e+00
3.560015609735881e-06	1.800000e+00
3.560018145902740e-06	1.800000e+00
3.560021268440554e-06	1.800000e+00
3.560027513516179e-06	1.800000e+00
3.560034671253555e-06	1.800000e+00
3.560048986728307e-06	1.800000e+00
3.560075325015206e-06	1.800000e+00
3.560104609377313e-06	1.800000e+00
3.560163178101529e-06	1.800000e+00
3.560280315549958e-06	1.800000e+00
3.560492494876974e-06	1.800000e+00
3.560827582953868e-06	1.800000e+00
3.561341025108801e-06	1.800000e+00
3.561903427464085e-06	1.800000e+00
3.562920260922185e-06	1.800000e+00
3.564285057666633e-06	1.800000e+00
3.565717270742912e-06	1.800000e+00
3.567859797488671e-06	1.800000e+00
3.571296962314539e-06	1.800000e+00
3.575843026535849e-06	1.800000e+00
3.580725839035849e-06	1.800000e+00
3.585608651535849e-06	1.800000e+00
3.688147714035845e-06	1.800000e+00
3.693030526535845e-06	1.800000e+00
3.695117187500001e-06	1.800000e+00
3.695826678071688e-06	1.800000e+00
3.697245659215060e-06	1.800000e+00
3.700000000000001e-06	1.797168e+00
3.700006927418497e-06	1.798182e+00
3.700020782255490e-06	1.803275e+00
3.700024193957775e-06	1.801959e+00
3.700028316513012e-06	1.799239e+00
3.700032807478043e-06	1.799442e+00
3.700037815306373e-06	1.799816e+00
3.700044246246528e-06	1.799789e+00
3.700052792589753e-06	1.799938e+00
3.700065678505446e-06	1.799939e+00
3.700085562620105e-06	1.799836e+00
3.700089337858941e-06	1.799865e+00
3.700096888336612e-06	1.800004e+00
3.700098775956030e-06	1.800004e+00
3.700102551194866e-06	1.799992e+00
3.700110101672537e-06	1.799994e+00
3.700111989291955e-06	1.799995e+00
3.700115764530791e-06	1.799994e+00
3.700116708340500e-06	1.799994e+00
3.700118595959918e-06	1.799995e+00
3.700122371198753e-06	1.799995e+00
3.700129921676424e-06	1.799996e+00
3.700145022631767e-06	1.799998e+00
3.700175224542453e-06	1.800001e+00
3.700235628363824e-06	1.800004e+00
3.700343400278861e-06	1.800007e+00
3.700457743351460e-06	1.800008e+00
3.700592862330635e-06	1.800008e+00
3.700757953259500e-06	1.800007e+00
3.701023382981496e-06	1.800006e+00
3.701448799686598e-06	1.800005e+00
3.702299633096803e-06	1.800003e+00
3.704001299917212e-06	1.800001e+00
3.705765907359189e-06	1.800001e+00
3.707635031618548e-06	1.800001e+00
3.707812700617835e-06	1.800001e+00
3.708168038616410e-06	1.800001e+00
3.708878714613560e-06	1.800002e+00
3.709847691236406e-06	1.800010e+00
3.709917991763983e-06	1.800020e+00
3.710058592819139e-06	1.800068e+00
3.710176300540347e-06	1.799369e+00
3.710270210335467e-06	1.790141e+00
3.710351238461494e-06	1.751868e+00
3.710416516327545e-06	1.686177e+00
3.710472634712621e-06	1.613522e+00
3.710531204038736e-06	1.514350e+00
3.710555328172370e-06	1.421832e+00
3.710580067395928e-06	1.219412e+00
3.710597786555624e-06	9.425445e-01
3.710618553572848e-06	4.620196e-01
3.710630460916804e-06	1.765632e-01
3.710638158826041e-06	6.008449e-02
3.710648533807906e-06	8.784050e-03
3.710655830366599e-06	2.058113e-03
3.710665819366972e-06	1.546323e-03
3.710679685826378e-06	9.592545e-04
3.710707418745189e-06	5.248912e-04
3.710738173990655e-06	3.561886e-04
3.710776138074818e-06	2.722013e-04
3.710828180340159e-06	2.109344e-04
3.710932264870841e-06	1.449126e-04
3.711032592828459e-06	7.757324e-05
3.711103459681886e-06	2.390560e-05
3.711188287502872e-06	-1.086778e-05
3.711242771112410e-06	-1.269138e-05
3.711324392964252e-06	-1.053170e-05
3.711454095789749e-06	-8.897711e-06
3.711702407995873e-06	-6.433978e-06
3.712101938867021e-06	-3.661963e-06
3.712525585248351e-06	-2.008411e-06
3.712976489269257e-06	-6.373982e-06
3.713014062799117e-06	-4.828525e-06
3.713089209858838e-06	-8.095963e-07
3.713107996623768e-06	-8.269976e-07
3.713112693315001e-06	-8.355220e-07
3.713126783388699e-06	-8.205224e-07
3.713140873462397e-06	-8.056855e-07
3.713154963536094e-06	-7.910114e-07
3.713169053609792e-06	-7.765002e-07
3.713183143683490e-06	-7.621517e-07
3.713197233757187e-06	-7.479660e-07
3.713211323830885e-06	-7.339432e-07
3.713286470890606e-06	-6.660447e-07
3.713436765010048e-06	-5.516663e-07
3.713737353248932e-06	-3.771197e-07
3.714106844676118e-06	-2.329889e-07
3.714631337815063e-06	-1.183034e-07
3.715457972455534e-06	-3.855879e-08
3.717111241736478e-06	8.972791e-09
3.719343498187430e-06	1.738345e-08
3.723202062150902e-06	8.185660e-09
3.728084874650902e-06	1.740868e-10
3.732967687150902e-06	-9.467176e-10
3.737850499650902e-06	-2.019022e-10
3.742733312150901e-06	1.056835e-10
3.747616124650901e-06	4.090968e-10
3.752498937150901e-06	5.835080e-10
3.757381749650901e-06	7.185119e-10
3.762264562150901e-06	8.073846e-10
3.767147374650900e-06	8.691106e-10
3.772030187150900e-06	9.123763e-10
3.776912999650900e-06	9.410054e-10
3.781795812150900e-06	9.616206e-10
3.786678624650900e-06	9.749981e-10
3.795117187600001e-06	9.894225e-10
3.800000000100000e-06	-1.513208e-05
3.800014315238691e-06	-3.084798e-06
3.800042945516072e-06	3.588813e-06
3.800049868979989e-06	-1.012165e-05
3.800058592252049e-06	-1.357872e-05
3.800076038796169e-06	7.024407e-07
3.800097477030676e-06	-1.395471e-06
3.800140353499688e-06	5.701586e-09
3.800181641440889e-06	-3.809318e-07
3.800247702504404e-06	7.931880e-09
3.800311992125247e-06	-2.249349e-07
3.800424652750229e-06	6.108347e-08
3.800566389866190e-06	-8.604859e-08
3.800807491127749e-06	1.081366e-08
3.801067521680048e-06	-2.389105e-08
3.801403179876495e-06	2.743832e-08
3.801895436991949e-06	-9.726191e-09
3.802504511304707e-06	1.226814e-08
3.803318377630578e-06	-9.104900e-09
3.804494584445346e-06	8.646587e-09
3.806265259768399e-06	-1.494119e-09
3.808396459232350e-06	4.440964e-09
3.811330391637356e-06	1.570095e-09
3.814100081291389e-06	3.833154e-09
3.818019413845480e-06	-3.852697e-11
3.822695132334534e-06	1.287404e-09
3.827577944834533e-06	1.044100e-09
3.842226382334533e-06	-2.624287e-09
3.845117187500001e-06	-2.630205e-09
3.850000000000000e-06	-7.386607e-06
3.850001192092896e-06	-5.831291e-06
3.850003576278687e-06	-7.475830e-07
3.850004173555750e-06	-2.089906e-07
3.850004891275600e-06	-1.271610e-07
3.850006326715298e-06	-4.983244e-08
3.850008466214539e-06	-1.080865e-08
3.850012745213019e-06	1.061023e-09
3.850019731111370e-06	1.306074e-09
3.850027716405443e-06	9.592958e-10
3.850039421607157e-06	1.011488e-09
3.850057488138205e-06	1.008614e-09
3.850083537244959e-06	1.022839e-09
3.850115684344478e-06	1.013530e-09
3.850165007763824e-06	1.011787e-09
3.850237424009969e-06	1.006925e-09
3.850351681467830e-06	1.006578e-09
3.850508905093344e-06	1.005261e-09
3.850741895525587e-06	1.005341e-09
3.851060798287314e-06	1.004830e-09
3.851501616276943e-06	1.004955e-09
3.852055967212433e-06	1.004998e-09
3.852610639729411e-06	1.005133e-09
3.853203673648292e-06	1.005245e-09
3.853728479839333e-06	1.005256e-09
3.854293490960036e-06	1.005158e-09
3.854923504461784e-06	1.005130e-09
3.855615086367544e-06	1.005074e-09
3.856390532507127e-06	1.005121e-09
3.857162050978035e-06	1.005108e-09
3.858221858680956e-06	1.005154e-09
3.859299821291856e-06	1.005112e-09
3.860666113030781e-06	1.005136e-09
3.862098836957378e-06	1.005118e-09
3.864069163258951e-06	1.005142e-09
3.866146668151779e-06	1.005119e-09
3.869109930379270e-06	1.005149e-09
3.873217813181312e-06	1.005138e-09
3.877377893398404e-06	1.005142e-09
3.882260705898404e-06	1.005138e-09
3.887143518398404e-06	1.005138e-09
3.892026330898404e-06	1.005138e-09
3.896909143398403e-06	1.005138e-09
3.901791955898403e-06	1.005138e-09
3.906674768398403e-06	1.005138e-09
3.911557580898403e-06	1.005138e-09
3.916440393398403e-06	1.005138e-09
3.921323205898402e-06	1.005138e-09
3.926206018398402e-06	1.005138e-09
3.931088830898402e-06	1.005138e-09
3.935971643398402e-06	1.005138e-09
3.940854455898402e-06	1.005141e-09
3.945117187500000e-06	1.005141e-09
3.950000000000000e-06	1.023046e-09
3.950013782650895e-06	1.011511e-09
3.950041347952683e-06	9.819330e-10
3.950048057786545e-06	9.831574e-10
3.950056502196757e-06	9.910448e-10
3.950067950873254e-06	1.001058e-09
3.950084880963358e-06	1.008624e-09
3.950118741143567e-06	1.011640e-09
3.950164321288468e-06	1.010480e-09
3.950214476659232e-06	1.008634e-09
3.950284993752951e-06	1.007147e-09
3.950381995228576e-06	1.006143e-09
3.950528890483438e-06	1.005547e-09
3.950749921712857e-06	1.005225e-09
3.951022445059928e-06	1.005080e-09
3.951389177490669e-06	1.005009e-09
3.951782752988566e-06	1.005015e-09
3.952364829856276e-06	1.005064e-09
3.953006701927767e-06	1.005108e-09
3.953815810413813e-06	1.005141e-09
3.954838101984986e-06	1.005159e-09
3.955900743048908e-06	1.005149e-09
3.957018783408049e-06	1.005134e-09
3.958434313097909e-06	1.005135e-09
3.960010415084295e-06	1.005140e-09
3.961570107378302e-06	1.005139e-09
3.964689491966318e-06	1.005138e-09
3.968179377979871e-06	1.005138e-09
3.973062190479871e-06	1.005138e-09
3.977945002979871e-06	1.005138e-09
3.982827815479870e-06	1.005138e-09
3.987710627979870e-06	1.005138e-09
3.997476252979870e-06	1.005138e-09
4.002359065479870e-06	1.005138e-09
4.007241877979869e-06	1.005138e-09
4.012124690479869e-06	1.005138e-09
4.045117187600000e-06	1.005138e-09
4.050000000100000e-06	1.005138e-09
4.054882812600000e-06	1.005145e-09
4.055117187600000e-06	1.005142e-09
4.055585937600001e-06	1.005136e-09
4.056523437600002e-06	1.005137e-09
4.058125000099998e-06	1.005138e-09
4.060000000100000e-06	8.894608e-10
4.060005039368352e-06	8.833992e-10
4.060015117905057e-06	1.018323e-09
4.060017584861165e-06	1.101875e-09
4.060020575529384e-06	1.155374e-09
4.060026556865820e-06	1.119701e-09
4.060032014821511e-06	1.080514e-09
4.060042930732892e-06	1.038172e-09
4.060062576954495e-06	1.009378e-09
4.060087424390398e-06	1.003478e-09
4.060137119262204e-06	1.004589e-09
4.060236509005816e-06	1.005171e-09
4.060435288493039e-06	1.005147e-09
4.060756178191862e-06	1.005151e-09
4.061255006390757e-06	1.005136e-09
4.062117353981992e-06	1.005135e-09
4.063358752415402e-06	1.005134e-09
4.064646494959169e-06	1.005136e-09
4.066556240426601e-06	1.005137e-09
4.069063682864174e-06	1.005138e-09
4.072565020601431e-06	1.005138e-09
4.077447833101431e-06	1.005138e-09
4.082330645601431e-06	1.005138e-09
4.087213458101430e-06	1.005138e-09
4.189752520601426e-06	1.005138e-09
4.194635333101426e-06	1.005133e-09
4.196080896297150e-06	1.005139e-09
4.198008313891448e-06	1.005138e-09
4.200000000000000e-06	4.272712e-05
4.200005781204928e-06	2.909074e-05
4.200017343614783e-06	6.743242e-07
4.200020144864089e-06	1.847798e-05
4.200023683544422e-06	3.053238e-05
4.200030760905086e-06	7.575792e-06
4.200042159969227e-06	3.527514e-06
4.200064958097510e-06	2.508245e-07
4.200095044169838e-06	-1.387007e-07
4.200143820694470e-06	-3.869676e-07
4.200215906812621e-06	-3.514980e-07
4.200353076158238e-06	-5.444165e-07
4.200612037086261e-06	-4.218576e-07
4.200894163251355e-06	-2.973084e-07
4.201387065317411e-06	-1.167655e-07
4.202183295773546e-06	-1.965403e-08
4.203775756685817e-06	3.126215e-08
4.205588000915093e-06	1.321684e-08
4.208521774264494e-06	-7.985844e-09
4.212175826237800e-06	-1.599598e-08
4.217058638737799e-06	-1.569219e-08
4.221941451237799e-06	-1.314447e-08
4.226824263737799e-06	-9.702717e-09
4.231707076237799e-06	-6.755954e-09
4.236589888737799e-06	-4.471985e-09
4.241472701237799e-06	-2.822617e-09
4.246355513737798e-06	-1.654143e-09
4.251238326237798e-06	-8.435563e-10
4.256121138737798e-06	-2.853540e-10
4.261003951237798e-06	9.595169e-11
4.265886763737798e-06	3.549303e-10
4.270769576237797e-06	5.300080e-10
4.275652388737797e-06	6.482423e-10
4.280535201237797e-06	7.273684e-10
4.285418013737797e-06	7.814833e-10
4.290300826237797e-06	8.171810e-10
4.295183638737796e-06	8.137712e-10
4.300000000100000e-06	-2.497187e-05
4.300009536843164e-06	-5.685003e-06
4.300028610329492e-06	2.823173e-05
4.300033397739876e-06	1.167657e-06
4.300039106421722e-06	-1.989562e-05
4.300050523785414e-06	-1.107675e-06
4.300065139916122e-06	-1.264331e-06
4.300094372177538e-06	-4.325180e-08
4.300125376213226e-06	-1.768824e-07
4.300166919386205e-06	4.343168e-09
4.300206774875821e-06	-9.465400e-08
4.300263304928484e-06	2.167955e-08
4.300324336179284e-06	-5.432466e-08
4.300416617773001e-06	2.006562e-08
4.300529318368193e-06	-3.635599e-08
4.300754719558578e-06	1.245913e-09
4.300978932702362e-06	-3.563346e-09
4.301234185646995e-06	3.687032e-09
4.301511740832081e-06	-8.475041e-09
4.301936361596947e-06	6.811753e-09
4.302570659341270e-06	-3.623090e-09
4.303628171686390e-06	2.995036e-09
4.305113335484525e-06	-1.428551e-09
4.308083663080796e-06	5.098935e-10
4.310545373541417e-06	5.457494e-10
4.313467153817683e-06	1.191264e-09
4.316621002781629e-06	6.796427e-10
4.320305175908128e-06	1.421828e-09
4.324982459138136e-06	9.432227e-10
4.329865271638136e-06	1.009141e-09
4.339630896638135e-06	1.009198e-09
4.344513709138135e-06	1.128604e-08
4.346324144223732e-06	7.381191e-10
4.347586086552538e-06	3.660307e-09
4.350000000000001e-06	1.982474e-06
4.350001178668676e-06	1.568128e-06
4.350003536006027e-06	2.095307e-07
4.350004125708277e-06	6.421530e-08
4.350004835784250e-06	4.009492e-08
4.350006255936195e-06	1.657105e-08
4.350008104173173e-06	5.350344e-09
4.350011800647128e-06	1.193291e-09
4.350017949480241e-06	6.367854e-10
4.350024721749966e-06	7.632076e-10
4.350034492144871e-06	9.028553e-10
4.350048449002164e-06	1.051127e-09
4.350069382418220e-06	1.091205e-09
4.350092342094768e-06	1.065164e-09
4.350127963159218e-06	1.030830e-09
4.350176021790369e-06	1.016608e-09
4.350256209975466e-06	1.009661e-09
4.350361786161282e-06	1.007283e-09
4.350519124601344e-06	1.006094e-09
4.350707804637187e-06	1.005596e-09
4.350942460864204e-06	1.005042e-09
4.351189040854032e-06	1.004685e-09
4.351503230904465e-06	1.004547e-09
4.352007441385646e-06	1.004810e-09
4.352536261579003e-06	1.004990e-09
4.353099218242861e-06	1.005123e-09
4.353755497375045e-06	1.005250e-09
4.354379332282595e-06	1.005264e-09
4.355001531999247e-06	1.005198e-09
4.355572814594870e-06	1.005109e-09
4.356197464727613e-06	1.005063e-09
4.356779980033417e-06	1.005086e-09
4.357447616489334e-06	1.005126e-09
4.358287304347763e-06	1.005173e-09
4.359062163432348e-06	1.005159e-09
4.360031930044427e-06	1.005129e-09
4.361037694123395e-06	1.005118e-09
4.362220989580221e-06	1.005142e-09
4.363488240993468e-06	1.005145e-09
4.364927162163808e-06	1.005139e-09
4.366704954144140e-06	1.005134e-09
4.368648531725119e-06	1.005142e-09
4.371030799998734e-06	1.005136e-09
4.374246304426275e-06	1.005138e-09
4.377539443520603e-06	1.005137e-09
4.382388751449680e-06	1.005138e-09
4.387271563949680e-06	1.005138e-09
4.392154376449679e-06	1.005138e-09
4.397037188949679e-06	1.005138e-09
4.401920001449679e-06	1.005138e-09
4.406802813949679e-06	1.005138e-09
4.411685626449679e-06	1.005138e-09
4.416568438949678e-06	1.005138e-09
4.421451251449678e-06	1.005138e-09
4.426334063949678e-06	1.005138e-09
4.431216876449678e-06	1.005138e-09
4.436099688949678e-06	1.005138e-09
4.440982501449677e-06	1.005137e-09
4.445117187500001e-06	1.005137e-09
4.450000000000001e-06	9.926205e-10
4.450014680346142e-06	9.847174e-10
4.450044041038425e-06	9.535808e-10
4.450051133809108e-06	9.533737e-10
4.450060157011511e-06	9.688953e-10
4.450074592549168e-06	1.000582e-09
4.450088559530014e-06	1.017380e-09
4.450116493491705e-06	1.022711e-09
4.450166562481604e-06	1.017290e-09
4.450222729711516e-06	1.011913e-09
4.450299582541118e-06	1.008635e-09
4.450384812320938e-06	1.007016e-09
4.450510311312202e-06	1.006036e-09
4.450660407493746e-06	1.005533e-09
4.450861418914782e-06	1.005224e-09
4.451099602852040e-06	1.005015e-09
4.451431573707779e-06	1.004896e-09
4.451884626664804e-06	1.004920e-09
4.452464881723731e-06	1.005028e-09
4.453008236421944e-06	1.005094e-09
4.453575456550893e-06	1.005137e-09
4.454152434206716e-06	1.005160e-09
4.454984192593948e-06	1.005159e-09
4.455970380541487e-06	1.005140e-09
4.457003626814726e-06	1.005130e-09
4.458360307563970e-06	1.005137e-09
4.459626409806055e-06	1.005143e-09
4.460898548862619e-06	1.005140e-09
4.462245081937912e-06	1.005137e-09
4.463478122929256e-06	1.005137e-09
4.465268213016355e-06	1.005138e-09
4.466965200997118e-06	1.005138e-09
4.470359176958645e-06	1.005138e-09
4.475241989458645e-06	1.005138e-09
4.480124801958645e-06	1.005138e-09
4.485007614458645e-06	1.005138e-09
4.499656051958644e-06	1.005138e-09
4.546968353817284e-06	1.005138e-09
4.550000000100000e-06	1.005138e-09
4.554882812600000e-06	1.005141e-09
4.555156126489280e-06	1.005140e-09
4.555702754267841e-06	1.005137e-09
4.556796009824962e-06	1.005138e-09
4.557813488985758e-06	1.005138e-09
4.557965041778409e-06	1.005138e-09
4.558268147363711e-06	1.005139e-09
4.558874358534314e-06	1.005138e-09
4.560000000100000e-06	8.911153e-10
4.560002931608134e-06	8.494830e-10
4.560008794624402e-06	8.087193e-10
4.560010234767489e-06	8.757124e-10
4.560011964930933e-06	9.856388e-10
4.560014323709595e-06	1.066246e-09
4.560016863554786e-06	1.096575e-09
4.560021943245168e-06	1.100135e-09
4.560030827343156e-06	1.073491e-09
4.560047537988235e-06	1.032477e-09
4.560080959278392e-06	1.007464e-09
4.560131810903059e-06	1.004852e-09
4.560233514152393e-06	1.005720e-09
4.560436920651063e-06	1.005281e-09
4.560769405180296e-06	1.005184e-09
4.561189518377472e-06	1.005130e-09
4.561824721789184e-06	1.005137e-09
4.562745783927065e-06	1.005130e-09
4.563796070042350e-06	1.005136e-09
4.565272627979174e-06	1.005133e-09
4.567913894567655e-06	1.005138e-09
4.571220887394607e-06	1.005137e-09
4.576103699894607e-06	1.005138e-09
4.580986512394606e-06	1.005138e-09
4.585869324894606e-06	1.005138e-09
4.590752137394606e-06	1.005138e-09
4.595634949894606e-06	1.005138e-09
4.600517762394606e-06	1.005138e-09
4.610283387394605e-06	1.005138e-09
4.688408387394602e-06	1.005138e-09
4.693291199894602e-06	1.005136e-09
4.695117187500001e-06	1.005140e-09
4.696348024789203e-06	1.005138e-09
4.697538325421597e-06	1.005193e-09
4.697619398735211e-06	1.005171e-09
4.697781545362438e-06	1.005128e-09
4.698105838616893e-06	1.005142e-09
4.698754425125801e-06	1.005136e-09
4.700000000000001e-06	7.789787e-05
4.700003613472888e-06	5.816144e-05
4.700010840418662e-06	-1.375443e-05
4.700012591437630e-06	1.421238e-05
4.700014803708040e-06	5.247547e-05
4.700019228248861e-06	3.239332e-05
4.700027313155144e-06	1.354086e-05
4.700038562171593e-06	6.962361e-07
4.700053045845492e-06	-3.354903e-06
4.700068628739961e-06	-3.260322e-06
4.700092237133086e-06	-1.974586e-06
4.700127155163865e-06	-1.287609e-06
4.700196991225421e-06	-9.351692e-07
4.700336663348534e-06	-7.994735e-07
4.700616007594760e-06	-5.198599e-07
4.700953328081165e-06	4.179642e-07
4.701022101621049e-06	3.226359e-07
4.701159648700817e-06	-1.710661e-07
4.701194035470759e-06	-1.575465e-07
4.701280002395614e-06	-1.243812e-07
4.701314389165556e-06	-1.116294e-07
4.701322985858041e-06	-1.072529e-07
4.701340179243012e-06	-9.518684e-08
4.701344477589255e-06	-9.125322e-08
4.701370267666712e-06	-6.209044e-08
4.701404654436654e-06	-3.102284e-08
4.701413251129139e-06	-2.668317e-08
4.701430444514110e-06	-2.250433e-08
4.701464831284052e-06	-1.496584e-08
4.701533604823936e-06	-4.123418e-09
4.701671151903704e-06	1.002551e-08
4.701946246063240e-06	2.597375e-08
4.702496434382313e-06	3.607432e-08
4.703556741995624e-06	2.883905e-08
4.705220809636443e-06	5.397744e-09
4.706753093481884e-06	-1.175338e-08
4.708406837446664e-06	-2.062467e-08
4.710371731427364e-06	-2.033663e-08
4.711718048290761e-06	-1.554148e-08
4.713340474307880e-06	-8.906888e-09
4.715281708918830e-06	-2.423984e-09
4.715598382685239e-06	-1.829613e-09
4.716231730218057e-06	-6.865923e-08
4.716559906935016e-06	-1.198574e-06
4.716997264172655e-06	-9.151902e-06
4.717203635485529e-06	-2.619768e-05
4.717340915920897e-06	-6.230531e-05
4.717450002042356e-06	-1.239758e-04
4.717596163980774e-06	-2.547820e-04
4.717690079430982e-06	2.563758e-03
4.717814655524957e-06	1.691732e-02
4.717828698618621e-06	2.736462e-02
4.717856784805948e-06	7.315297e-02
4.717863806352779e-06	9.499367e-02
4.717877849446443e-06	1.627920e-01
4.717881360219859e-06	1.875858e-01
4.717888381766690e-06	2.609020e-01
4.717902424860354e-06	4.495043e-01
4.717914172660406e-06	6.332077e-01
4.717928142274799e-06	8.685619e-01
4.717930807849061e-06	9.167264e-01
4.717936138997587e-06	1.023312e+00
4.717942033834956e-06	1.158513e+00
4.717947031398317e-06	1.298926e+00
4.717952330283111e-06	1.475741e+00
4.717958079891163e-06	1.669539e+00
4.717960983746073e-06	1.738083e+00
4.717964883489274e-06	1.778965e+00
4.717968076883005e-06	1.790746e+00
4.717971757852084e-06	1.795273e+00
4.717976460314545e-06	1.797891e+00
4.717983980455976e-06	1.799168e+00
4.717990751618214e-06	1.799441e+00
4.718001671445462e-06	1.799727e+00
4.718015144785102e-06	1.800002e+00
4.718038653661025e-06	1.800164e+00
4.718066001589646e-06	1.800186e+00
4.718119708648699e-06	1.800179e+00
4.718213166089692e-06	1.800161e+00
4.718400080971679e-06	1.800133e+00
4.718607364715383e-06	1.800109e+00
4.718891110920845e-06	1.800085e+00
4.719189013292261e-06	1.800067e+00
4.719536736118663e-06	1.800059e+00
4.719578747155793e-06	1.800056e+00
4.719662769230052e-06	1.800050e+00
4.719683774748618e-06	1.800050e+00
4.719725785785747e-06	1.800049e+00
4.719736288545030e-06	1.800048e+00
4.719738914234850e-06	1.800048e+00
4.719744165614492e-06	1.800048e+00
4.719754668373774e-06	1.800048e+00
4.719757294063595e-06	1.800048e+00
4.719762545443236e-06	1.800048e+00
4.719773048202519e-06	1.800047e+00
4.719775673892339e-06	1.800047e+00
4.719780925271981e-06	1.800047e+00
4.719791428031263e-06	1.800047e+00
4.719812433549828e-06	1.800046e+00
4.719854444586958e-06	1.800044e+00
4.719938466661218e-06	1.800041e+00
4.720106510809736e-06	1.800035e+00
4.720442599106774e-06	1.800027e+00
4.720976291314759e-06	1.800019e+00
4.721718929156909e-06	1.800013e+00
4.722970281969854e-06	1.800007e+00
4.725358195860902e-06	1.800002e+00
4.727924419283966e-06	1.800001e+00
4.731950418197677e-06	1.800000e+00
4.736833230697677e-06	1.800000e+00
4.741716043197677e-06	1.800000e+00
4.746598855697677e-06	1.800000e+00
4.751481668197676e-06	1.800000e+00
4.756364480697676e-06	1.800000e+00
4.761247293197676e-06	1.800000e+00
4.766130105697676e-06	1.800000e+00
4.771012918197676e-06	1.800000e+00
4.775895730697675e-06	1.800000e+00
4.780778543197675e-06	1.800000e+00
4.785661355697675e-06	1.800000e+00
4.790544168197675e-06	1.800000e+00
4.795426980697675e-06	1.800000e+00
4.800000000100000e-06	1.799669e+00
4.800011307008204e-06	1.799817e+00
4.800033920824610e-06	1.800285e+00
4.800039501544852e-06	1.800183e+00
4.800046107307100e-06	1.800055e+00
4.800054950120752e-06	1.800077e+00
4.800064378501047e-06	1.800045e+00
4.800080144979417e-06	1.800041e+00
4.800102490617891e-06	1.800021e+00
4.800137483284680e-06	1.800012e+00
4.800198988156583e-06	1.800002e+00
4.800294285932805e-06	1.800001e+00
4.800472927024332e-06	1.800000e+00
4.800687971946194e-06	1.800000e+00
4.800956525128208e-06	1.800000e+00
4.801277721676685e-06	1.800000e+00
4.801753713346610e-06	1.800000e+00
4.802434811374666e-06	1.800000e+00
4.803466231320771e-06	1.800000e+00
4.804604235966164e-06	1.800000e+00
4.806103087394890e-06	1.800000e+00
4.807128596750503e-06	1.800000e+00
4.807818403636505e-06	1.800000e+00
4.808756723293537e-06	1.800000e+00
4.809224709243582e-06	1.800000e+00
4.809782295795388e-06	1.800000e+00
4.810369903390987e-06	1.800000e+00
4.811226103173611e-06	1.800000e+00
4.812164736630405e-06	1.800000e+00
4.813274455398165e-06	1.800000e+00
4.814787231311332e-06	1.800000e+00
4.817160457272563e-06	1.800000e+00
4.821906909195023e-06	1.800000e+00
4.826789721695023e-06	1.800000e+00
4.831672534195023e-06	1.800000e+00
4.836555346695023e-06	1.800000e+00
4.845117187500001e-06	1.800000e+00
4.850000000000001e-06	1.800022e+00
4.850001192092897e-06	1.800017e+00
4.850003576278688e-06	1.800001e+00
4.850004171744397e-06	1.799999e+00
4.850004889086391e-06	1.800000e+00
4.850006323770378e-06	1.800000e+00
4.850007851506139e-06	1.800000e+00
4.850010906977660e-06	1.800000e+00
4.850017017920704e-06	1.800000e+00
4.850029163111222e-06	1.800000e+00
4.850041126118466e-06	1.800000e+00
4.850060103866657e-06	1.800000e+00
4.850085699121644e-06	1.800000e+00
4.850136889631619e-06	1.800000e+00
4.850239270651567e-06	1.800000e+00
4.850350650633581e-06	1.800000e+00
4.850508900231475e-06	1.800000e+00
4.850706803146037e-06	1.800000e+00
4.850950590179969e-06	1.800000e+00
4.851239749108962e-06	1.800000e+00
4.851522355331936e-06	1.800000e+00
4.851775009587795e-06	1.800000e+00
4.852084154310097e-06	1.800000e+00
4.852385747566625e-06	1.800000e+00
4.852648432912359e-06	1.800000e+00
4.852958059498701e-06	1.800000e+00
4.853329436402695e-06	1.800000e+00
4.853693466922557e-06	1.800000e+00
4.854102479771418e-06	1.800000e+00
4.854516074765456e-06	1.800000e+00
4.854975162348665e-06	1.800000e+00
4.855495808003629e-06	1.800000e+00
4.855959267588004e-06	1.800000e+00
4.856394481839370e-06	1.800000e+00
4.856928760339759e-06	1.800000e+00
4.857514335313739e-06	1.800000e+00
4.858123521338453e-06	1.800000e+00
4.858758780673572e-06	1.800000e+00
4.859459702355419e-06	1.800000e+00
4.860437569015544e-06	1.800000e+00
4.861324765583849e-06	1.800000e+00
4.862266324333807e-06	1.800000e+00
4.863247136585480e-06	1.800000e+00
4.864475515475640e-06	1.800000e+00
4.866109719459964e-06	1.800000e+00
4.867638318273284e-06	1.800000e+00
4.869782223916040e-06	1.800000e+00
4.871863033773854e-06	1.800000e+00
4.876024653489483e-06	1.800000e+00
4.880497231836312e-06	1.800000e+00
4.885380044336312e-06	1.800000e+00
4.890262856836312e-06	1.800000e+00
4.895145669336311e-06	1.800000e+00
4.900028481836311e-06	1.800000e+00
4.904911294336311e-06	1.800000e+00
4.909794106836311e-06	1.800000e+00
4.914676919336311e-06	1.800000e+00
4.919559731836310e-06	1.800000e+00
4.924442544336310e-06	1.800000e+00
4.929325356836310e-06	1.800000e+00
4.939090981836310e-06	1.800000e+00
4.943973794336309e-06	1.800000e+00
4.945117187500001e-06	1.800000e+00
4.947403973827384e-06	1.800000e+00
4.950000000000001e-06	1.800000e+00
4.950007554730998e-06	1.800000e+00
4.950022664192992e-06	1.800000e+00
4.950026323686097e-06	1.800000e+00
4.950030962976346e-06	1.800000e+00
4.950040241556844e-06	1.800000e+00
4.950058798717841e-06	1.800000e+00
4.950084448000870e-06	1.800000e+00
4.950123900397754e-06	1.800000e+00
4.950196310106246e-06	1.800000e+00
4.950341129523230e-06	1.800000e+00
4.950474457055489e-06	1.800000e+00
4.950658726693355e-06	1.800000e+00
4.950900036987817e-06	1.800000e+00
4.951169511997165e-06	1.800000e+00
4.951488936527561e-06	1.800000e+00
4.951960531767384e-06	1.800000e+00
4.952570801030559e-06	1.800000e+00
4.953329612477857e-06	1.800000e+00
4.954081316926303e-06	1.800000e+00
4.955031674972435e-06	1.800000e+00
4.956199264463531e-06	1.800000e+00
4.957246139179401e-06	1.800000e+00
4.957841905700756e-06	1.800000e+00
4.958461903448701e-06	1.800000e+00
4.959099614662574e-06	1.800000e+00
4.959562870756330e-06	1.800000e+00
4.960071490460929e-06	1.800000e+00
4.960766893241460e-06	1.800000e+00
4.961552745367237e-06	1.800000e+00
4.962462279865803e-06	1.800000e+00
4.963541453378203e-06	1.800000e+00
4.965057483326288e-06	1.800000e+00
4.967269734115032e-06	1.800000e+00
4.970067732485405e-06	1.800000e+00
4.973150068871166e-06	1.800000e+00
4.978032881371165e-06	1.800000e+00
4.982915693871165e-06	1.800000e+00
4.992681318871165e-06	1.800000e+00
4.995117187500001e-06	1.800000e+00
4.995150413226985e-06	1.800000e+00
4.995194714196297e-06	1.800000e+00
4.995814927766673e-06	1.800000e+00
4.997941374293673e-06	1.800000e+00
5.000000000000000e-06	1.800000e+00
