time	V(comp_out)
0.000000000000000e+00	1.005148e-09
2.000000000000000e-18	1.005148e-09
4.000000000000000e-18	1.005148e-09
8.000000000000001e-18	1.005149e-09
3.760000000000000e-16	1.005228e-09
5.600000000000000e-16	1.005258e-09
2.427565714285715e-13	1.025171e-09
4.849531428571430e-13	1.042454e-09
7.271497142857144e-13	1.057107e-09
9.693462857142859e-13	1.069131e-09
1.211542857142857e-12	1.078525e-09
1.453739428571429e-12	1.085289e-09
1.695936000000000e-12	1.089423e-09
2.072768000000000e-12	1.093091e-09
2.826432000000000e-12	1.096186e-09
3.014848000000000e-12	1.096020e-09
3.391680000000000e-12	1.094195e-09
4.145344000000000e-12	1.088920e-09
5.652671999999999e-12	1.076406e-09
8.667328000000000e-12	1.054201e-09
1.469664000000000e-11	1.026621e-09
2.675526400000000e-11	1.003977e-09
4.469212564451297e-11	9.961498e-10
6.860558759014583e-11	9.968564e-10
1.000293084865459e-10	9.994728e-10
1.398729108706694e-10	1.001867e-09
1.905898873656854e-10	1.003566e-09
2.595163897768756e-10	1.004547e-09
3.685661748603543e-10	1.005015e-09
5.264972625250348e-10	1.005139e-09
7.415999848882763e-10	1.005148e-09
9.811530185534208e-10	1.005148e-09
1.271660479019333e-09	1.005148e-09
1.688662828559811e-09	1.005148e-09
2.385476780211251e-09	1.005148e-09
3.184195421459639e-09	1.005151e-09
3.322208844321456e-09	1.005148e-09
3.356712200036910e-09	1.005148e-09
3.382589716823501e-09	1.005148e-09
3.417093072538955e-09	1.005148e-09
3.425718911467819e-09	1.005148e-09
3.447283508789978e-09	1.005147e-09
3.473161025576568e-09	1.005148e-09
3.507664381292023e-09	1.005148e-09
3.576671092722931e-09	1.005148e-09
3.714684515584749e-09	1.005148e-09
3.990711361308383e-09	1.005148e-09
4.542765052755652e-09	1.005148e-09
5.239881928387358e-09	1.005148e-09
6.111990823365573e-09	1.005148e-09
6.972496121640605e-09	1.005148e-09
8.022479793498433e-09	1.005148e-09
9.004530570150290e-09	1.005148e-09
1.052824371854803e-08	1.005148e-09
1.061653583785272e-08	1.005148e-09
1.079312007646210e-08	1.005148e-09
1.083726613611444e-08	1.005148e-09
1.092555825541913e-08	1.005148e-09
1.094763128524530e-08	1.005148e-09
1.100281385981073e-08	1.005148e-09
1.103040514709345e-08	1.005148e-09
1.104144166200653e-08	1.005148e-09
1.106351469183271e-08	1.005148e-09
1.110766075148505e-08	1.005148e-09
1.119595287078974e-08	1.005148e-09
1.137253710939912e-08	1.005148e-09
1.172570558661787e-08	1.005148e-09
1.225709976831654e-08	1.005148e-09
1.294975406495222e-08	1.005148e-09
1.426261705644998e-08	1.005148e-09
1.649799665218751e-08	1.005148e-09
1.891906135015163e-08	1.005148e-09
2.176774595651281e-08	1.005148e-09
2.518268155171239e-08	1.005148e-09
2.867503349319675e-08	1.005148e-09
3.251253214480555e-08	1.005148e-09
3.739534464480555e-08	1.005148e-09
4.227815714480555e-08	1.005148e-09
4.716096964480555e-08	1.005148e-09
5.204378214480555e-08	1.005148e-09
5.692659464480555e-08	1.005148e-09
6.180940714480554e-08	1.005148e-09
6.669221964480554e-08	1.005148e-09
7.157503214480554e-08	1.005148e-09
7.645784464480554e-08	1.005148e-09
8.134065714480554e-08	1.005148e-09
9.110628214480554e-08	1.005148e-09
9.511718760000000e-08	1.005148e-09
1.000000001000000e-07	1.005148e-09
1.013092469263100e-07	1.005148e-09
1.018758040746280e-07	1.005148e-09
1.037477932919896e-07	1.005148e-09
1.951171875000000e-07	1.005148e-09
2.000000000000000e-07	1.005148e-09
2.000000000100000e-07	4.226674e-05
2.000000000300000e-07	2.530997e-04
2.000000000310000e-07	2.717292e-04
2.000000000330000e-07	3.211478e-04
2.000000000370000e-07	4.217256e-04
2.000000000380000e-07	4.377331e-04
2.000000002860000e-07	1.820204e-03
2.000000004099999e-07	2.094500e-03
2.000000185139939e-07	2.021462e-03
2.000000366179879e-07	1.950898e-03
2.000000547219819e-07	1.882808e-03
2.000000728259759e-07	1.817193e-03
2.000000909299699e-07	1.754051e-03
2.000001090339639e-07	1.693384e-03
2.000001271379580e-07	1.635191e-03
2.000002541139159e-07	1.277934e-03
2.000005080658318e-07	7.732376e-04
2.000010159696637e-07	2.335395e-04
2.000020317773274e-07	-1.195860e-04
2.000040633926547e-07	-1.699670e-04
2.000068209484300e-07	-9.114574e-05
2.000123360599805e-07	-2.248556e-05
2.000233662830816e-07	1.696718e-06
2.000454267292838e-07	1.696741e-06
2.000895476216881e-07	2.419036e-07
2.001749240899727e-07	1.079425e-07
2.003042431524284e-07	6.351589e-08
2.005628812773396e-07	4.853504e-08
2.009271911693389e-07	-1.818684e-08
2.016558109533376e-07	-9.043764e-08
2.027947693320787e-07	-1.831592e-07
2.042252918732694e-07	-3.156495e-07
2.062166782440053e-07	-6.805553e-07
2.094789530755558e-07	-2.657116e-06
2.109447489822725e-07	-6.574890e-06
2.121263413599225e-07	-1.225109e-05
2.135406403735187e-07	-1.909475e-05
2.145206891038736e-07	2.211558e-04
2.157115526381037e-07	1.531210e-03
2.159001390682580e-07	3.159954e-03
2.162773119285666e-07	1.709585e-02
2.168266731218425e-07	6.079699e-02
2.169209708664904e-07	7.953127e-02
2.171095663557862e-07	1.445726e-01
2.171451394911300e-07	1.668824e-01
2.172162857618176e-07	2.359968e-01
2.172340723294895e-07	2.601773e-01
2.172696454648333e-07	3.282744e-01
2.173407917355209e-07	4.959518e-01
2.173495022483954e-07	5.218675e-01
2.173669232741445e-07	5.837055e-01
2.173712785305818e-07	6.014550e-01
2.173799890434563e-07	6.474074e-01
2.173974100692053e-07	7.735246e-01
2.174084493906831e-07	8.836936e-01
2.174105767583110e-07	9.127753e-01
2.174148314935669e-07	9.879528e-01
2.174211581139523e-07	1.130979e+00
2.174265717340485e-07	1.295296e+00
2.174317441235868e-07	1.490728e+00
2.174359637526150e-07	1.654054e+00
2.174383350548424e-07	1.720994e+00
2.174418015681607e-07	1.769718e+00
2.174449108777192e-07	1.786913e+00
2.174483591558976e-07	1.793248e+00
2.174523222829328e-07	1.796620e+00
2.174581538654219e-07	1.798716e+00
2.174650281350097e-07	1.799364e+00
2.174729633495581e-07	1.799539e+00
2.174847224837716e-07	1.799811e+00
2.175021736140908e-07	1.800078e+00
2.175258270835322e-07	1.800176e+00
2.175598489518461e-07	1.800178e+00
2.176228787155643e-07	1.800171e+00
2.177441328154918e-07	1.800150e+00
2.179866410153469e-07	1.800117e+00
2.180472680653107e-07	1.800110e+00
2.181685221652383e-07	1.800099e+00
2.181988356902202e-07	1.800096e+00
2.182746195026749e-07	1.800090e+00
2.182821978839204e-07	1.800089e+00
2.182897762651658e-07	1.800089e+00
2.182973546464113e-07	1.800088e+00
2.183049330276568e-07	1.800088e+00
2.183125114089022e-07	1.800087e+00
2.183200897901477e-07	1.800087e+00
2.183276681713932e-07	1.800086e+00
2.183579816963750e-07	1.800084e+00
2.184186087463388e-07	1.800080e+00
2.185398628462664e-07	1.800073e+00
2.187823710461215e-07	1.800061e+00
2.191658110456027e-07	1.800046e+00
2.195862959743372e-07	1.800034e+00
2.202023299867623e-07	1.800024e+00
2.213089575579551e-07	1.800013e+00
2.226093937431602e-07	1.800006e+00
2.242369656883021e-07	1.800003e+00
2.261855812277915e-07	1.800001e+00
2.281888680299726e-07	1.800000e+00
2.304708315414340e-07	1.800000e+00
2.336364663645110e-07	1.800000e+00
2.385192788645110e-07	1.800000e+00
2.434020913645110e-07	1.800000e+00
2.482849038645110e-07	1.800000e+00
2.531677163645110e-07	1.800000e+00
2.561275011850289e-07	1.800000e+00
2.566098848978732e-07	1.800000e+00
2.570922686107174e-07	1.800000e+00
2.575746523235616e-07	1.800000e+00
2.580570360364058e-07	1.800000e+00
2.585394197492500e-07	1.800000e+00
2.590218034620942e-07	1.800000e+00
2.595041871749385e-07	1.800000e+00
2.623562643129082e-07	1.800000e+00
2.655399078757704e-07	1.800000e+00
2.704227203757704e-07	1.800000e+00
2.753055328757704e-07	1.800000e+00
2.801883453757704e-07	1.800000e+00
2.850711578757705e-07	1.800000e+00
2.893743492780460e-07	1.800000e+00
2.939698427918039e-07	1.800000e+00
2.957075535601949e-07	1.800000e+00
2.965245785632179e-07	1.800000e+00
2.981586285692639e-07	1.800000e+00
3.000000001000000e-07	1.799143e+00
3.000046645055284e-07	1.799394e+00
3.000139933165853e-07	1.800666e+00
3.000162833733439e-07	1.800563e+00
3.000190975672626e-07	1.800206e+00
3.000235046261551e-07	1.800192e+00
3.000282215856608e-07	1.800166e+00
3.000376555046721e-07	1.800128e+00
3.000478312926436e-07	1.800096e+00
3.000634067364001e-07	1.800063e+00
3.000805107623377e-07	1.800040e+00
3.001131883753319e-07	1.800019e+00
3.001628355027641e-07	1.800007e+00
3.002621297576285e-07	1.800002e+00
3.004392832995075e-07	1.800001e+00
3.007041603713429e-07	1.800000e+00
3.010109137377017e-07	1.800000e+00
3.013507734077702e-07	1.800000e+00
3.017635915320485e-07	1.800000e+00
3.022636133784838e-07	1.800000e+00
3.030148014073375e-07	1.800000e+00
3.038267028743028e-07	1.800000e+00
3.047616369223059e-07	1.800000e+00
3.057828007041424e-07	1.800000e+00
3.072178909989340e-07	1.800000e+00
3.083376897761507e-07	1.800000e+00
3.096668617600729e-07	1.800000e+00
3.115371968588213e-07	1.800000e+00
3.135374728207084e-07	1.800000e+00
3.160667691195692e-07	1.800000e+00
3.180287004763411e-07	1.800000e+00
3.204943808821444e-07	1.800000e+00
3.220028658221560e-07	1.800000e+00
3.233366355554517e-07	1.800000e+00
3.246881235350287e-07	1.800000e+00
3.257423512190516e-07	1.800000e+00
3.265901506873762e-07	1.800000e+00
3.273130083722203e-07	1.800000e+00
3.280224586598242e-07	1.800000e+00
3.288157417596557e-07	1.800000e+00
3.293006387456870e-07	1.800000e+00
3.298767318864788e-07	1.800000e+00
3.305047350955862e-07	1.800000e+00
3.313174336936292e-07	1.800000e+00
3.322416751870347e-07	1.800000e+00
3.332114287145093e-07	1.800000e+00
3.344567915039515e-07	1.800000e+00
3.359813255195026e-07	1.800000e+00
3.386074113574114e-07	1.800000e+00
3.411393801827982e-07	1.800000e+00
3.451873919222428e-07	1.800000e+00
3.500000000000000e-07	1.800000e+00
3.500000000100001e-07	1.800000e+00
3.500000001010000e-07	1.800000e+00
3.510000001010001e-07	1.800000e+00
3.520000001010001e-07	1.800000e+00
3.530000001010001e-07	1.800000e+00
3.540000001010001e-07	1.800000e+00
3.555559999945983e-07	1.800000e+00
3.571906356790964e-07	1.800000e+00
3.596896086614308e-07	1.800000e+00
3.624702489942865e-07	1.800000e+00
3.665775257203905e-07	1.800000e+00
3.714603382203905e-07	1.800000e+00
3.826802899031919e-07	1.800000e+00
3.939002415859932e-07	1.800000e+00
4.051201932687946e-07	1.800000e+00
4.163401449515960e-07	1.800000e+00
4.275600966343973e-07	1.800000e+00
4.387800483171987e-07	1.800000e+00
4.500000000000000e-07	1.800000e+00
4.500000000012500e-07	1.800000e+00
4.500000003962501e-07	1.800000e+00
4.500000005937501e-07	1.800000e+00
4.500000149830377e-07	1.800000e+00
4.500000293723252e-07	1.800000e+00
4.500000437616128e-07	1.800000e+00
4.500000581509004e-07	1.800000e+00
4.500000725401879e-07	1.800000e+00
4.500000869294755e-07	1.800000e+00
4.500001013187630e-07	1.800000e+00
4.500002024387760e-07	1.800000e+00
4.500004046788019e-07	1.800000e+00
4.500008091588538e-07	1.800000e+00
4.500016181189576e-07	1.800000e+00
4.500032360391651e-07	1.800000e+00
4.500064718795802e-07	1.800000e+00
4.500094984609049e-07	1.800000e+00
4.500135134632818e-07	1.800000e+00
4.500176631128119e-07	1.800000e+00
4.500236168399391e-07	1.800000e+00
4.500302112720855e-07	1.800000e+00
4.500395633549246e-07	1.800000e+00
4.500507007623145e-07	1.800000e+00
4.500679120055864e-07	1.800000e+00
4.500923085847464e-07	1.800000e+00
4.501411017430663e-07	1.800000e+00
4.502386880597061e-07	1.800000e+00
4.504205913234123e-07	1.800000e+00
4.505891129330308e-07	1.800000e+00
4.508072297186080e-07	1.800000e+00
4.510310294537914e-07	1.800000e+00
4.513551838474491e-07	1.800000e+00
4.516554063241610e-07	1.800000e+00
4.520729676484572e-07	1.800000e+00
4.526578384824587e-07	1.800000e+00
4.535914504881306e-07	1.800000e+00
4.545951960329036e-07	1.800000e+00
4.559278775965505e-07	1.800000e+00
4.573331866665927e-07	1.800000e+00
4.583427963619473e-07	1.800000e+00
4.593898431151938e-07	1.800000e+00
4.601452023573534e-07	1.800000e+00
4.610538159712368e-07	1.800000e+00
4.620041518957223e-07	1.800000e+00
4.625271575066996e-07	1.800000e+00
4.629306779930352e-07	1.800000e+00
4.632822831980010e-07	1.800000e+00
4.637536197037681e-07	1.800000e+00
4.640953810472135e-07	1.800000e+00
4.643942102237684e-07	1.800000e+00
4.647372452093413e-07	1.800000e+00
4.652571046003693e-07	1.800000e+00
4.658419921440804e-07	1.800000e+00
4.664174350582733e-07	1.800000e+00
4.671834623832668e-07	1.800000e+00
4.681017890392144e-07	1.800000e+00
4.694134035260934e-07	1.800000e+00
4.710927268055131e-07	1.800000e+00
4.729852636690408e-07	1.800000e+00
4.753706567436421e-07	1.800000e+00
4.785466541256520e-07	1.800000e+00
4.834294666256520e-07	1.800000e+00
4.883122791256521e-07	1.800000e+00
4.931950916256521e-07	1.800000e+00
4.980779041256521e-07	1.800000e+00
5.029607166256521e-07	1.800000e+00
5.176091541256521e-07	1.800000e+00
5.451171876000001e-07	1.800000e+00
5.500000001000001e-07	1.800000e+00
5.512423364706839e-07	1.800000e+00
5.517921562893757e-07	1.800000e+00
5.521848965856295e-07	1.800000e+00
5.526501063940248e-07	1.800000e+00
5.535805260108152e-07	1.800000e+00
5.552539064999271e-07	1.800000e+00
5.573263533353934e-07	1.800000e+00
5.600000001000000e-07	1.800000e+00
5.600075786261777e-07	1.800000e+00
5.600227356785330e-07	1.800000e+00
5.600264157371926e-07	1.800000e+00
5.600309946410733e-07	1.800000e+00
5.600401524488346e-07	1.800000e+00
5.600547566419752e-07	1.800000e+00
5.600773590458418e-07	1.800000e+00
5.601194065181841e-07	1.800000e+00
5.601837242279673e-07	1.800000e+00
5.603123596475337e-07	1.800000e+00
5.605696304866665e-07	1.800000e+00
5.609986837777483e-07	1.800000e+00
5.618196258610258e-07	1.800000e+00
5.633049823737616e-07	1.800000e+00
5.647689862258530e-07	1.800000e+00
5.670515636495439e-07	1.800000e+00
5.704470235366811e-07	1.800000e+00
5.753298360366811e-07	1.800000e+00
5.837003717509669e-07	1.800000e+00
5.920709074652526e-07	1.800000e+00
6.004414431795384e-07	1.800000e+00
6.088119788938240e-07	1.800000e+00
6.171825146081098e-07	1.800000e+00
6.255530503223956e-07	1.800000e+00
6.339235860366813e-07	1.800000e+00
6.876345235366814e-07	1.800000e+00
6.951171875000001e-07	1.800000e+00
7.000000000000001e-07	1.790142e+00
7.000011920928955e-07	1.788164e+00
7.000035762786866e-07	1.792385e+00
7.000041690294354e-07	1.798301e+00
7.000048898421903e-07	1.803970e+00
7.000061809279278e-07	1.805489e+00
7.000073878935401e-07	1.804762e+00
7.000098018247647e-07	1.802903e+00
7.000139521358047e-07	1.801056e+00
7.000209153279580e-07	1.799780e+00
7.000284404777639e-07	1.799451e+00
7.000403334958096e-07	1.799555e+00
7.000580823768084e-07	1.799847e+00
7.000745648888607e-07	1.800060e+00
7.000915915256987e-07	1.800176e+00
7.001113582236972e-07	1.800220e+00
7.001138541538816e-07	1.800220e+00
7.001144781364277e-07	1.800220e+00
7.001157261015198e-07	1.800220e+00
7.001188460142503e-07	1.800220e+00
7.001200939793425e-07	1.800221e+00
7.001225899095269e-07	1.800220e+00
7.001275817698957e-07	1.800207e+00
7.001375654906333e-07	1.800061e+00
7.001575329321085e-07	1.797894e+00
7.001974678150588e-07	1.780371e+00
7.002281853660857e-07	1.739925e+00
7.002441596925477e-07	1.684770e+00
7.002590024711803e-07	1.576740e+00
7.002785422880260e-07	1.336096e+00
7.002913106074001e-07	1.078520e+00
7.003013911250166e-07	7.617432e-01
7.003127841114873e-07	3.227513e-01
7.003185144529149e-07	1.400010e-01
7.003243737597584e-07	4.290392e-02
7.003307315736293e-07	8.784601e-03
7.003374742986216e-07	1.830038e-03
7.003447766218098e-07	9.198833e-04
7.003577503636534e-07	6.435834e-04
7.003836978473406e-07	4.445709e-04
7.004315574690724e-07	2.993548e-04
7.004993361644544e-07	2.151208e-04
7.005919355153510e-07	1.529373e-04
7.006915756556503e-07	8.934382e-05
7.007613635952665e-07	3.248080e-05
7.008464341340720e-07	-8.058114e-06
7.009000260466027e-07	-1.128323e-05
7.009801692933425e-07	-8.686209e-06
7.010943272482749e-07	-7.330777e-06
7.013033679466390e-07	-5.421582e-06
7.016589973536873e-07	-3.322738e-06
7.020304628550675e-07	-2.029437e-06
7.024651154050173e-07	-1.199548e-06
7.029948189791049e-07	-6.347578e-07
7.037322668211245e-07	-2.808720e-07
7.045818575192938e-07	-1.008625e-07
7.057880341538663e-07	1.624381e-05
7.059609908207870e-07	3.728074e-06
7.060042299875173e-07	6.848868e-09
7.060907083209777e-07	-8.343179e-09
7.066095783217400e-07	-3.640887e-09
7.073014049894232e-07	5.260530e-10
7.085461518769595e-07	4.532311e-09
7.100480716262901e-07	6.576683e-09
7.130519111249513e-07	7.999491e-09
7.179347236249513e-07	8.853078e-09
7.228175361249513e-07	8.379314e-09
7.277003486249513e-07	6.577175e-09
7.325831611249513e-07	4.471499e-09
7.374659736249513e-07	3.028541e-09
7.423487861249514e-07	2.233524e-09
7.472315986249514e-07	1.779730e-09
7.521144111249514e-07	1.504055e-09
7.569972236249514e-07	1.328123e-09
7.618800361249514e-07	1.215266e-09
7.667628486249514e-07	1.141738e-09
7.716456611249514e-07	1.094178e-09
7.765284736249514e-07	1.063080e-09
7.814112861249515e-07	1.042934e-09
7.862940986249515e-07	1.029738e-09
7.951171876000000e-07	1.016783e-09
8.000000001000000e-07	-2.934927e-05
8.000095368431641e-07	-8.587892e-06
8.000286103294922e-07	2.839956e-05
8.000333970808110e-07	1.304270e-06
8.000391315026873e-07	-1.993496e-05
8.000506003464399e-07	-7.016765e-07
8.000735380339452e-07	-8.944236e-07
8.001194134089557e-07	3.667118e-08
8.001743187964779e-07	-8.274758e-08
8.002433942755888e-07	4.974985e-08
8.003257122784930e-07	-7.849560e-08
8.004577947527466e-07	5.822827e-08
8.007056673819617e-07	-7.168566e-09
8.009882529345690e-07	4.202540e-09
8.012859865433334e-07	-1.501168e-08
8.017210646684671e-07	5.151565e-09
8.022141328242911e-07	-4.515549e-09
8.028184933460739e-07	4.957260e-09
8.035399753048897e-07	-5.307879e-09
8.045976518613098e-07	5.068132e-09
8.061100593941332e-07	-8.434095e-10
8.079957808975170e-07	1.808930e-09
8.101024280089786e-07	-6.732319e-10
8.129215621875917e-07	2.238150e-09
8.166554902681769e-07	1.333526e-10
8.264211152681770e-07	1.015223e-09
8.451171875000001e-07	4.276366e-10
8.500000000000001e-07	-2.896712e-06
8.500095367431641e-07	-1.960729e-06
8.500286102294923e-07	1.240915e-07
8.500333863192788e-07	7.545610e-08
8.500390683630641e-07	-2.385197e-08
8.500496253591429e-07	4.203158e-09
8.500627162349624e-07	-1.638734e-09
8.500888979866015e-07	1.703645e-09
8.501298916420502e-07	6.643757e-10
8.501918165868558e-07	1.185631e-09
8.502806430871916e-07	8.514154e-10
8.504338452425740e-07	1.067543e-09
8.506542827265019e-07	9.627191e-10
8.509746817836498e-07	1.030657e-09
8.514193555901088e-07	9.935326e-10
8.519588620569337e-07	1.005630e-09
8.525013598246601e-07	1.002131e-09
8.530750232482787e-07	1.008973e-09
8.536950733598882e-07	1.001019e-09
8.543768795015563e-07	1.009202e-09
8.551336309028110e-07	1.003160e-09
8.559317571944805e-07	1.012593e-09
8.569561685398553e-07	1.002975e-09
8.580714019522444e-07	1.009022e-09
8.594021021472845e-07	9.996128e-10
8.612457579626677e-07	1.004953e-09
8.630632220668752e-07	9.999711e-10
8.658970962247326e-07	1.004962e-09
8.686752098180692e-07	1.002446e-09
8.725702422280498e-07	1.006491e-09
8.774530547280498e-07	1.005135e-09
8.823358672280498e-07	1.005141e-09
8.872186797280499e-07	1.005135e-09
8.921014922280499e-07	1.005141e-09
8.969843047280499e-07	1.005135e-09
9.018671172280499e-07	1.005141e-09
9.067499297280499e-07	1.005135e-09
9.116327422280499e-07	1.005141e-09
9.165155547280499e-07	1.005135e-09
9.213983672280499e-07	1.005141e-09
9.247867701240428e-07	1.005182e-09
9.281751730200357e-07	1.005168e-09
9.315635759160286e-07	1.005098e-09
9.349519788120215e-07	1.004973e-09
9.383403817080143e-07	1.004793e-09
9.417287846040073e-07	1.004557e-09
9.451171875000001e-07	1.004266e-09
9.500000000000001e-07	-4.108866e-09
9.500145078939271e-07	-2.439381e-09
9.500435236817812e-07	1.133346e-09
9.500505345855926e-07	1.071701e-09
9.500594520825566e-07	9.690824e-10
9.500734852122449e-07	1.011594e-09
9.500897534977595e-07	9.984169e-10
9.501222900687885e-07	1.010362e-09
9.501873632108466e-07	1.006749e-09
9.502553563312548e-07	1.007308e-09
9.503728941342525e-07	1.005212e-09
9.505549195858239e-07	1.005510e-09
9.508124410247465e-07	1.005143e-09
9.510604397372102e-07	1.005295e-09
9.514566767706689e-07	1.004931e-09
9.521617170974097e-07	1.005093e-09
9.528594300612152e-07	1.005080e-09
9.537609715441876e-07	1.005177e-09
9.549068849303329e-07	1.005144e-09
9.561056014480342e-07	1.005149e-09
9.574518181356719e-07	1.005133e-09
9.588227497974589e-07	1.005156e-09
9.605238967597450e-07	1.005113e-09
9.631347263103485e-07	1.005152e-09
9.668534047702398e-07	1.005130e-09
9.717362172702399e-07	1.005138e-09
9.766190297702399e-07	1.005138e-09
9.815018422702399e-07	1.005138e-09
9.863846547702399e-07	1.005138e-09
9.912674672702399e-07	1.005138e-09
9.961502797702399e-07	1.005138e-09
1.001033092270240e-06	1.005138e-09
1.007330820174491e-06	1.005069e-09
1.013628548078743e-06	1.005044e-09
1.019926275982994e-06	1.005062e-09
1.026224003887246e-06	1.005125e-09
1.032521731791497e-06	1.005231e-09
1.038819459695749e-06	1.005382e-09
1.045117187600000e-06	1.005576e-09
1.048561344885607e-06	1.005072e-09
1.050000000100000e-06	1.005177e-09
1.052877310528786e-06	1.005149e-09
1.055117187600000e-06	1.004908e-09
1.055520245957571e-06	1.004997e-09
1.056326362672714e-06	1.005207e-09
1.057938596102999e-06	1.005123e-09
1.060000000100000e-06	8.723832e-10
1.060005735220928e-06	8.832760e-10
1.060017205462784e-06	1.068333e-09
1.060019999292525e-06	1.141739e-09
1.060023444059107e-06	1.166726e-09
1.060030333592271e-06	1.102084e-09
1.060038701594671e-06	1.050120e-09
1.060055437599471e-06	1.015621e-09
1.060088909609071e-06	1.003279e-09
1.060128260874032e-06	1.004196e-09
1.060206963403954e-06	1.004933e-09
1.060364368463799e-06	1.005076e-09
1.060679178583489e-06	1.005127e-09
1.061118588043551e-06	1.005142e-09
1.061991706292981e-06	1.005134e-09
1.063204629058686e-06	1.005136e-09
1.064592003273393e-06	1.005136e-09
1.066554353150538e-06	1.005138e-09
1.069005412848007e-06	1.005137e-09
1.073115203448338e-06	1.005138e-09
1.077998015948338e-06	1.005138e-09
1.087763640948338e-06	1.005138e-09
1.195185515948338e-06	1.005138e-09
1.200000000000000e-06	1.570436e-05
1.200014084074650e-06	1.225462e-05
1.200042252223951e-06	1.446994e-05
1.200049069423885e-06	1.430230e-05
1.200057693822385e-06	7.674927e-06
1.200074942619384e-06	1.581718e-06
1.200104852050015e-06	2.290493e-06
1.200164670911274e-06	-2.321111e-08
1.200239572035317e-06	-4.461504e-07
1.200339776014304e-06	-8.574241e-07
1.200466475860452e-06	-6.048259e-07
1.200681298358323e-06	-6.457460e-07
1.201091205304398e-06	-3.121436e-07
1.201821919574453e-06	-1.578418e-07
1.202901997301226e-06	-1.908576e-08
1.204135170614024e-06	-4.031202e-09
1.205901216018187e-06	5.345834e-09
1.208488113718806e-06	-1.460384e-08
1.213370926218806e-06	-9.148607e-09
1.218253738718806e-06	-6.846221e-09
1.223136551218806e-06	-4.863068e-09
1.228019363718806e-06	-3.371042e-09
1.232902176218806e-06	-2.273282e-09
1.237784988718806e-06	-1.476110e-09
1.242667801218806e-06	-9.072210e-10
1.247550613718806e-06	-5.061338e-10
1.252433426218806e-06	-2.210072e-10
1.257316238718806e-06	-2.637535e-11
1.262199051218806e-06	1.145963e-10
1.267081863718806e-06	2.064553e-10
1.271964676218806e-06	2.773959e-10
1.276847488718806e-06	3.192326e-10
1.281730301218806e-06	3.560672e-10
1.286613113718806e-06	3.738023e-10
1.291495926218806e-06	-2.103479e-09
1.295117187600000e-06	-2.099607e-09
1.300000000100000e-06	-2.729399e-05
1.300014118264603e-06	-1.107675e-05
1.300042354593807e-06	4.367168e-06
1.300049196052132e-06	-9.930074e-06
1.300057800714788e-06	-1.399853e-05
1.300075010040100e-06	9.560598e-07
1.300098696642974e-06	-1.272922e-06
1.300146069848723e-06	9.640785e-09
1.300192134675011e-06	-3.450532e-07
1.300264986735432e-06	2.253896e-08
1.300338414226632e-06	-2.133807e-07
1.300469840347538e-06	7.362716e-08
1.300652220823972e-06	-6.143102e-08
1.300933823703220e-06	8.052003e-09
1.301231840715205e-06	-3.347276e-08
1.301679025044756e-06	2.129800e-08
1.302316321904660e-06	-7.122795e-10
1.302976102576166e-06	1.701797e-08
1.303999424306305e-06	-6.436704e-09
1.305382706102898e-06	8.337650e-09
1.307492570935981e-06	-1.631233e-09
1.310110731833748e-06	1.637278e-09
1.312871142334765e-06	-1.731697e-09
1.316627578044689e-06	2.030799e-09
1.320926478648895e-06	2.488833e-10
1.325809291148895e-06	1.058652e-09
1.335574916148895e-06	1.058424e-09
1.345340541148895e-06	7.765720e-10
1.350000000000000e-06	5.982715e-06
1.350009536743164e-06	4.051017e-06
1.350028610229492e-06	-2.535259e-07
1.350033383561161e-06	-1.522496e-07
1.350039027908081e-06	5.037564e-08
1.350048845393204e-06	-6.385655e-09
1.350061353958444e-06	6.089431e-09
1.350084394721006e-06	-4.825270e-10
1.350120049791731e-06	1.740293e-09
1.350173499359795e-06	6.250941e-10
1.350250431524222e-06	1.262739e-09
1.350364823712221e-06	8.334619e-10
1.350542355468251e-06	1.098425e-09
1.350799810621083e-06	9.554146e-10
1.351141596622478e-06	1.051366e-09
1.351640851718338e-06	9.969608e-10
1.352181497026722e-06	1.012091e-09
1.352765486226972e-06	1.007691e-09
1.353329342480381e-06	1.008043e-09
1.353909938180035e-06	9.993782e-10
1.354532732800922e-06	1.013088e-09
1.355226452674651e-06	1.002242e-09
1.355948429913183e-06	1.011448e-09
1.356747428968772e-06	9.912869e-10
1.357798910085882e-06	1.003867e-09
1.358817243250711e-06	1.001106e-09
1.359934696330739e-06	1.014646e-09
1.361395383826927e-06	1.008073e-09
1.362725784556831e-06	1.013436e-09
1.364490536850596e-06	1.004094e-09
1.366328799577949e-06	1.013065e-09
1.369064937065745e-06	1.002316e-09
1.372377458006756e-06	1.008200e-09
1.376675716204859e-06	1.003906e-09
1.381558528704859e-06	1.005143e-09
1.386441341204859e-06	1.005132e-09
1.391324153704859e-06	1.005143e-09
1.396206966204859e-06	1.005133e-09
1.401089778704859e-06	1.005143e-09
1.405972591204859e-06	1.005133e-09
1.410855403704859e-06	1.005143e-09
1.415738216204859e-06	1.005133e-09
1.420621028704859e-06	1.005143e-09
1.425503841204859e-06	1.005133e-09
1.430386653704859e-06	1.005143e-09
1.435269466204859e-06	1.005133e-09
1.440152278704859e-06	1.005143e-09
1.445035091204859e-06	1.508009e-09
1.445117187500000e-06	1.265011e-09
1.445281380090281e-06	8.824812e-10
1.445609765270844e-06	1.064727e-09
1.446266535631969e-06	9.757691e-10
1.447580076354220e-06	1.018473e-09
1.450000000000000e-06	9.135799e-09
1.450007324764121e-06	6.551780e-09
1.450021974292362e-06	5.238374e-10
1.450025506140386e-06	6.483429e-10
1.450030012102891e-06	1.027803e-09
1.450039024027902e-06	9.786886e-10
1.450057047877922e-06	9.982755e-10
1.450083742953268e-06	1.007264e-09
1.450113007619900e-06	1.011272e-09
1.450149476545153e-06	1.010004e-09
1.450197735728666e-06	1.008909e-09
1.450268146928751e-06	1.007076e-09
1.450363648572027e-06	1.006263e-09
1.450508367970202e-06	1.005490e-09
1.450743469041397e-06	1.005230e-09
1.451000751000684e-06	1.005063e-09
1.451362425709686e-06	1.005024e-09
1.451723111605711e-06	1.004996e-09
1.452344597217851e-06	1.005068e-09
1.452973318186713e-06	1.005099e-09
1.453817073516870e-06	1.005149e-09
1.454918240312636e-06	1.005158e-09
1.455992255264649e-06	1.005146e-09
1.457143510226256e-06	1.005129e-09
1.458637245491161e-06	1.005136e-09
1.460091297085121e-06	1.005138e-09
1.461667488556483e-06	1.005145e-09
1.464819871499206e-06	1.005138e-09
1.467772285257225e-06	1.005141e-09
1.472655097757225e-06	1.005138e-09
1.477537910257225e-06	1.005138e-09
1.482420722757225e-06	1.005138e-09
1.487303535257225e-06	1.005138e-09
1.492186347757225e-06	1.005138e-09
1.501951972757225e-06	1.005138e-09
1.506834785257225e-06	1.005138e-09
1.511717597757225e-06	1.005138e-09
1.545117187600000e-06	1.005139e-09
1.550000000100000e-06	1.005138e-09
1.554882812600000e-06	1.005058e-09
1.555117187600000e-06	1.005096e-09
1.555585937600000e-06	1.005159e-09
1.556523437599999e-06	1.005128e-09
1.558125000100001e-06	1.005140e-09
1.560000000100000e-06	8.929819e-10
1.560005071209262e-06	8.862031e-10
1.560015213427785e-06	1.022197e-09
1.560017693816363e-06	1.106393e-09
1.560020710102710e-06	1.159180e-09
1.560026742675403e-06	1.120599e-09
1.560032468228310e-06	1.078953e-09
1.560043919334122e-06	1.036010e-09
1.560065241375502e-06	1.007958e-09
1.560091551178689e-06	1.003231e-09
1.560144170785063e-06	1.004657e-09
1.560249409997811e-06	1.005145e-09
1.560459888423307e-06	1.005137e-09
1.560790403012287e-06	1.005149e-09
1.561321883482469e-06	1.005135e-09
1.562283991775679e-06	1.005135e-09
1.563572552453216e-06	1.005135e-09
1.564938765039564e-06	1.005137e-09
1.567087761868529e-06	1.005137e-09
1.570041826489767e-06	1.005138e-09
1.574054773294411e-06	1.005138e-09
1.583820398294411e-06	1.005138e-09
1.695117187500000e-06	1.005138e-09
1.700000000000000e-06	1.975938e-04
1.700001192092896e-06	1.547818e-04
1.700003576278687e-06	-1.434203e-04
1.700004174672335e-06	-1.554387e-04
1.700004894016719e-06	-8.697081e-05
1.700006332705485e-06	-3.446559e-05
1.700009210083019e-06	3.454100e-06
1.700014964838086e-06	1.894830e-05
1.700026474348221e-06	1.267393e-05
1.700040888636040e-06	4.949072e-06
1.700061335148109e-06	1.654280e-06
1.700092317334091e-06	3.687385e-07
1.700141086099153e-06	-6.333028e-08
1.700209198245303e-06	-3.491123e-07
1.700325109925185e-06	-5.503705e-07
1.700534791960840e-06	-5.342026e-07
1.700765042524465e-06	-4.026198e-07
1.701197105607235e-06	-2.165646e-07
1.701869757418491e-06	-7.060829e-08
1.703215061041001e-06	1.572811e-08
1.705091318079808e-06	1.780714e-08
1.708221461952023e-06	-7.853218e-09
1.711626215990425e-06	-1.475273e-08
1.716509028490425e-06	-1.418480e-08
1.721391840990425e-06	-1.189443e-08
1.726274653490425e-06	-8.613934e-09
1.731157465990425e-06	-5.925802e-09
1.736040278490425e-06	-3.817327e-09
1.740923090990425e-06	-2.328598e-09
1.745805903490425e-06	-1.265349e-09
1.750688715990425e-06	-5.376144e-10
1.755571528490425e-06	-3.511502e-11
1.760454340990425e-06	3.036718e-10
1.765337153490425e-06	5.328111e-10
1.770219965990425e-06	6.900365e-10
1.775102778490425e-06	7.939391e-10
1.779985590990425e-06	8.647802e-10
1.784868403490425e-06	9.107097e-10
1.789751215990425e-06	9.427445e-10
1.796083505819151e-06	7.661167e-10
1.798016142257452e-06	9.802503e-10
1.800000000100000e-06	-1.797307e-05
1.800012853019779e-06	-4.031226e-06
1.800038558859336e-06	9.632353e-06
1.800044203422761e-06	-6.147690e-06
1.800052353396066e-06	-1.518954e-05
1.800067965260803e-06	-1.313761e-08
1.800084764955560e-06	-1.412944e-06
1.800118364345073e-06	-7.852024e-09
1.800150696536677e-06	-3.402143e-07
1.800200894762095e-06	-1.775762e-08
1.800246663991036e-06	-1.854597e-07
1.800319287838478e-06	1.976263e-08
1.800394606821374e-06	-1.087942e-07
1.800528620275232e-06	4.034749e-08
1.800718059121666e-06	-1.031332e-08
1.800932511917991e-06	1.423906e-08
1.801189103249709e-06	-5.951063e-09
1.801475259123014e-06	2.008904e-08
1.801910990117115e-06	-1.051657e-08
1.802553786335299e-06	9.480902e-09
1.803548049593981e-06	-3.815586e-09
1.804999268105158e-06	6.074595e-09
1.807812636321138e-06	1.665657e-09
1.810320799907478e-06	1.111881e-09
1.812865631690784e-06	-1.808789e-11
1.815949801896607e-06	1.433437e-09
1.819318497398911e-06	-3.615809e-10
1.824201309898911e-06	1.020567e-09
1.829084122398911e-06	1.017270e-09
1.838849747398911e-06	1.017156e-09
1.843732559898911e-06	-6.666093e-09
1.847230744797821e-06	2.682778e-09
1.850000000000000e-06	4.191853e-06
1.850001192092896e-06	3.310522e-06
1.850003576278687e-06	4.268897e-07
1.850004172904033e-06	1.215714e-07
1.850004890811765e-06	7.492358e-08
1.850006326627229e-06	2.995627e-08
1.850008216814626e-06	8.701322e-09
1.850011997189421e-06	1.279753e-09
1.850018271587463e-06	5.524206e-10
1.850025237439296e-06	8.002380e-10
1.850035307867199e-06	9.189817e-10
1.850049865149829e-06	1.047713e-09
1.850071385772414e-06	1.072112e-09
1.850095685196433e-06	1.051901e-09
1.850133257569377e-06	1.024754e-09
1.850185121975738e-06	1.014419e-09
1.850270382033066e-06	1.008630e-09
1.850382374328613e-06	1.006920e-09
1.850543481731943e-06	1.005848e-09
1.850736070905472e-06	1.005462e-09
1.850985428383957e-06	1.004895e-09
1.851284743646145e-06	1.004692e-09
1.851697736673286e-06	1.004689e-09
1.852222358533848e-06	1.004921e-09
1.852749341554798e-06	1.005055e-09
1.853277502100019e-06	1.005194e-09
1.853840552752945e-06	1.005263e-09
1.854489136533479e-06	1.005240e-09
1.854997509450370e-06	1.005161e-09
1.855545886558407e-06	1.005070e-09
1.856085192988343e-06	1.005040e-09
1.856726898304260e-06	1.005100e-09
1.857434897658542e-06	1.005150e-09
1.858193196390839e-06	1.005185e-09
1.859036185532765e-06	1.005153e-09
1.859871413254563e-06	1.005128e-09
1.860870444353890e-06	1.005118e-09
1.861981424932703e-06	1.005146e-09
1.863140673454144e-06	1.005141e-09
1.864606932060234e-06	1.005134e-09
1.866046923056756e-06	1.005126e-09
1.868055588158070e-06	1.005140e-09
1.870004508541175e-06	1.005133e-09
1.872817775157033e-06	1.005138e-09
1.875705888578597e-06	1.005136e-09
1.879472084133327e-06	1.005140e-09
1.884354896633327e-06	1.005138e-09
1.889237709133327e-06	1.005138e-09
1.894120521633327e-06	1.005138e-09
1.899003334133327e-06	1.005138e-09
1.903886146633327e-06	1.005138e-09
1.908768959133327e-06	1.005138e-09
1.913651771633327e-06	1.005138e-09
1.918534584133327e-06	1.005138e-09
1.923417396633327e-06	1.005138e-09
1.928300209133326e-06	1.005138e-09
1.933183021633326e-06	1.005138e-09
1.938065834133326e-06	1.005138e-09
1.942948646633326e-06	1.005148e-09
1.945117187500000e-06	1.005086e-09
1.945662918266651e-06	1.005103e-09
1.946754379799954e-06	1.005137e-09
1.947817076933395e-06	1.005715e-09
1.947989663332557e-06	1.004994e-09
1.948680008929204e-06	1.005148e-09
1.949200939449465e-06	1.005013e-09
1.949514399020027e-06	1.004939e-09
1.949840656670724e-06	1.005182e-09
1.950000000000000e-06	9.976864e-10
1.950040219935920e-06	9.804507e-10
1.950058298830175e-06	9.672821e-10
1.950070992301778e-06	9.678651e-10
1.950086017147425e-06	9.870500e-10
1.950101437258524e-06	1.006465e-09
1.950131078250833e-06	1.018930e-09
1.950164894299530e-06	1.018343e-09
1.950213631700803e-06	1.013260e-09
1.950268616413701e-06	1.009977e-09
1.950349199923072e-06	1.007682e-09
1.950439882328356e-06	1.006494e-09
1.950561535135080e-06	1.005797e-09
1.950704963925913e-06	1.005434e-09
1.950906189016456e-06	1.005172e-09
1.951155815386597e-06	1.004997e-09
1.951517122885877e-06	1.004909e-09
1.951984629547502e-06	1.004956e-09
1.952568270988468e-06	1.005049e-09
1.953177940103647e-06	1.005110e-09
1.953879730150823e-06	1.005148e-09
1.954732593361840e-06	1.005159e-09
1.956314454993537e-06	1.005140e-09
1.957940962421267e-06	1.005134e-09
1.959373246571885e-06	1.005141e-09
1.960806533335951e-06	1.005141e-09
1.962155004139823e-06	1.005137e-09
1.963479195093169e-06	1.005137e-09
1.965040425836535e-06	1.005138e-09
1.967088948738433e-06	1.005138e-09
1.971185994542228e-06	1.005138e-09
1.976068807042228e-06	1.005138e-09
1.980951619542228e-06	1.005138e-09
1.985834432042228e-06	1.005138e-09
1.990717244542227e-06	1.005138e-09
1.995600057042227e-06	1.005138e-09
2.048502441793302e-06	1.005138e-09
2.050000000100000e-06	1.005138e-09
2.052995116713397e-06	1.005138e-09
2.055834350058271e-06	1.005136e-09
2.056276416107757e-06	1.005137e-09
2.057160548206729e-06	1.005139e-09
2.058231735902056e-06	1.005139e-09
2.060000000100000e-06	9.125149e-10
2.060006303614557e-06	9.148020e-10
2.060018910643670e-06	1.052715e-09
2.060021882262003e-06	1.110788e-09
2.060025619088463e-06	1.130643e-09
2.060031187086549e-06	1.088831e-09
2.060036999523864e-06	1.056064e-09
2.060047094312236e-06	1.027870e-09
2.060060929737457e-06	1.011573e-09
2.060086104611282e-06	1.005704e-09
2.060136454358932e-06	1.005184e-09
2.060226023693695e-06	1.005535e-09
2.060405162363222e-06	1.005289e-09
2.060746106473626e-06	1.005175e-09
2.061158837037008e-06	1.005137e-09
2.061813542076405e-06	1.005134e-09
2.062761670017168e-06	1.005131e-09
2.063845072384924e-06	1.005134e-09
2.065338428720482e-06	1.005135e-09
2.067590028618960e-06	1.005137e-09
2.070725941990592e-06	1.005138e-09
2.075608754490592e-06	1.005138e-09
2.080491566990592e-06	1.005138e-09
2.085374379490592e-06	1.005138e-09
2.090257191990591e-06	1.005138e-09
2.095140004490591e-06	1.005138e-09
2.100022816990591e-06	1.005138e-09
2.109788441990591e-06	1.005138e-09
2.187913441990587e-06	1.005138e-09
2.192796254490587e-06	1.005137e-09
2.195117187500000e-06	1.005148e-09
2.195358133981174e-06	1.005143e-09
2.195840026943521e-06	1.005135e-09
2.196803812868216e-06	1.005139e-09
2.198072428150611e-06	1.005137e-09
2.200000000000000e-06	5.114071e-05
2.200005711852483e-06	3.967172e-05
2.200017135557448e-06	1.169771e-05
2.200019895515665e-06	2.663981e-05
2.200023396083508e-06	3.478655e-05
2.200030397219195e-06	7.028942e-06
2.200043969010858e-06	-2.109311e-06
2.200057646528550e-06	-3.991641e-06
2.200077447925612e-06	-2.384022e-06
2.200102624412907e-06	-1.727903e-06
2.200152977387496e-06	-9.019454e-07
2.200253683336675e-06	-8.502835e-07
2.200455095235032e-06	-6.035815e-07
2.200735416033413e-06	-3.940265e-07
2.201111067296111e-06	-3.205692e-06
2.201185895411122e-06	-8.908713e-07
2.201204602439875e-06	-1.510018e-07
2.201242016497381e-06	-1.154575e-07
2.201251370011757e-06	-1.103108e-07
2.201270077040510e-06	-9.645004e-08
2.201274753797698e-06	-9.178545e-08
2.201284107312075e-06	-8.054097e-08
2.201302814340827e-06	-5.965308e-08
2.201340228398333e-06	-3.349929e-08
2.201415056513345e-06	-1.106607e-08
2.201564712743367e-06	1.069277e-08
2.201833005615347e-06	3.360564e-08
2.202369591359306e-06	5.201782e-08
2.203100312547758e-06	5.005803e-08
2.204449496653759e-06	2.366178e-08
2.206341208204543e-06	-7.647664e-09
2.208642197123340e-06	-2.205742e-08
2.211288807198578e-06	-1.793499e-08
2.213263522455808e-06	-1.038370e-08
2.215729761793179e-06	-3.314515e-09
2.218141902169598e-06	-3.996307e-10
2.222368592133507e-06	1.320632e-09
2.222978943696007e-06	1.408312e-09
2.224199646821007e-06	1.701034e-09
2.224504822602257e-06	-5.816237e-09
2.225115174164758e-06	-4.150945e-07
2.225396771413696e-06	-2.317490e-06
2.225762432972941e-06	-1.157068e-05
2.225937037698708e-06	-2.772556e-05
2.226056820126494e-06	-5.927846e-05
2.226170182442242e-06	-1.167845e-04
2.226314108683513e-06	-2.249308e-04
2.226407227448513e-06	1.143844e-04
2.226521895243595e-06	8.947191e-03
2.226580620267761e-06	2.915924e-02
2.226593691057925e-06	4.490732e-02
2.226619832638254e-06	1.032501e-01
2.226626368033336e-06	1.293491e-01
2.226639438823500e-06	2.080020e-01
2.226642706521041e-06	2.352852e-01
2.226649241916123e-06	3.087832e-01
2.226662312706287e-06	4.827111e-01
2.226676216795100e-06	6.891384e-01
2.226690594744648e-06	9.182914e-01
2.226692580869846e-06	9.530833e-01
2.226696553120243e-06	1.032822e+00
2.226703237666220e-06	1.191669e+00
2.226708817015857e-06	1.360396e+00
2.226715931743241e-06	1.612747e+00
2.226719008770540e-06	1.707714e+00
2.226721765361031e-06	1.757704e+00
2.226724986628187e-06	1.782004e+00
2.226728527462421e-06	1.791821e+00
2.226732253761903e-06	1.795874e+00
2.226738038799233e-06	1.798433e+00
2.226744659673407e-06	1.799260e+00
2.226752341174428e-06	1.799477e+00
2.226762871758735e-06	1.799761e+00
2.226779487218017e-06	1.800056e+00
2.226802642394591e-06	1.800176e+00
2.226835539429161e-06	1.800185e+00
2.226893073809656e-06	1.800178e+00
2.227006539254936e-06	1.800157e+00
2.227233470145495e-06	1.800125e+00
2.227464058044534e-06	1.800100e+00
2.227756929465304e-06	1.800078e+00
2.228080603114118e-06	1.800057e+00
2.228102106448033e-06	1.800058e+00
2.228145113115863e-06	1.800060e+00
2.228155864782821e-06	1.800060e+00
2.228165272491409e-06	1.800059e+00
2.228177368116736e-06	1.800059e+00
2.228182743950215e-06	1.800059e+00
2.228193495617172e-06	1.800059e+00
2.228214998951087e-06	1.800058e+00
2.228258005618917e-06	1.800055e+00
2.228344018954577e-06	1.800050e+00
2.228516045625898e-06	1.800043e+00
2.228860098968539e-06	1.800033e+00
2.229331196123386e-06	1.800024e+00
2.230045036912362e-06	1.800016e+00
2.231418535601894e-06	1.800007e+00
2.233358066347630e-06	1.800002e+00
2.235600424763577e-06	1.800001e+00
2.238607728069639e-06	1.800000e+00
2.243040893545839e-06	1.800000e+00
2.247923706045839e-06	1.800000e+00
2.252806518545839e-06	1.800000e+00
2.257689331045839e-06	1.800000e+00
2.262572143545839e-06	1.800000e+00
2.267454956045838e-06	1.800000e+00
2.272337768545838e-06	1.800000e+00
2.277220581045838e-06	1.800000e+00
2.282103393545838e-06	1.800000e+00
2.286986206045838e-06	1.800000e+00
2.291869018545837e-06	1.800000e+00
2.295117187600000e-06	1.800000e+00
2.300000000100000e-06	1.799695e+00
2.300012069449100e-06	1.799836e+00
2.300036208147300e-06	1.800267e+00
2.300042164391870e-06	1.800170e+00
2.300049217737256e-06	1.800050e+00
2.300059164696222e-06	1.800070e+00
2.300069603995839e-06	1.800040e+00
2.300086265360100e-06	1.800037e+00
2.300111439606376e-06	1.800017e+00
2.300146153297887e-06	1.800010e+00
2.300211020970578e-06	1.800002e+00
2.300303280804877e-06	1.800001e+00
2.300473276459786e-06	1.800000e+00
2.300683363153317e-06	1.800000e+00
2.300955759709709e-06	1.800000e+00
2.301296509032099e-06	1.800000e+00
2.301845806227302e-06	1.800000e+00
2.302697450927153e-06	1.800000e+00
2.303798824439524e-06	1.800000e+00
2.304956135050191e-06	1.800000e+00
2.306289315257545e-06	1.800000e+00
2.307775730705877e-06	1.800000e+00
2.309194441625590e-06	1.800000e+00
2.309885748496906e-06	1.800000e+00
2.310471493332958e-06	1.800000e+00
2.311109568198939e-06	1.800000e+00
2.311527113395288e-06	1.800000e+00
2.312006635657681e-06	1.800000e+00
2.312643517611758e-06	1.800000e+00
2.313352591502349e-06	1.800000e+00
2.314206612737115e-06	1.800000e+00
2.315222276756574e-06	1.800000e+00
2.316759251379301e-06	1.800000e+00
2.319082916557262e-06	1.800000e+00
2.323730246913184e-06	1.800000e+00
2.328504999499613e-06	1.800000e+00
2.333387811999613e-06	1.800000e+00
2.338270624499613e-06	1.800000e+00
2.343153436999612e-06	1.800000e+00
2.345117187500001e-06	1.800000e+00
2.346072498999224e-06	1.800000e+00
2.347983121997670e-06	1.800000e+00
2.350000000000000e-06	1.800021e+00
2.350005199150197e-06	1.800014e+00
2.350015597450589e-06	1.799999e+00
2.350018048155735e-06	1.799999e+00
2.350021158748313e-06	1.800000e+00
2.350025650364284e-06	1.800000e+00
2.350030389798107e-06	1.800000e+00
2.350039254831899e-06	1.800000e+00
2.350052285015199e-06	1.800000e+00
2.350078249886085e-06	1.800000e+00
2.350118617698278e-06	1.800000e+00
2.350199353322663e-06	1.800000e+00
2.350320900205164e-06	1.800000e+00
2.350446053031270e-06	1.800000e+00
2.350648148543476e-06	1.800000e+00
2.350874779935529e-06	1.800000e+00
2.351125720978985e-06	1.800000e+00
2.351353249925256e-06	1.800000e+00
2.351544233223647e-06	1.800000e+00
2.351787691303732e-06	1.800000e+00
2.352010588763454e-06	1.800000e+00
2.352206337789744e-06	1.800000e+00
2.352457117135763e-06	1.800000e+00
2.352728452822248e-06	1.800000e+00
2.353071569286830e-06	1.800000e+00
2.353433564099280e-06	1.800000e+00
2.353853909017344e-06	1.800000e+00
2.354384540777617e-06	1.800000e+00
2.354864824805523e-06	1.800000e+00
2.355471185751082e-06	1.800000e+00
2.356125115455097e-06	1.800000e+00
2.356741055313706e-06	1.800000e+00
2.357395464324124e-06	1.800000e+00
2.358249790971177e-06	1.800000e+00
2.359043839111063e-06	1.800000e+00
2.359965719713828e-06	1.800000e+00
2.361191913248671e-06	1.800000e+00
2.362407725233748e-06	1.800000e+00
2.363919966817571e-06	1.800000e+00
2.365573494619661e-06	1.800000e+00
2.367733757898338e-06	1.800000e+00
2.370148360887112e-06	1.800000e+00
2.373349098038356e-06	1.800000e+00
2.377066326930543e-06	1.800000e+00
2.381949139430543e-06	1.800000e+00
2.386831951930542e-06	1.800000e+00
2.391714764430542e-06	1.800000e+00
2.396597576930542e-06	1.800000e+00
2.401480389430542e-06	1.800000e+00
2.406363201930542e-06	1.800000e+00
2.411246014430541e-06	1.800000e+00
2.416128826930541e-06	1.800000e+00
2.421011639430541e-06	1.800000e+00
2.425894451930541e-06	1.800000e+00
2.430777264430541e-06	1.800000e+00
2.435660076930540e-06	1.800000e+00
2.440542889430540e-06	1.800000e+00
2.445425701930540e-06	1.800000e+00
2.450000000000000e-06	1.800000e+00
2.450012421003423e-06	1.800000e+00
2.450037263010269e-06	1.800000e+00
2.450043334730956e-06	1.800000e+00
2.450050933365586e-06	1.800000e+00
2.450060361296150e-06	1.800000e+00
2.450079217157277e-06	1.800000e+00
2.450102451243876e-06	1.800000e+00
2.450146042798208e-06	1.800000e+00
2.450223114834419e-06	1.800000e+00
2.450377258906842e-06	1.800000e+00
2.450543653000202e-06	1.800000e+00
2.450727615629174e-06	1.800000e+00
2.451006909353283e-06	1.800000e+00
2.451294747588961e-06	1.800000e+00
2.451619843417575e-06	1.800000e+00
2.452076657343535e-06	1.800000e+00
2.452786473580071e-06	1.800000e+00
2.453553155806566e-06	1.800000e+00
2.454414028290735e-06	1.800000e+00
2.455322182551065e-06	1.800000e+00
2.456536718017265e-06	1.800000e+00
2.457521787683406e-06	1.800000e+00
2.458651902736190e-06	1.800000e+00
2.459438814546393e-06	1.800000e+00
2.459893145996942e-06	1.800000e+00
2.460370597059372e-06	1.800000e+00
2.460869699525619e-06	1.800000e+00
2.461227295917684e-06	1.800000e+00
2.461623064127495e-06	1.800000e+00
2.462249050948400e-06	1.800000e+00
2.462833985908439e-06	1.800000e+00
2.463596751010848e-06	1.800000e+00
2.464425172824263e-06	1.800000e+00
2.465679882486467e-06	1.800000e+00
2.467121650275151e-06	1.800000e+00
2.469412118091506e-06	1.800000e+00
2.471907142548560e-06	1.800000e+00
2.474786809484002e-06	1.800000e+00
2.479669621984002e-06	1.800000e+00
2.484552434484001e-06	1.800000e+00
2.489435246984001e-06	1.800000e+00
2.494318059484001e-06	1.800000e+00
2.499200871984001e-06	1.800000e+00
2.547939606403992e-06	1.800000e+00
2.550000000100000e-06	1.800000e+00
2.554120787492016e-06	1.800000e+00
2.555117187600001e-06	1.800000e+00
2.557109987815970e-06	1.800000e+00
2.560000000100000e-06	1.800000e+00
2.560007870455925e-06	1.800000e+00
2.560023611167775e-06	1.800000e+00
2.560027452901457e-06	1.800000e+00
2.560032126335235e-06	1.800000e+00
2.560041473202792e-06	1.800000e+00
2.560051633129781e-06	1.800000e+00
2.560071496814822e-06	1.800000e+00
2.560108716890798e-06	1.800000e+00
2.560156803667745e-06	1.800000e+00
2.560252977221638e-06	1.800000e+00
2.560445324329425e-06	1.800000e+00
2.560774236197592e-06	1.800000e+00
2.561292311068977e-06	1.800000e+00
2.561855759202852e-06	1.800000e+00
2.562829659631689e-06	1.800000e+00
2.564227227318828e-06	1.800000e+00
2.565704441628205e-06	1.800000e+00
2.568091882109902e-06	1.800000e+00
2.571580147437824e-06	1.800000e+00
2.576462959937824e-06	1.800000e+00
2.586228584937823e-06	1.800000e+00
2.688767647437819e-06	1.800000e+00
2.693650459937819e-06	1.800000e+00
2.697066544875637e-06	1.800000e+00
2.700000000000000e-06	1.797383e+00
2.700007372190550e-06	1.798419e+00
2.700022116571650e-06	1.803306e+00
2.700025746413990e-06	1.801951e+00
2.700030131778065e-06	1.799315e+00
2.700034324177777e-06	1.799582e+00
2.700039010507864e-06	1.799930e+00
2.700045562673563e-06	1.799872e+00
2.700053569944082e-06	1.799991e+00
2.700066603658175e-06	1.799971e+00
2.700086449499573e-06	1.799869e+00
2.700090600755900e-06	1.799892e+00
2.700098903268553e-06	1.800018e+00
2.700100978896717e-06	1.800017e+00
2.700105130153044e-06	1.800007e+00
2.700113432665697e-06	1.800008e+00
2.700115508293860e-06	1.800007e+00
2.700116027200901e-06	1.800007e+00
2.700117065014983e-06	1.800007e+00
2.700119140643146e-06	1.800007e+00
2.700123291899473e-06	1.800007e+00
2.700131594412127e-06	1.800007e+00
2.700148199437434e-06	1.800007e+00
2.700181409488048e-06	1.800007e+00
2.700245592204226e-06	1.800006e+00
2.700349222544173e-06	1.800005e+00
2.700464618716421e-06	1.800004e+00
2.700598547636003e-06	1.800004e+00
2.700769939330616e-06	1.800003e+00
2.701034693837428e-06	1.800003e+00
2.701475488281679e-06	1.800002e+00
2.702357077170183e-06	1.800001e+00
2.704120254947190e-06	1.800000e+00
2.705848741385165e-06	1.800000e+00
2.708296003322830e-06	1.800000e+00
2.710060524511255e-06	1.800000e+00
2.712347211397670e-06	1.800000e+00
2.714591355018602e-06	1.800000e+00
2.719079642260466e-06	1.800000e+00
2.719689993822967e-06	1.800000e+00
2.720910696947967e-06	1.800000e+00
2.721603334297005e-06	1.800001e+00
2.722534276588336e-06	1.800004e+00
2.722657426467379e-06	1.800011e+00
2.722903726225466e-06	1.800062e+00
2.723041608771695e-06	1.799155e+00
2.723152570065501e-06	1.787470e+00
2.723230820684182e-06	1.746373e+00
2.723288287938208e-06	1.682043e+00
2.723335302498188e-06	1.622265e+00
2.723387647305638e-06	1.552787e+00
2.723409703155160e-06	1.490532e+00
2.723431896230189e-06	1.354955e+00
2.723454601706248e-06	1.102987e+00
2.723471620147997e-06	7.880079e-01
2.723490543066269e-06	3.310813e-01
2.723500000059692e-06	1.284230e-01
2.723507730338572e-06	3.916176e-02
2.723517147369354e-06	7.600958e-03
2.723525775435746e-06	2.482400e-03
2.723535836859693e-06	1.596386e-03
2.723555588121592e-06	8.560834e-04
2.723588691401872e-06	4.540322e-04
2.723628579743100e-06	3.055812e-04
2.723665993777922e-06	2.428988e-04
2.723738978000793e-06	1.810423e-04
2.723835590805460e-06	1.249786e-04
2.723919133014883e-06	6.555617e-05
2.723993750475006e-06	1.010835e-05
2.724073923682199e-06	-1.199045e-05
2.724139380839164e-06	-1.132447e-05
2.724216114426390e-06	-1.025542e-05
2.724369581600842e-06	-8.406261e-06
2.724631748279682e-06	-1.889752e-05
2.724647000856364e-06	-1.480939e-05
2.724677506009728e-06	-5.146460e-06
2.724738516316455e-06	-4.918880e-06
2.724753768893137e-06	-4.626804e-06
2.724757582037307e-06	-4.548703e-06
2.724767114897733e-06	-4.503184e-06
2.724793806906927e-06	-4.315276e-06
2.724824312060290e-06	-4.117328e-06
2.724885322367018e-06	-3.758395e-06
2.725007342980473e-06	-3.159429e-06
2.725251384207384e-06	-2.248447e-06
2.725520955606432e-06	-1.554913e-06
2.725890900482810e-06	-9.654819e-07
2.726400940095289e-06	-5.136978e-07
2.727265676264030e-06	-1.564711e-07
2.728208395234586e-06	-8.213783e-09
2.729674673766100e-06	4.214800e-08
2.731608359127661e-06	3.068955e-08
2.734626637546214e-06	-3.230720e-09
2.737954797651963e-06	-1.385935e-08
2.742262422749427e-06	-1.149266e-08
2.747145235249427e-06	-8.963103e-09
2.752028047749427e-06	-6.353220e-09
2.756910860249427e-06	-4.217341e-09
2.761793672749427e-06	-2.631419e-09
2.766676485249426e-06	-1.486684e-09
2.771559297749426e-06	-6.942517e-10
2.776442110249426e-06	-1.414460e-10
2.781324922749426e-06	2.308786e-10
2.786207735249426e-06	4.871451e-10
2.791090547749425e-06	6.614158e-10
2.795117187600001e-06	7.604102e-10
2.800000000100001e-06	-2.943332e-05
2.800009536843165e-06	-8.665476e-06
2.800028610329493e-06	2.843187e-05
2.800033397739877e-06	1.279378e-06
2.800039111385029e-06	-1.994256e-05
2.800050538675335e-06	-1.020183e-06
2.800066266921631e-06	-1.197786e-06
2.800097723414222e-06	-4.857544e-08
2.800130175787403e-06	-1.749251e-07
2.800174354209751e-06	7.616888e-09
2.800217204582225e-06	-9.850698e-08
2.800279758103370e-06	2.388759e-08
2.800348819321151e-06	-5.760216e-08
2.800459978003547e-06	2.611177e-08
2.800613604777293e-06	-1.289445e-08
2.800810597833438e-06	1.049496e-08
2.801056670200482e-06	-1.062821e-09
2.801315268139037e-06	1.204709e-08
2.801700201205188e-06	-5.790684e-09
2.802255906522276e-06	6.141619e-09
2.803098358317396e-06	-1.654520e-09
2.804252370774666e-06	4.231296e-09
2.806357841329947e-06	6.873385e-10
2.808650748238826e-06	1.476083e-09
2.811286802772657e-06	7.449330e-10
2.814166725383963e-06	1.707486e-09
2.817990109526267e-06	1.111928e-09
2.821634390005097e-06	1.574362e-09
2.826517202505097e-06	1.008232e-09
2.831400015005097e-06	1.010051e-09
2.845117187500001e-06	6.193241e-10
2.850000000000001e-06	-2.281661e-06
2.850001192092896e-06	-1.801332e-06
2.850003576278687e-06	-2.311478e-07
2.850004173080109e-06	-6.485334e-08
2.850004890864130e-06	-3.947624e-08
2.850006326432172e-06	-1.512519e-08
2.850008258776447e-06	-3.493612e-09
2.850012123464997e-06	4.669072e-10
2.850018529184811e-06	8.555318e-10
2.850025717399357e-06	8.414899e-10
2.850036096813857e-06	9.597725e-10
2.850051282654871e-06	1.032265e-09
2.850073855895314e-06	1.054674e-09
2.850099667948877e-06	1.037165e-09
2.850139883045773e-06	1.020306e-09
2.850195994040954e-06	1.011530e-09
2.850287804063872e-06	1.007993e-09
2.850406751033267e-06	1.006292e-09
2.850575152584492e-06	1.005704e-09
2.850776819766659e-06	1.005196e-09
2.851048854720504e-06	1.004884e-09
2.851437148290101e-06	1.004701e-09
2.851930939015846e-06	1.004860e-09
2.852389827723508e-06	1.004989e-09
2.852899080798632e-06	1.005117e-09
2.853358356487500e-06	1.005219e-09
2.853921007970152e-06	1.005277e-09
2.854335486591064e-06	1.005249e-09
2.854851637605350e-06	1.005145e-09
2.855327846184765e-06	1.005064e-09
2.855936131667564e-06	1.005061e-09
2.856529210372655e-06	1.005096e-09
2.857186774181732e-06	1.005158e-09
2.857964007050265e-06	1.005178e-09
2.858696014785908e-06	1.005158e-09
2.859501003371753e-06	1.005119e-09
2.860466172112551e-06	1.005123e-09
2.861442965418312e-06	1.005139e-09
2.862515306836192e-06	1.005151e-09
2.863754318952022e-06	1.005136e-09
2.865049966855147e-06	1.005136e-09
2.866676687645302e-06	1.005139e-09
2.868355264166652e-06	1.005145e-09
2.870935629629092e-06	1.005137e-09
2.873475306512006e-06	1.005142e-09
2.877342740908260e-06	1.005138e-09
2.881866941585723e-06	1.005138e-09
2.886749754085723e-06	1.005138e-09
2.891632566585723e-06	1.005138e-09
2.896515379085722e-06	1.005138e-09
2.901398191585722e-06	1.005138e-09
2.906281004085722e-06	1.005138e-09
2.911163816585722e-06	1.005138e-09
2.916046629085722e-06	1.005138e-09
2.920929441585721e-06	1.005138e-09
2.925812254085721e-06	1.005138e-09
2.930695066585721e-06	1.005138e-09
2.935577879085721e-06	1.005138e-09
2.940460691585721e-06	1.005138e-09
2.945343504085720e-06	1.005138e-09
2.950000000000001e-06	9.931042e-10
2.950013966442759e-06	9.874283e-10
2.950041899328275e-06	9.648314e-10
2.950048646659628e-06	9.649578e-10
2.950057231692876e-06	9.768795e-10
2.950069796960694e-06	9.981700e-10
2.950085373086466e-06	1.012552e-09
2.950116525338009e-06	1.018080e-09
2.950154777909192e-06	1.015375e-09
2.950197874590695e-06	1.011728e-09
2.950254593670700e-06	1.009109e-09
2.950330202829898e-06	1.007332e-09
2.950428812342936e-06	1.006262e-09
2.950553288093024e-06	1.005671e-09
2.950713990505131e-06	1.005341e-09
2.950923708883849e-06	1.005124e-09
2.951209066007203e-06	1.004978e-09
2.951611129748447e-06	1.004937e-09
2.952182808896262e-06	1.005010e-09
2.952765173590040e-06	1.005081e-09
2.953430114913972e-06	1.005129e-09
2.954135648312849e-06	1.005154e-09
2.955168668318204e-06	1.005153e-09
2.956177615719556e-06	1.005139e-09
2.957319785969664e-06	1.005134e-09
2.958322702892231e-06	1.005138e-09
2.959530749331299e-06	1.005141e-09
2.960879236517131e-06	1.005139e-09
2.962026536491240e-06	1.005138e-09
2.963733531761679e-06	1.005138e-09
2.965324564096397e-06	1.005138e-09
2.968506628765832e-06	1.005138e-09
2.973389441265832e-06	1.005138e-09
2.978272253765832e-06	1.005138e-09
2.983155066265831e-06	1.005138e-09
2.988037878765831e-06	1.005138e-09
3.045117187600001e-06	1.005138e-09
3.050000000100000e-06	1.005138e-09
3.054882812600000e-06	1.005143e-09
3.055117187600001e-06	1.005141e-09
3.055585937600002e-06	1.005137e-09
3.056523437600005e-06	1.005137e-09
3.058125000099995e-06	1.005139e-09
3.060000000100001e-06	8.961030e-10
3.060004872641858e-06	8.862697e-10
3.060014617725572e-06	9.943366e-10
3.060017014217948e-06	1.073163e-09
3.060019872667330e-06	1.132749e-09
3.060024263000705e-06	1.121237e-09
3.060028835900930e-06	1.091918e-09
3.060037140402080e-06	1.053758e-09
3.060049519374746e-06	1.023316e-09
3.060070286192801e-06	1.007976e-09
3.060111819828912e-06	1.004704e-09
3.060181212336935e-06	1.005357e-09
3.060319997352982e-06	1.005322e-09
3.060597567385076e-06	1.005186e-09
3.060979111760488e-06	1.005148e-09
3.061547367240656e-06	1.005133e-09
3.062615429759254e-06	1.005132e-09
3.063707544306248e-06	1.005133e-09
3.065138908702274e-06	1.005136e-09
3.067204979701808e-06	1.005137e-09
3.069640351122994e-06	1.005138e-09
3.074341695654789e-06	1.005138e-09
3.079224508154789e-06	1.005138e-09
3.084107320654789e-06	1.005138e-09
3.088990133154789e-06	1.005138e-09
3.093872945654788e-06	1.005138e-09
3.103638570654788e-06	1.005138e-09
3.108521383154788e-06	1.005138e-09
3.113404195654788e-06	1.005138e-09
3.118287008154787e-06	1.005138e-09
3.129262748061247e-06	1.005138e-09
3.140238487967705e-06	1.005138e-09
3.151214227874165e-06	1.005138e-09
3.162189967780624e-06	1.005138e-09
3.173165707687083e-06	1.005138e-09
3.184141447593542e-06	1.005138e-09
3.195117187500001e-06	1.005138e-09
3.200000000000001e-06	2.380293e-05
3.200014262509474e-06	1.899336e-05
3.200042787528421e-06	5.471592e-06
3.200049689110611e-06	1.913193e-06
3.200058425385506e-06	-3.320618e-06
3.200075897935296e-06	-4.220350e-06
3.200100562939663e-06	-7.175286e-07
3.200149892948398e-06	-1.339545e-06
3.200248552965867e-06	-5.572422e-07
3.200445873000805e-06	-6.096108e-07
3.200714779058784e-06	-3.204620e-07
3.201078541131679e-06	9.590693e-06
3.201150052877480e-06	2.306612e-06
3.201167930813930e-06	-4.095576e-08
3.201203686686831e-06	-1.105442e-07
3.201275198432632e-06	-7.325846e-08
3.201293076369083e-06	-6.220287e-08
3.201328832241983e-06	-3.635570e-08
3.201337771210209e-06	-3.065495e-08
3.201355649146659e-06	-2.372631e-08
3.201391405019560e-06	-1.375507e-08
3.201462916765361e-06	3.306011e-11
3.201605940256964e-06	1.836579e-08
3.201891987240170e-06	3.993066e-08
3.202464081206581e-06	5.433424e-08
3.203554437754222e-06	4.248376e-08
3.205108580409848e-06	8.542873e-09
3.207075731980706e-06	-1.893089e-08
3.208914640390794e-06	-2.403212e-08
3.210396422541042e-06	-1.949766e-08
3.212156909812741e-06	-1.204851e-08
3.214207802263588e-06	-5.581082e-09
3.216756980392336e-06	-1.518216e-09
3.220237962574267e-06	3.704322e-10
3.225120775074266e-06	8.371430e-10
3.230003587574266e-06	6.589408e-10
3.230613939136766e-06	6.197149e-10
3.231834642261766e-06	4.432935e-09
3.232139818043016e-06	6.736109e-09
3.232750169605517e-06	7.382825e-09
3.232902757496142e-06	6.487064e-09
3.233207933277392e-06	3.969535e-09
3.233284227222704e-06	-4.870698e-11
3.233436815113329e-06	-4.846703e-08
3.233741990894579e-06	-3.358941e-07
3.233818284839892e-06	-6.661537e-07
3.233970872730517e-06	-2.349806e-06
3.234276048511767e-06	-9.292737e-06
3.234439545908760e-06	-1.962043e-05
3.234575236983489e-06	-4.293328e-05
3.234693540455520e-06	-8.518841e-05
3.234863492911219e-06	-1.787903e-04
3.234985095454042e-06	-1.251877e-04
3.235106971462084e-06	1.950634e-02
3.235234499491508e-06	8.687183e-02
3.235243682874489e-06	1.061229e-01
3.235262049640452e-06	1.795051e-01
3.235265878381768e-06	2.031739e-01
3.235273535864398e-06	2.735873e-01
3.235288850829660e-06	4.508299e-01
3.235301881592470e-06	6.246858e-01
3.235317917793386e-06	8.564314e-01
3.235321152025645e-06	9.084078e-01
3.235327620490162e-06	1.023891e+00
3.235329237606292e-06	1.056131e+00
3.235332471838550e-06	1.131326e+00
3.235337649439484e-06	1.275605e+00
3.235342797601157e-06	1.448755e+00
3.235348460581787e-06	1.653007e+00
3.235350903653883e-06	1.721420e+00
3.235354061662889e-06	1.767426e+00
3.235357346848781e-06	1.786477e+00
3.235360688940046e-06	1.793228e+00
3.235364736628384e-06	1.796707e+00
3.235370467808477e-06	1.798666e+00
3.235378085219210e-06	1.799314e+00
3.235386016066914e-06	1.799537e+00
3.235398200014749e-06	1.799854e+00
3.235415813101862e-06	1.800102e+00
3.235440752935793e-06	1.800180e+00
3.235479387172385e-06	1.800182e+00
3.235555036085350e-06	1.800171e+00
3.235697400867863e-06	1.800147e+00
3.235982130432890e-06	1.800114e+00
3.236472645444129e-06	1.800076e+00
3.236574420505419e-06	1.800069e+00
3.236777970628000e-06	1.800054e+00
3.236841580041307e-06	1.800052e+00
3.236930633219936e-06	1.800048e+00
3.236954259573450e-06	1.800048e+00
3.236977885926964e-06	1.800047e+00
3.237001512280478e-06	1.800046e+00
3.237025138633992e-06	1.800045e+00
3.237048764987506e-06	1.800044e+00
3.237072391341020e-06	1.800044e+00
3.237096017694534e-06	1.800043e+00
3.237197792755824e-06	1.800040e+00
3.237401342878405e-06	1.800035e+00
3.237808443123568e-06	1.800027e+00
3.238469372015991e-06	1.800018e+00
3.239326482341231e-06	1.800011e+00
3.240901976513569e-06	1.800005e+00
3.242877794303308e-06	1.800002e+00
3.244935097026781e-06	1.800000e+00
3.247359723277056e-06	1.800000e+00
3.250623081692692e-06	1.800000e+00
3.255505894192692e-06	1.800000e+00
3.260388706692691e-06	1.800000e+00
3.265668370658302e-06	1.800000e+00
3.266777837196685e-06	1.800000e+00
3.267887303735067e-06	1.800000e+00
3.268996770273450e-06	1.800000e+00
3.270106236811833e-06	1.800000e+00
3.271215703350216e-06	1.800000e+00
3.272325169888598e-06	1.800000e+00
3.273434636426981e-06	1.800000e+00
3.278317448926980e-06	1.800000e+00
3.283200261426980e-06	1.800000e+00
3.288083073926980e-06	1.800000e+00
3.292965886426980e-06	1.800000e+00
3.295117187600001e-06	1.800000e+00
3.296857818061875e-06	1.800000e+00
3.298643684557511e-06	1.800000e+00
3.299216419161706e-06	1.800000e+00
3.300000000100000e-06	1.798309e+00
3.300001993459395e-06	1.798552e+00
3.300005980178185e-06	1.800706e+00
3.300006955631486e-06	1.800875e+00
3.300008170776437e-06	1.800504e+00
3.300010601066339e-06	1.800318e+00
3.300013575471670e-06	1.800267e+00
3.300019524282332e-06	1.800225e+00
3.300028513869413e-06	1.800170e+00
3.300039506547911e-06	1.800122e+00
3.300052362785388e-06	1.800087e+00
3.300069936001875e-06	1.800057e+00
3.300096525047146e-06	1.800031e+00
3.300145260464552e-06	1.800012e+00
3.300242731299362e-06	1.800002e+00
3.300407103233774e-06	1.800000e+00
3.300588714176073e-06	1.800000e+00
3.300825077215473e-06	1.800000e+00
3.301132753710347e-06	1.800000e+00
3.301630371519900e-06	1.800000e+00
3.302511288131435e-06	1.800000e+00
3.303616070393546e-06	1.800000e+00
3.304696737264731e-06	1.800000e+00
3.306173277133158e-06	1.800000e+00
3.307284968172181e-06	1.800000e+00
3.308373953245655e-06	1.800000e+00
3.309642837022636e-06	1.800000e+00
3.311181631698930e-06	1.800000e+00
3.311364850747221e-06	1.800000e+00
3.311731288843801e-06	1.800000e+00
3.312153099060259e-06	1.800000e+00
3.312706584801068e-06	1.800000e+00
3.313223836099877e-06	1.800000e+00
3.313575809134953e-06	1.800000e+00
3.314040140484437e-06	1.800000e+00
3.314532912231237e-06	1.800000e+00
3.315129028730366e-06	1.800000e+00
3.315849264297913e-06	1.800000e+00
3.316699168314151e-06	1.800000e+00
3.317782485448700e-06	1.800000e+00
3.319341522761365e-06	1.800000e+00
3.321970713782965e-06	1.800000e+00
3.324981581438406e-06	1.800000e+00
3.329420386532467e-06	1.800000e+00
3.334303199032467e-06	1.800000e+00
3.339186011532467e-06	1.800000e+00
3.345117187500001e-06	1.800000e+00
3.347213914435070e-06	1.800000e+00
3.350000000000001e-06	1.800000e+00
3.350007259860399e-06	1.800000e+00
3.350021779581197e-06	1.800000e+00
3.350025200564107e-06	1.800000e+00
3.350029529041771e-06	1.800000e+00
3.350036531127463e-06	1.800000e+00
3.350043746638612e-06	1.800000e+00
3.350056878773115e-06	1.800000e+00
3.350076358719188e-06	1.800000e+00
3.350111855654817e-06	1.800000e+00
3.350182849526076e-06	1.800000e+00
3.350318921358475e-06	1.800000e+00
3.350441488817136e-06	1.800000e+00
3.350620518121934e-06	1.800000e+00
3.350814188046950e-06	1.800000e+00
3.351061126162071e-06	1.800000e+00
3.351267029536044e-06	1.800000e+00
3.351473589803443e-06	1.800000e+00
3.351695182200254e-06	1.800000e+00
3.351945760364833e-06	1.800000e+00
3.352213869587689e-06	1.800000e+00
3.352514864476040e-06	1.800000e+00
3.352853572668096e-06	1.800000e+00
3.353190519683269e-06	1.800000e+00
3.353570290054173e-06	1.800000e+00
3.353928703569607e-06	1.800000e+00
3.354287581078865e-06	1.800000e+00
3.354716224436236e-06	1.800000e+00
3.355192997816911e-06	1.800000e+00
3.355719690215108e-06	1.800000e+00
3.356307729621585e-06	1.800000e+00
3.356914955392561e-06	1.800000e+00
3.357580623725669e-06	1.800000e+00
3.358290049456873e-06	1.800000e+00
3.359057082026842e-06	1.800000e+00
3.359992151941372e-06	1.800000e+00
3.361129856864344e-06	1.800000e+00
3.362284224553333e-06	1.800000e+00
3.363772777631459e-06	1.800000e+00
3.365303858235001e-06	1.800000e+00
3.367794762886816e-06	1.800000e+00
3.370128043458412e-06	1.800000e+00
3.373676084304531e-06	1.800000e+00
3.377978501833840e-06	1.800000e+00
3.382861314333840e-06	1.800000e+00
3.387744126833840e-06	1.800000e+00
3.392626939333840e-06	1.800000e+00
3.397509751833840e-06	1.800000e+00
3.402392564333839e-06	1.800000e+00
3.407275376833839e-06	1.800000e+00
3.412158189333839e-06	1.800000e+00
3.417041001833839e-06	1.800000e+00
3.426806626833838e-06	1.800000e+00
3.431689439333838e-06	1.800000e+00
3.436572251833838e-06	1.800000e+00
3.441455064333838e-06	1.800000e+00
3.445117187500001e-06	1.800000e+00
3.450000000000001e-06	1.800000e+00
3.450011737834743e-06	1.800000e+00
3.450035213504227e-06	1.800000e+00
3.450041048915472e-06	1.800000e+00
3.450048178115318e-06	1.800000e+00
3.450056196589778e-06	1.800000e+00
3.450072233538697e-06	1.800000e+00
3.450091252704190e-06	1.800000e+00
3.450126216720819e-06	1.800000e+00
3.450181687597234e-06	1.800000e+00
3.450292629350063e-06	1.800000e+00
3.450464832781147e-06	1.800000e+00
3.450662349157402e-06	1.800000e+00
3.450860773332492e-06	1.800000e+00
3.451110009805828e-06	1.800000e+00
3.451420015409346e-06	1.800000e+00
3.451757260133278e-06	1.800000e+00
3.452269282659376e-06	1.800000e+00
3.453031950915517e-06	1.800000e+00
3.454056643219695e-06	1.800000e+00
3.455105977859499e-06	1.800000e+00
3.456593949217083e-06	1.800000e+00
3.457514163214049e-06	1.800000e+00
3.458266584572124e-06	1.800000e+00
3.459148310236695e-06	1.800000e+00
3.460098670105220e-06	1.800000e+00
3.460723865758110e-06	1.800000e+00
3.461136884346984e-06	1.800000e+00
3.461476046641407e-06	1.800000e+00
3.461862459720142e-06	1.800000e+00
3.462278469038205e-06	1.800000e+00
3.462548217063102e-06	1.800000e+00
3.462917044736656e-06	1.800000e+00
3.463264105556587e-06	1.800000e+00
3.463734538172543e-06	1.800000e+00
3.464294692315499e-06	1.800000e+00
3.464971482265173e-06	1.800000e+00
3.465787527514952e-06	1.800000e+00
3.466883614577232e-06	1.800000e+00
3.468271871148921e-06	1.800000e+00
3.470821599767740e-06	1.800000e+00
3.473220473017546e-06	1.800000e+00
3.476017382277226e-06	1.800000e+00
3.480900194777226e-06	1.800000e+00
3.485783007277225e-06	1.800000e+00
3.490665819777225e-06	1.800000e+00
3.495548632277225e-06	1.800000e+00
3.500431444777225e-06	1.800000e+00
3.505314257277225e-06	1.800000e+00
3.548879753668845e-06	1.800000e+00
3.550000000100000e-06	1.800000e+00
3.552240492962310e-06	1.800000e+00
3.555519014375381e-06	1.800000e+00
3.560000000100001e-06	1.800000e+00
3.560009536843165e-06	1.800000e+00
3.560028610329493e-06	1.800000e+00
3.560033387820644e-06	1.800000e+00
3.560039026321414e-06	1.800000e+00
3.560050303322955e-06	1.800000e+00
3.560066067770257e-06	1.800000e+00
3.560095489761594e-06	1.800000e+00
3.560154333744270e-06	1.800000e+00
3.560248061261336e-06	1.800000e+00
3.560435516295468e-06	1.800000e+00
3.560714707701322e-06	1.800000e+00
3.561273090513029e-06	1.800000e+00
3.561779649632160e-06	1.800000e+00
3.562688287612029e-06	1.800000e+00
3.563893220486439e-06	1.800000e+00
3.565292080115930e-06	1.800000e+00
3.567129195651316e-06	1.800000e+00
3.570625594444223e-06	1.800000e+00
3.574290803775790e-06	1.800000e+00
3.579173616275790e-06	1.800000e+00
3.584056428775789e-06	1.800000e+00
3.695117187500001e-06	1.800000e+00
3.700000000000001e-06	1.797976e+00
3.700009536743165e-06	1.798751e+00
3.700028610229493e-06	1.801692e+00
3.700033385610458e-06	1.800445e+00
3.700038973468017e-06	1.799020e+00
3.700045492815281e-06	1.799745e+00
3.700052552497916e-06	1.799904e+00
3.700062851435666e-06	1.799911e+00
3.700074273387081e-06	1.799988e+00
3.700090938349537e-06	1.800339e+00
3.700093721945427e-06	1.800273e+00
3.700099289137209e-06	1.799942e+00
3.700100680935154e-06	1.799943e+00
3.700103464531045e-06	1.799980e+00
3.700109031722827e-06	1.799984e+00
3.700110423520772e-06	1.799984e+00
3.700113207116663e-06	1.799989e+00
3.700113903015635e-06	1.799989e+00
3.700115294813581e-06	1.799989e+00
3.700118078409471e-06	1.799989e+00
3.700123645601253e-06	1.799991e+00
3.700134779984817e-06	1.799993e+00
3.700157048751944e-06	1.799997e+00
3.700201586286197e-06	1.800001e+00
3.700290661354704e-06	1.800006e+00
3.700403427405093e-06	1.800009e+00
3.700522975998557e-06	1.800010e+00
3.700670647887426e-06	1.800009e+00
3.700875948970549e-06	1.800009e+00
3.701211491871321e-06	1.800007e+00
3.701819582992540e-06	1.800005e+00
3.703035765234977e-06	1.800002e+00
3.704748380761555e-06	1.800001e+00
3.705835634015411e-06	1.800002e+00
3.706940238864377e-06	1.800007e+00
3.706992892464168e-06	1.800009e+00
3.707098199663749e-06	1.800025e+00
3.707221316688135e-06	1.800043e+00
3.707384876304156e-06	1.796726e+00
3.707485719150143e-06	1.777842e+00
3.707550386837950e-06	1.732097e+00
3.707616823176259e-06	1.653234e+00
3.707666237909873e-06	1.588399e+00
3.707708573876714e-06	1.507399e+00
3.707729141117980e-06	1.412448e+00
3.707755578338816e-06	1.166138e+00
3.707772065517859e-06	8.882853e-01
3.707792016427974e-06	4.102767e-01
3.707801769397966e-06	1.751204e-01
3.707808831611082e-06	6.631968e-02
3.707818819797551e-06	1.126723e-02
3.707825858764125e-06	2.703589e-03
3.707835954013453e-06	1.763460e-03
3.707848432204856e-06	1.092374e-03
3.707873388587661e-06	5.896221e-04
3.707902603006448e-06	3.854914e-04
3.707939038524249e-06	2.891826e-04
3.707984778780385e-06	2.265121e-04
3.708076259292657e-06	1.610024e-04
3.708164317630047e-06	1.118194e-04
3.708228246447014e-06	6.055800e-05
3.708301595467428e-06	5.774703e-06
3.708376878271820e-06	-1.231652e-05
3.708456599059236e-06	-1.098364e-05
3.708530932074675e-06	-1.004499e-05
3.708679598105554e-06	-8.265166e-06
3.708976930167311e-06	-5.560586e-06
3.709408997511241e-06	-3.019859e-06
3.709858090389382e-06	-1.613576e-06
3.710310626553614e-06	-4.578166e-06
3.710356576559472e-06	-3.525651e-06
3.710448476571188e-06	-6.558128e-07
3.710471451574117e-06	-6.395495e-07
3.710517401579975e-06	-6.215593e-07
3.710551864084368e-06	-5.941963e-07
3.710583044445486e-06	-5.699284e-07
3.710614224806604e-06	-5.467338e-07
3.710645405167722e-06	-5.246124e-07
3.710676585528840e-06	-5.035642e-07
3.710707765889958e-06	-4.835892e-07
3.710738946251076e-06	-4.646875e-07
3.710770126612193e-06	-4.468590e-07
3.710953926635625e-06	-3.558081e-07
3.711321526682487e-06	-2.236390e-07
3.711767328996175e-06	-1.242042e-07
3.712449576780977e-06	-4.987431e-08
3.713606243513342e-06	-4.576203e-09
3.715919576978072e-06	1.339368e-08
3.719035388783231e-06	1.166979e-08
3.723918201283230e-06	4.355423e-09
3.728801013783230e-06	1.111742e-09
3.733683826283230e-06	8.014373e-10
3.738566638783230e-06	8.862548e-10
3.743449451283230e-06	9.069284e-10
3.748332263783229e-06	9.458154e-10
3.753215076283229e-06	9.601446e-10
3.758097888783229e-06	9.764354e-10
3.762980701283229e-06	9.842689e-10
3.772746326283228e-06	9.953853e-10
3.787394763783228e-06	1.002061e-09
3.795117187600001e-06	1.003717e-09
3.800000000100000e-06	-1.512127e-05
3.800014319354782e-06	-3.079497e-06
3.800042957864345e-06	3.575364e-06
3.800049883112690e-06	-1.012353e-05
3.800058611511255e-06	-1.357074e-05
3.800076068308387e-06	7.708853e-07
3.800098114287330e-06	-1.360996e-06
3.800142206245214e-06	1.062368e-08
3.800184938008407e-06	-3.707973e-07
3.800253207049325e-06	1.421959e-08
3.800320591953350e-06	-2.223523e-07
3.800440371238907e-06	6.839920e-08
3.800598745922556e-06	-6.668051e-08
3.800841336673377e-06	1.532355e-08
3.801113564593484e-06	-2.700160e-08
3.801481130099605e-06	3.098865e-08
3.802078915399275e-06	2.551011e-09
3.802655536705166e-06	1.884196e-08
3.803566937702255e-06	-5.558177e-09
3.804730409283420e-06	1.066228e-08
3.806691733369105e-06	-3.265205e-10
3.808865462998041e-06	3.832772e-09
3.811656130184653e-06	6.044255e-10
3.814577995529464e-06	3.325892e-09
3.818444470506434e-06	-4.121353e-10
3.823327283006433e-06	1.052967e-09
3.828210095506433e-06	1.046601e-09
3.837975720506433e-06	1.046374e-09
3.842858533006433e-06	-5.351386e-09
3.845117187500001e-06	6.223361e-08
3.846213698038593e-06	-1.703953e-08
3.847675712090049e-06	7.721606e-09
3.850000000000000e-06	5.686333e-06
3.850006415844187e-06	3.898923e-06
3.850019247532560e-06	-3.529111e-07
3.850022370380774e-06	-2.664260e-07
3.850026223481216e-06	2.187130e-08
3.850033929682101e-06	-2.728837e-10
3.850043094274452e-06	1.884751e-09
3.850061423459155e-06	8.537682e-10
3.850086453816100e-06	1.116630e-09
3.850123657045204e-06	9.667271e-10
3.850174720683710e-06	1.045911e-09
3.850254175527151e-06	9.872428e-10
3.850373745407687e-06	1.017907e-09
3.850550662836877e-06	9.974732e-10
3.850817168077580e-06	1.008477e-09
3.851158099722613e-06	1.000885e-09
3.851680849566071e-06	1.005327e-09
3.852229378431670e-06	1.004581e-09
3.852814613664642e-06	1.004980e-09
3.853381091365522e-06	1.004948e-09
3.853969691207511e-06	1.005536e-09
3.854587583514716e-06	1.004394e-09
3.855290871041266e-06	1.005330e-09
3.856024327588567e-06	1.004755e-09
3.856811300322147e-06	1.006456e-09
3.857911461992925e-06	1.005370e-09
3.858940843187921e-06	1.005482e-09
3.860079990415496e-06	1.004447e-09
3.861534275238355e-06	1.004913e-09
3.862862905804422e-06	1.004177e-09
3.864946036232991e-06	1.005053e-09
3.866928050864714e-06	1.004514e-09
3.869980510182463e-06	1.005425e-09
3.874043355377763e-06	1.004993e-09
3.878926167877762e-06	1.005139e-09
3.883808980377762e-06	1.005138e-09
3.888691792877762e-06	1.005138e-09
3.893574605377762e-06	1.005138e-09
3.898457417877762e-06	1.005138e-09
3.903340230377761e-06	1.005138e-09
3.908223042877761e-06	1.005138e-09
3.913105855377761e-06	1.005138e-09
3.917988667877761e-06	1.005138e-09
3.922871480377761e-06	1.005138e-09
3.927754292877760e-06	1.005139e-09
3.932637105377760e-06	1.005138e-09
3.937519917877760e-06	1.005138e-09
3.942402730377760e-06	1.005700e-09
3.945117187500000e-06	1.005701e-09
3.950000000000000e-06	1.688950e-09
3.950014557558027e-06	1.460359e-09
3.950043672674079e-06	9.676880e-10
3.950050707030168e-06	9.775154e-10
3.950059655116945e-06	9.982016e-10
3.950071578595176e-06	1.001934e-09
3.950088047836703e-06	1.009956e-09
3.950120986319755e-06	1.010567e-09
3.950171328834959e-06	1.009676e-09
3.950223751793616e-06	1.007956e-09
3.950301883511241e-06	1.006816e-09
3.950405210760957e-06	1.005866e-09
3.950583483885184e-06	1.005429e-09
3.950813750108158e-06	1.005154e-09
3.951121669600999e-06	1.005062e-09
3.951460717179054e-06	1.005006e-09
3.951897268020101e-06	1.005044e-09
3.952567915892793e-06	1.005083e-09
3.953219695885965e-06	1.005127e-09
3.954134978538606e-06	1.005148e-09
3.955250151456279e-06	1.005156e-09
3.956409906170737e-06	1.005139e-09
3.957575806625093e-06	1.005134e-09
3.958900997541199e-06	1.005136e-09
3.960359350665220e-06	1.005141e-09
3.962136268613476e-06	1.005134e-09
3.965690104509988e-06	1.005138e-09
3.969612793443485e-06	1.005137e-09
3.974495605943484e-06	1.005138e-09
3.979378418443484e-06	1.005138e-09
3.984261230943484e-06	1.005138e-09
3.989144043443484e-06	1.005138e-09
3.994026855943484e-06	1.005138e-09
3.998909668443483e-06	1.005138e-09
4.008675293443483e-06	1.005138e-09
4.045475586786963e-06	1.005157e-09
4.047625981908739e-06	1.005142e-09
4.050000000100000e-06	1.005135e-09
4.054748036482523e-06	1.005108e-09
4.055117187600000e-06	1.005121e-09
4.055855489834954e-06	1.005145e-09
4.057332094304863e-06	1.005134e-09
4.060000000100000e-06	9.097744e-10
4.060007206710240e-06	9.222938e-10
4.060021619930719e-06	1.098944e-09
4.060025142929931e-06	1.150200e-09
4.060029412484289e-06	1.142156e-09
4.060037951593005e-06	1.063356e-09
4.060046625974383e-06	1.027357e-09
4.060063921470030e-06	1.008933e-09
4.060094562527177e-06	1.003633e-09
4.060136568556441e-06	1.004677e-09
4.060220580614970e-06	1.005070e-09
4.060388604732027e-06	1.005155e-09
4.060723230301709e-06	1.005140e-09
4.061178020670251e-06	1.005145e-09
4.062033175188251e-06	1.005132e-09
4.063260579367416e-06	1.005135e-09
4.064547580710957e-06	1.005135e-09
4.066530077588171e-06	1.005138e-09
4.069380471195388e-06	1.005137e-09
4.073249414047730e-06	1.005138e-09
4.078132226547729e-06	1.005138e-09
4.083015039047729e-06	1.005138e-09
4.091385574762014e-06	1.005138e-09
4.099756110476300e-06	1.005138e-09
4.108126646190585e-06	1.005138e-09
4.116497181904871e-06	1.005138e-09
4.124867717619156e-06	1.005138e-09
4.133238253333442e-06	1.005138e-09
4.141608789047727e-06	1.005138e-09
4.195319726547725e-06	1.005138e-09
4.200000000000000e-06	2.600166e-05
4.200009536743164e-06	4.407364e-05
4.200009674745157e-06	3.759081e-05
4.200009950749142e-06	1.593183e-05
4.200010502757112e-06	-5.402973e-06
4.200011606773052e-06	-1.320054e-05
4.200013814804931e-06	-2.682598e-06
4.200018230868690e-06	1.161810e-05
4.200027062996208e-06	1.289880e-05
4.200044306773042e-06	4.866482e-06
4.200063369614001e-06	1.374274e-06
4.200096140276678e-06	2.823089e-07
4.200141211844790e-06	-1.197089e-07
4.200215090190090e-06	-3.677794e-07
4.200326630355996e-06	-5.554421e-07
4.200549710687809e-06	-5.184966e-07
4.200775634098137e-06	-3.947163e-07
4.201227480918796e-06	-2.012246e-07
4.201882094398548e-06	-6.469401e-08
4.203191321358052e-06	1.891911e-08
4.204803453047576e-06	2.040059e-08
4.207221869049062e-06	-2.742067e-09
4.210753270062475e-06	-1.362270e-08
4.215636082562475e-06	-1.472269e-08
4.220518895062475e-06	-1.267058e-08
4.225401707562475e-06	-9.390252e-09
4.230284520062474e-06	-6.514156e-09
4.235167332562474e-06	-4.261111e-09
4.240050145062474e-06	-2.637975e-09
4.244932957562474e-06	-1.484540e-09
4.249815770062474e-06	-6.876917e-10
4.254698582562473e-06	-1.389466e-10
4.259581395062473e-06	2.345537e-10
4.264464207562473e-06	4.873328e-10
4.269347020062473e-06	6.583676e-10
4.274229832562473e-06	7.726939e-10
4.279112645062472e-06	8.498482e-10
4.283995457562472e-06	9.005809e-10
4.288878270062472e-06	9.351488e-10
4.295117187600000e-06	7.655482e-10
4.297287790024943e-06	1.036801e-09
4.300000000100000e-06	-3.995427e-05
4.300007776409330e-06	-1.373698e-05
4.300023329027989e-06	4.995005e-05
4.300027103271123e-06	1.766561e-05
4.300031833425573e-06	-1.840203e-05
4.300041293734473e-06	-2.436851e-06
4.300055396798858e-06	-1.155689e-06
4.300083602927629e-06	-1.176629e-07
4.300120494071997e-06	-5.853116e-08
4.300158612164256e-06	2.346590e-08
4.300201376755995e-06	-2.637395e-08
4.300252879816626e-06	2.429389e-08
4.300318683699402e-06	-1.639188e-08
4.300405053553802e-06	1.528472e-08
4.300526280068772e-06	-1.373172e-08
4.300749781811693e-06	1.875417e-09
4.300982869789305e-06	-4.716607e-10
4.301237674978162e-06	3.056375e-09
4.301533735791600e-06	-3.127922e-09
4.301987766754674e-06	3.882056e-09
4.302718670563273e-06	-3.281095e-10
4.303741599207026e-06	2.251625e-09
4.305383356229700e-06	1.232090e-10
4.308269448140437e-06	8.726319e-10
4.310855546949485e-06	9.420761e-10
4.313573126904152e-06	1.144337e-09
4.316633821412986e-06	9.047139e-10
4.320005527973525e-06	1.311182e-09
4.324888340473525e-06	1.005475e-09
4.329771152973525e-06	1.006242e-09
4.339536777973524e-06	1.006214e-09
4.344419590473524e-06	5.044610e-09
4.345117187500001e-06	3.365680e-09
4.347209611894093e-06	3.338111e-09
4.348604072576370e-06	9.972387e-10
4.350000000000001e-06	-9.872953e-07
4.350000681605188e-06	-8.330588e-07
4.350002044815563e-06	-2.884349e-07
4.350002385459979e-06	-2.044267e-07
4.350002797286333e-06	-1.534874e-07
4.350003620939042e-06	-9.114608e-08
4.350005268244458e-06	-3.473228e-08
4.350008562855290e-06	-4.249593e-09
4.350013640785129e-06	9.251964e-10
4.350019312508026e-06	6.212120e-10
4.350026777123728e-06	8.351783e-10
4.350036966014942e-06	9.367229e-10
4.350055156742357e-06	1.064828e-09
4.350074874822495e-06	1.074066e-09
4.350103382693710e-06	1.044751e-09
4.350140045078824e-06	1.022305e-09
4.350202540830695e-06	1.012758e-09
4.350286611371842e-06	1.008083e-09
4.350415672957738e-06	1.006629e-09
4.350574091023174e-06	1.005725e-09
4.350788826138997e-06	1.005334e-09
4.351032271237208e-06	1.004808e-09
4.351359015281746e-06	1.004674e-09
4.351814619151970e-06	1.004715e-09
4.352474854892114e-06	1.004975e-09
4.353080827129205e-06	1.005130e-09
4.353685660477021e-06	1.005254e-09
4.354266506960387e-06	1.005305e-09
4.354738474673064e-06	1.005251e-09
4.355325965959534e-06	1.005115e-09
4.355864718608766e-06	1.005061e-09
4.356466480277457e-06	1.005060e-09
4.357156433266085e-06	1.005131e-09
4.357896608378690e-06	1.005173e-09
4.358661693249001e-06	1.005177e-09
4.359490095789270e-06	1.005131e-09
4.360376589634438e-06	1.005121e-09
4.361377868263620e-06	1.005127e-09
4.362517023604341e-06	1.005151e-09
4.363749459364672e-06	1.005133e-09
4.365486703178137e-06	1.005131e-09
4.367063140009410e-06	1.005130e-09
4.369404958116571e-06	1.005138e-09
4.371593111153357e-06	1.005129e-09
4.375220185089239e-06	1.005141e-09
4.380102997589239e-06	1.005138e-09
4.384711998773324e-06	1.005139e-09
4.389594811273324e-06	1.005138e-09
4.394477623773324e-06	1.005138e-09
4.399360436273324e-06	1.005138e-09
4.404243248773324e-06	1.005138e-09
4.409126061273323e-06	1.005138e-09
4.414008873773323e-06	1.005138e-09
4.418891686273323e-06	1.005138e-09
4.423774498773323e-06	1.005138e-09
4.428657311273323e-06	1.005138e-09
4.433540123773322e-06	1.005138e-09
4.438422936273322e-06	1.005138e-09
4.443305748773322e-06	1.005125e-09
4.445117187500001e-06	1.005147e-09
4.446377122546643e-06	1.005133e-09
4.447480129906716e-06	1.005223e-09
4.447793985279854e-06	1.005198e-09
4.448421696026131e-06	1.005193e-09
4.448744578507448e-06	1.005195e-09
4.449390343470083e-06	1.005141e-09
4.450000000000001e-06	9.952732e-10
4.450001785947410e-06	9.971105e-10
4.450005357842229e-06	1.001720e-09
4.450006222862411e-06	1.001015e-09
4.450007319521757e-06	9.984343e-10
4.450009512840448e-06	9.921824e-10
4.450013899477832e-06	9.789223e-10
4.450022672752598e-06	9.578133e-10
4.450031201485237e-06	9.508244e-10
4.450044415663017e-06	9.627794e-10
4.450060471746257e-06	9.878318e-10
4.450083292779181e-06	1.012866e-09
4.450110490424954e-06	1.021069e-09
4.450148483433220e-06	1.017857e-09
4.450195159886143e-06	1.013052e-09
4.450260324846176e-06	1.009490e-09
4.450339431610315e-06	1.007475e-09
4.450442803174757e-06	1.006332e-09
4.450587086604046e-06	1.005675e-09
4.450798471641939e-06	1.005283e-09
4.451104350741170e-06	1.005029e-09
4.451581099541107e-06	1.004915e-09
4.452095989352163e-06	1.004973e-09
4.452738154288149e-06	1.005070e-09
4.453323659474961e-06	1.005120e-09
4.454070461471535e-06	1.005156e-09
4.454860154477885e-06	1.005160e-09
4.455802631199342e-06	1.005142e-09
4.456797305445237e-06	1.005132e-09
4.458300187857133e-06	1.005137e-09
4.460124668610040e-06	1.005141e-09
4.462015921239339e-06	1.005138e-09
4.464265107912288e-06	1.005137e-09
4.466527822242101e-06	1.005138e-09
4.468944898794214e-06	1.005138e-09
4.473779051898440e-06	1.005138e-09
4.478661864398440e-06	1.005138e-09
4.483544676898440e-06	1.005138e-09
4.488427489398439e-06	1.005138e-09
4.493310301898439e-06	1.005138e-09
4.498193114398439e-06	1.005138e-09
4.503075926898439e-06	1.005138e-09
4.509081821284376e-06	1.005138e-09
4.515087715670314e-06	1.005138e-09
4.521093610056251e-06	1.005138e-09
4.527099504442189e-06	1.005138e-09
4.533105398828126e-06	1.005138e-09
4.539111293214064e-06	1.005138e-09
4.545117187600001e-06	1.005138e-09
4.550000000100000e-06	1.005138e-09
4.554882812600000e-06	1.005143e-09
4.555117187600000e-06	1.005141e-09
4.555585937600001e-06	1.005137e-09
4.556523437600002e-06	1.005137e-09
4.558125000099998e-06	1.005138e-09
4.560000000100000e-06	8.988076e-10
4.560004806904026e-06	8.874991e-10
4.560014420512077e-06	9.846433e-10
4.560016788964415e-06	1.061191e-09
4.560019596241220e-06	1.122442e-09
4.560023669131056e-06	1.117407e-09
4.560027953321753e-06	1.092625e-09
4.560035489124983e-06	1.058264e-09
4.560046220125490e-06	1.029326e-09
4.560066180329732e-06	1.010694e-09
4.560106100738217e-06	1.005045e-09
4.560169964448081e-06	1.005449e-09
4.560297691867809e-06	1.005438e-09
4.560553146707266e-06	1.005217e-09
4.560922334937369e-06	1.005155e-09
4.561426703183012e-06	1.005133e-09
4.562286811900793e-06	1.005133e-09
4.563513547762837e-06	1.005133e-09
4.564658354841891e-06	1.005136e-09
4.566731414781216e-06	1.005137e-09
4.569164397177322e-06	1.005138e-09
4.574030361969533e-06	1.005138e-09
4.578913174469533e-06	1.005138e-09
4.583795986969533e-06	1.005138e-09
4.588678799469533e-06	1.005138e-09
4.598444424469532e-06	1.005138e-09
4.603327236969532e-06	1.005138e-09
4.608210049469532e-06	1.005138e-09
4.613092861969532e-06	1.005138e-09
4.622858486969531e-06	1.005138e-09
4.695117187500001e-06	1.005138e-09
4.700000000000001e-06	2.582405e-05
4.700014242203314e-06	2.113524e-05
4.700042726609941e-06	5.950735e-06
4.700049619160896e-06	1.667932e-06
4.700058342912011e-06	-4.009772e-06
4.700074871956285e-06	-4.839098e-06
4.700099098341339e-06	-1.007982e-06
4.700147551111448e-06	-1.488754e-06
4.700244456651665e-06	-6.704479e-07
4.700438267732100e-06	-7.082127e-07
4.700711638594914e-06	-3.872163e-07
4.701074653201948e-06	9.383100e-06
4.701146870859684e-06	2.234881e-06
4.701164925274118e-06	-7.413003e-08
4.701201034102986e-06	-1.421281e-07
4.701210061310203e-06	-1.357570e-07
4.701228115724637e-06	-1.160693e-07
4.701232629328245e-06	-1.111522e-07
4.701241656535462e-06	-1.001233e-07
4.701259710949897e-06	-7.987298e-08
4.701295819778764e-06	-5.442157e-08
4.701368037436500e-06	-3.100872e-08
4.701512472751972e-06	-6.437244e-09
4.701801343382916e-06	2.280136e-08
4.702379084644805e-06	4.580317e-08
4.703375064923033e-06	4.285477e-08
4.705018871119868e-06	1.144226e-08
4.706574233592407e-06	-1.144975e-08
4.708925418896675e-06	-2.265747e-08
4.711053936751141e-06	-1.882098e-08
4.712800490223621e-06	-1.177086e-08
4.714881361985541e-06	-5.006812e-09
4.717161974655004e-06	-1.317686e-09
4.720704457844276e-06	1.446146e-09
4.721314809406776e-06	1.503195e-09
4.722535512531776e-06	1.323647e-09
4.722840688313026e-06	1.638082e-09
4.723451039875526e-06	-1.037515e-07
4.724090038302962e-06	-2.280818e-06
4.724393476543500e-06	-7.578984e-06
4.724583426905416e-06	-1.792685e-05
4.724706422316290e-06	-3.759695e-05
4.724814167843610e-06	-7.714437e-05
4.724944634105575e-06	-1.579932e-04
4.725081190972139e-06	-2.467305e-04
4.725187018028625e-06	9.300538e-03
4.725305588899998e-06	4.520201e-02
4.725315410590287e-06	5.771120e-02
4.725335053970867e-06	1.208080e-01
4.725354751633431e-06	2.288113e-01
4.725357911453023e-06	2.565815e-01
4.725364231092207e-06	3.321922e-01
4.725376870370575e-06	5.065156e-01
4.725391889468896e-06	7.378817e-01
4.725406800472487e-06	1.003373e+00
4.725415411219601e-06	1.199139e+00
4.725421546402061e-06	1.382781e+00
4.725429550279529e-06	1.653109e+00
4.725432528132757e-06	1.731245e+00
4.725435780183599e-06	1.772869e+00
4.725439263033574e-06	1.788894e+00
4.725442536459903e-06	1.794235e+00
4.725447127512635e-06	1.797425e+00
4.725453065729767e-06	1.798941e+00
4.725460509042119e-06	1.799365e+00
4.725469770512777e-06	1.799620e+00
4.725482558646203e-06	1.799927e+00
4.725502409110785e-06	1.800140e+00
4.725527942209079e-06	1.800185e+00
4.725571144157808e-06	1.800182e+00
4.725657548055266e-06	1.800168e+00
4.725824153348610e-06	1.800141e+00
4.726121064538476e-06	1.800106e+00
4.726428789086164e-06	1.800081e+00
4.726811536349145e-06	1.800050e+00
4.726865815387541e-06	1.800056e+00
4.726879385147140e-06	1.800058e+00
4.726906524666339e-06	1.800058e+00
4.726913309546138e-06	1.800058e+00
4.726926879305738e-06	1.800057e+00
4.726950626385036e-06	1.800057e+00
4.726954018824935e-06	1.800056e+00
4.726962499924685e-06	1.800056e+00
4.726965892364584e-06	1.800056e+00
4.726972677244384e-06	1.800056e+00
4.726986247003983e-06	1.800056e+00
4.727013386523182e-06	1.800054e+00
4.727067665561578e-06	1.800051e+00
4.727176223638371e-06	1.800046e+00
4.727393339791957e-06	1.800038e+00
4.727827572099128e-06	1.800027e+00
4.728320802509524e-06	1.800020e+00
4.729225436027332e-06	1.800012e+00
4.731034703062948e-06	1.800005e+00
4.733130152048795e-06	1.800001e+00
4.736080635149946e-06	1.800000e+00
4.739779948931190e-06	1.800000e+00
4.744662761431190e-06	1.800000e+00
4.749545573931190e-06	1.800000e+00
4.754428386431190e-06	1.800000e+00
4.759311198931190e-06	1.800000e+00
4.764194011431189e-06	1.800000e+00
4.769076823931189e-06	1.800000e+00
4.773959636431189e-06	1.800000e+00
4.778842448931189e-06	1.800000e+00
4.783725261431189e-06	1.800000e+00
4.788608073931188e-06	1.800000e+00
4.793490886431188e-06	1.800000e+00
4.795117187600001e-06	1.800000e+00
4.796747397762375e-06	1.800000e+00
4.800000000100000e-06	1.799519e+00
4.800008101044895e-06	1.799707e+00
4.800024302934683e-06	1.800413e+00
4.800028293047475e-06	1.800294e+00
4.800033073133464e-06	1.800095e+00
4.800039122096881e-06	1.800118e+00
4.800045765543685e-06	1.800083e+00
4.800059052437292e-06	1.800066e+00
4.800075237194942e-06	1.800043e+00
4.800107606710242e-06	1.800022e+00
4.800153179440747e-06	1.800008e+00
4.800244324901756e-06	1.800002e+00
4.800426615823775e-06	1.800000e+00
4.800614794699752e-06	1.800000e+00
4.800867364126497e-06	1.800000e+00
4.801159129382123e-06	1.800000e+00
4.801655268087766e-06	1.800000e+00
4.802332564219126e-06	1.800000e+00
4.803283623721087e-06	1.800000e+00
4.804394030746911e-06	1.800000e+00
4.805783418250419e-06	1.800000e+00
4.807147024138672e-06	1.800000e+00
4.808616654201520e-06	1.800000e+00
4.809267235320780e-06	1.800000e+00
4.809782708896745e-06	1.800000e+00
4.810514726386480e-06	1.800000e+00
4.810916869352842e-06	1.800000e+00
4.811336950828482e-06	1.800000e+00
4.811795373298694e-06	1.800000e+00
4.812474560560844e-06	1.800000e+00
4.813223246068320e-06	1.800000e+00
4.814094369426198e-06	1.800000e+00
4.815171454135241e-06	1.800000e+00
4.816765176330640e-06	1.800000e+00
4.819439644667682e-06	1.800000e+00
4.824322457167681e-06	1.800000e+00
4.829205269667681e-06	1.800000e+00
4.834088082167681e-06	1.800000e+00
4.838970894667681e-06	1.800000e+00
4.843853707167681e-06	1.800000e+00
4.847644148164642e-06	1.800000e+00
4.850000000000001e-06	1.800008e+00
4.850001150318280e-06	1.800006e+00
4.850003450954838e-06	1.800000e+00
4.850004025799994e-06	1.800000e+00
4.850004717987403e-06	1.800000e+00
4.850006102362223e-06	1.800000e+00
4.850007621284987e-06	1.800000e+00
4.850010659130516e-06	1.800000e+00
4.850016734821573e-06	1.800000e+00
4.850026415947890e-06	1.800000e+00
4.850037055998112e-06	1.800000e+00
4.850052234403032e-06	1.800000e+00
4.850074279531425e-06	1.800000e+00
4.850118369788210e-06	1.800000e+00
4.850206550301780e-06	1.800000e+00
4.850324316391641e-06	1.800000e+00
4.850453111819390e-06	1.800000e+00
4.850658646691989e-06	1.800000e+00
4.850923596825536e-06	1.800000e+00
4.851164703553064e-06	1.800000e+00
4.851379764476356e-06	1.800000e+00
4.851568875138518e-06	1.800000e+00
4.851815046125659e-06	1.800000e+00
4.852041281786549e-06	1.800000e+00
4.852237998850234e-06	1.800000e+00
4.852494114080048e-06	1.800000e+00
4.852769684120911e-06	1.800000e+00
4.853152992567878e-06	1.800000e+00
4.853517938488134e-06	1.800000e+00
4.854004428538074e-06	1.800000e+00
4.854469155523407e-06	1.800000e+00
4.855003784809284e-06	1.800000e+00
4.855592702139740e-06	1.800000e+00
4.856208021529123e-06	1.800000e+00
4.856870948159761e-06	1.800000e+00
4.857497672081934e-06	1.800000e+00
4.858284984275757e-06	1.800000e+00
4.859147657040210e-06	1.800000e+00
4.860006479104517e-06	1.800000e+00
4.861104664672453e-06	1.800000e+00
4.862302994508918e-06	1.800000e+00
4.863775889004367e-06	1.800000e+00
4.865483739141141e-06	1.800000e+00
4.867534350913045e-06	1.800000e+00
4.869984223874260e-06	1.800000e+00
4.873252401752384e-06	1.800000e+00
4.876878149552623e-06	1.800000e+00
4.881760962052623e-06	1.800000e+00
4.886643774552623e-06	1.800000e+00
4.891526587052622e-06	1.800000e+00
4.896409399552622e-06	1.800000e+00
4.901292212052622e-06	1.800000e+00
4.906175024552622e-06	1.800000e+00
4.911057837052622e-06	1.800000e+00
4.915940649552621e-06	1.800000e+00
4.920823462052621e-06	1.800000e+00
4.925706274552621e-06	1.800000e+00
4.930589087052621e-06	1.800000e+00
4.935471899552621e-06	1.800000e+00
4.940354712052620e-06	1.800000e+00
4.945237524552620e-06	1.800000e+00
4.950000000000001e-06	1.800000e+00
4.950013334992062e-06	1.800000e+00
4.950040004976185e-06	1.800000e+00
4.950046496335276e-06	1.800000e+00
4.950054668539830e-06	1.800000e+00
4.950064629107666e-06	1.800000e+00
4.950084223375837e-06	1.800000e+00
4.950107382329990e-06	1.800000e+00
4.950152729026018e-06	1.800000e+00
4.950233188371769e-06	1.800000e+00
4.950394107063272e-06	1.800000e+00
4.950552086544965e-06	1.800000e+00
4.950745239274280e-06	1.800000e+00
4.951002118566570e-06	1.800000e+00
4.951285511798327e-06	1.800000e+00
4.951615079860591e-06	1.800000e+00
4.952093237752943e-06	1.800000e+00
4.952872098209502e-06	1.800000e+00
4.953575535309733e-06	1.800000e+00
4.954464880326433e-06	1.800000e+00
4.955331426104870e-06	1.800000e+00
4.956577757173957e-06	1.800000e+00
4.957629599479363e-06	1.800000e+00
4.958862414663026e-06	1.800000e+00
4.959396766147643e-06	1.800000e+00
4.959827124244525e-06	1.800000e+00
4.960410967873855e-06	1.800000e+00
4.960742283212114e-06	1.800000e+00
4.961115707216753e-06	1.800000e+00
4.961511108499289e-06	1.800000e+00
4.962072470745026e-06	1.800000e+00
4.962732981630929e-06	1.800000e+00
4.963486392404253e-06	1.800000e+00
4.964424823290838e-06	1.800000e+00
4.965635315850527e-06	1.800000e+00
4.967304143078845e-06	1.800000e+00
4.969485559638298e-06	1.800000e+00
4.971975074031315e-06	1.800000e+00
4.975174371994290e-06	1.800000e+00
4.980057184494290e-06	1.800000e+00
4.984939996994290e-06	1.800000e+00
4.989822809494290e-06	1.800000e+00
4.994705621994289e-06	1.800000e+00
4.995940318511423e-06	1.800000e+00
4.997586580534268e-06	1.800000e+00
5.000000000000000e-06	1.800000e+00
