time	V(comp_out)
0.000000000000000e+00	1.005148e-09
2.000000000000000e-18	1.005148e-09
4.000000000000000e-18	1.005149e-09
3.879999999999999e-16	1.005231e-09
5.800000000000000e-16	1.005262e-09
2.252200000000000e-13	1.023962e-09
4.498600000000001e-13	1.040301e-09
6.745000000000001e-13	1.054279e-09
8.991400000000001e-13	1.065895e-09
1.123780000000000e-12	1.075151e-09
1.348420000000000e-12	1.082045e-09
1.573060000000000e-12	1.086579e-09
1.769668000000000e-12	1.090601e-09
2.162884000000000e-12	1.093821e-09
2.949316000000000e-12	1.096007e-09
3.145923999999999e-12	1.095625e-09
3.539139999999999e-12	1.093419e-09
4.325571999999999e-12	1.087546e-09
5.898435999999999e-12	1.074341e-09
9.044163999999998e-12	1.051760e-09
1.533562000000000e-11	1.024557e-09
2.791853200000000e-11	1.002892e-09
4.604752095489455e-11	9.960159e-10
7.063140330556855e-11	9.970347e-10
1.023196298787821e-10	9.996410e-10
1.430259895495788e-10	1.002011e-09
1.942521816437735e-10	1.003647e-09
2.653394909580138e-10	1.004594e-09
3.754931677081461e-10	1.005028e-09
5.408642730907954e-10	1.005141e-09
7.618877867138912e-10	1.005148e-09
1.002281728904100e-09	1.005148e-09
1.300406475864870e-09	1.005148e-09
1.731908279963495e-09	1.005148e-09
2.459212868776599e-09	1.005148e-09
3.249705931228921e-09	1.005152e-09
3.403394721957057e-09	1.005149e-09
3.441816919639091e-09	1.005148e-09
3.451422469059600e-09	1.005148e-09
3.470633567900616e-09	1.005148e-09
3.509055765582650e-09	1.005148e-09
3.518661315003159e-09	1.005148e-09
3.537872413844176e-09	1.005148e-09
3.576294611526209e-09	1.005148e-09
3.653139006890277e-09	1.005148e-09
3.806827797618413e-09	1.005148e-09
4.114205379074685e-09	1.005148e-09
4.728960541987229e-09	1.005148e-09
5.434945876786221e-09	1.005148e-09
6.299578802474167e-09	1.005148e-09
7.009820501171224e-09	1.005148e-09
8.097868358552802e-09	1.005148e-09
9.101659349792668e-09	1.005148e-09
1.067803959599419e-08	1.005148e-09
1.075992686447624e-08	1.005148e-09
1.092370140144034e-08	1.005148e-09
1.096464503568137e-08	1.005148e-09
1.104653230416342e-08	1.005148e-09
1.106700412128393e-08	1.005148e-09
1.113865548120572e-08	1.005148e-09
1.115400934404611e-08	1.005148e-09
1.117959911544675e-08	1.005148e-09
1.118983502400700e-08	1.005148e-09
1.121030684112751e-08	1.005148e-09
1.125125047536854e-08	1.005148e-09
1.133313774385059e-08	1.005148e-09
1.149691228081469e-08	1.005148e-09
1.182446135474289e-08	1.005148e-09
1.236138593908738e-08	1.005148e-09
1.303540818552077e-08	1.005148e-09
1.432738283872188e-08	1.005148e-09
1.657567135910129e-08	1.005148e-09
1.898533487619299e-08	1.005148e-09
2.183654370778240e-08	1.005148e-09
2.520859719792714e-08	1.005148e-09
2.868380528565171e-08	1.005148e-09
3.250782124261513e-08	1.005148e-09
3.739063374261513e-08	1.005148e-09
4.227344624261512e-08	1.005148e-09
4.715625874261512e-08	1.005148e-09
5.203907124261512e-08	1.005148e-09
5.692188374261512e-08	1.005148e-09
6.180469624261512e-08	1.005148e-09
6.668750874261512e-08	1.005148e-09
7.157032124261512e-08	1.005148e-09
7.645313374261512e-08	1.005148e-09
8.133594624261511e-08	1.005148e-09
9.110157124261511e-08	1.005148e-09
9.511718760000000e-08	1.005148e-09
1.000000001000000e-07	1.005148e-09
1.013096036535864e-07	1.005148e-09
1.018762520554311e-07	1.005148e-09
1.037487070342330e-07	1.005148e-09
1.951171875000000e-07	1.005148e-09
2.000000000000000e-07	1.005148e-09
2.000000000012500e-07	7.159444e-08
2.000000000037500e-07	3.642933e-07
2.000000000087500e-07	8.193813e-06
2.000000000187500e-07	8.767413e-05
2.000000000387500e-07	4.042263e-04
2.000000000429850e-07	4.991430e-04
2.000000000439850e-07	5.253712e-04
2.000000000459850e-07	5.586635e-04
2.000000002620450e-07	1.792195e-03
2.000000003700750e-07	2.034751e-03
2.000000161424550e-07	1.974293e-03
2.000000319148349e-07	1.915619e-03
2.000000476872149e-07	1.858730e-03
2.000000634595949e-07	1.803626e-03
2.000000792319748e-07	1.750307e-03
2.000000950043548e-07	1.698772e-03
2.000001107767348e-07	1.649022e-03
2.000002213994545e-07	1.338381e-03
2.000004426448940e-07	8.791860e-04
2.000008851357730e-07	3.475977e-04
2.000017701175310e-07	-5.686426e-05
2.000035400810471e-07	-1.771201e-04
2.000061998471665e-07	-1.108875e-04
2.000111229034645e-07	-3.213472e-05
2.000209690160605e-07	2.813099e-07
2.000406612412524e-07	2.248968e-06
2.000774551452782e-07	2.904569e-07
2.001510429533297e-07	1.043013e-07
2.002537324942529e-07	2.482663e-08
2.004591115760994e-07	3.945662e-08
2.007587140875435e-07	-4.887857e-08
2.012744413469734e-07	-1.542922e-07
2.020460232906653e-07	-3.325302e-07
2.033409077350547e-07	-6.944526e-07
2.049834333830429e-07	-1.655965e-06
2.058265631012629e-07	-3.064064e-06
2.066065794954619e-07	-7.189073e-06
2.072321998816680e-07	-1.375932e-05
2.081357012420512e-07	-2.588945e-05
2.087287302859870e-07	-2.735004e-05
2.094462503184404e-07	1.386860e-03
2.101869791882408e-07	9.350018e-03
2.103721614056910e-07	2.744653e-02
2.107425258405912e-07	1.120765e-01
2.107827096126470e-07	1.390994e-01
2.108630771567587e-07	2.381636e-01
2.108756983253149e-07	2.622459e-01
2.109009406624274e-07	3.295160e-01
2.109514253366525e-07	4.828204e-01
2.109586016416814e-07	5.069199e-01
2.109729542517392e-07	5.637157e-01
2.109968575292501e-07	6.765053e-01
2.110007322562477e-07	7.004011e-01
2.110084817102430e-07	7.657409e-01
2.110198950050236e-07	8.957171e-01
2.110273691751672e-07	1.009387e+00
2.110288536943623e-07	1.038788e+00
2.110318227327525e-07	1.111789e+00
2.110366500645835e-07	1.259038e+00
2.110421294945382e-07	1.461418e+00
2.110471351752818e-07	1.653401e+00
2.110496086918865e-07	1.722577e+00
2.110533423793021e-07	1.772044e+00
2.110568518746379e-07	1.789075e+00
2.110600890351910e-07	1.794073e+00
2.110644003070094e-07	1.797197e+00
2.110700267368970e-07	1.798840e+00
2.110784622884960e-07	1.799397e+00
2.110864742403915e-07	1.799588e+00
2.111002836052108e-07	1.799907e+00
2.111179404989281e-07	1.800120e+00
2.111445743385542e-07	1.800179e+00
2.111841721726466e-07	1.800177e+00
2.112633678408313e-07	1.800166e+00
2.114217591772007e-07	1.800141e+00
2.117385418499396e-07	1.800096e+00
2.118177375181243e-07	1.800089e+00
2.119761288544937e-07	1.800084e+00
2.119934529069091e-07	1.800082e+00
2.120107769593245e-07	1.800081e+00
2.120454250641553e-07	1.800079e+00
2.121642185664324e-07	1.800071e+00
2.123226099028018e-07	1.800063e+00
2.126393925755406e-07	1.800050e+00
2.130439430610207e-07	1.800038e+00
2.135372720692791e-07	1.800028e+00
2.143349316491220e-07	1.800018e+00
2.157196555565341e-07	1.800008e+00
2.170839723682686e-07	1.800004e+00
2.190103717833770e-07	1.800001e+00
2.211081957728873e-07	1.800000e+00
2.231682033265034e-07	1.800000e+00
2.259160438214652e-07	1.800000e+00
2.301853122013580e-07	1.800000e+00
2.350681247013580e-07	1.800000e+00
2.399509372013580e-07	1.800000e+00
2.448337497013580e-07	1.800000e+00
2.482536105175053e-07	1.800000e+00
2.488639620800053e-07	1.800000e+00
2.494961119125945e-07	1.800000e+00
2.501282617451838e-07	1.800000e+00
2.507604115777731e-07	1.800000e+00
2.513925614103624e-07	1.800000e+00
2.520247112429516e-07	1.800000e+00
2.526568610755409e-07	1.800000e+00
2.532890109081302e-07	1.800000e+00
2.552630589343071e-07	1.800000e+00
2.575254153709890e-07	1.800000e+00
2.620501282443527e-07	1.800000e+00
2.669329407443527e-07	1.800001e+00
2.718157532443528e-07	1.800000e+00
2.766985657443528e-07	1.800000e+00
2.815813782443528e-07	1.800000e+00
2.864641907443528e-07	1.800000e+00
2.912315079209891e-07	1.800000e+00
2.951171876000000e-07	1.800000e+00
3.000000001000000e-07	1.799691e+00
3.000121348936519e-07	1.799834e+00
3.000364044809556e-07	1.800275e+00
3.000423716868562e-07	1.800180e+00
3.000495942990343e-07	1.800054e+00
3.000604933099144e-07	1.800075e+00
3.000745827603329e-07	1.800038e+00
3.000937683534970e-07	1.800032e+00
3.001321395398252e-07	1.800010e+00
3.001775906921567e-07	1.800006e+00
3.002684929968196e-07	1.800001e+00
3.004099392833768e-07	1.800001e+00
3.006895834434987e-07	1.800000e+00
3.009726668292506e-07	1.800000e+00
3.013339827786617e-07	1.800000e+00
3.017171482670036e-07	1.800000e+00
3.022371131425235e-07	1.800000e+00
3.029177297707810e-07	1.800000e+00
3.037067018265187e-07	1.800000e+00
3.046524436362859e-07	1.800000e+00
3.056404262462844e-07	1.800000e+00
3.069670669485700e-07	1.800000e+00
3.083021321244064e-07	1.800000e+00
3.095075271745731e-07	1.800000e+00
3.114320317889080e-07	1.800000e+00
3.135193490695569e-07	1.800000e+00
3.159394102222829e-07	1.800000e+00
3.179495095443307e-07	1.800000e+00
3.204364042074756e-07	1.800000e+00
3.216240321998140e-07	1.800000e+00
3.227536141670269e-07	1.800000e+00
3.239218937478268e-07	1.800000e+00
3.252691102370694e-07	1.800000e+00
3.261990813086960e-07	1.800000e+00
3.269269780362858e-07	1.800000e+00
3.275918851225049e-07	1.800000e+00
3.284037324778683e-07	1.800000e+00
3.289393030144469e-07	1.800000e+00
3.294801767424619e-07	1.800000e+00
3.300816397090049e-07	1.800000e+00
3.309568892917296e-07	1.800000e+00
3.317979583226147e-07	1.800000e+00
3.327484448544024e-07	1.800000e+00
3.338881966189402e-07	1.800000e+00
3.353097122672769e-07	1.800000e+00
3.376297401999056e-07	1.800000e+00
3.401555288551605e-07	1.800000e+00
3.437145068013590e-07	1.800000e+00
3.453643924011526e-07	1.800000e+00
3.467002288004128e-07	1.800000e+00
3.473283272014797e-07	1.800000e+00
3.485845240036136e-07	1.800000e+00
3.500000000000000e-07	1.800047e+00
3.500000000010000e-07	1.800047e+00
3.500000003970002e-07	1.800047e+00
3.500000005950003e-07	1.800047e+00
3.500000077795751e-07	1.800047e+00
3.500000149641498e-07	1.800046e+00
3.500000221487246e-07	1.800046e+00
3.500000293332994e-07	1.800046e+00
3.500000365178742e-07	1.800046e+00
3.500000437024490e-07	1.800045e+00
3.500000508870238e-07	1.800045e+00
3.500001015750474e-07	1.800043e+00
3.500002029510947e-07	1.800039e+00
3.500004057031894e-07	1.800033e+00
3.500008112073786e-07	1.800023e+00
3.500015569563779e-07	1.800012e+00
3.500024557425452e-07	1.800006e+00
3.500040632230567e-07	1.800002e+00
3.500072781840798e-07	1.800000e+00
3.500137081061259e-07	1.800000e+00
3.500265679502180e-07	1.800000e+00
3.500416447008153e-07	1.800000e+00
3.500676471213310e-07	1.800000e+00
3.501135356323076e-07	1.800000e+00
3.502053126542606e-07	1.800000e+00
3.503123686717166e-07	1.800000e+00
3.504698146151948e-07	1.800000e+00
3.506649909179917e-07	1.800000e+00
3.509983979914296e-07	1.800000e+00
3.513517215805224e-07	1.800000e+00
3.519656229524387e-07	1.800000e+00
3.526666880120890e-07	1.800000e+00
3.533152723376800e-07	1.800000e+00
3.540529436639286e-07	1.800000e+00
3.549718532323081e-07	1.800000e+00
3.562014031079418e-07	1.800000e+00
3.573372417285396e-07	1.800000e+00
3.592800113356198e-07	1.800000e+00
3.612767106578414e-07	1.800000e+00
3.648773812115476e-07	1.800000e+00
3.686127370274736e-07	1.800000e+00
3.734955495274736e-07	1.800000e+00
4.451171875000000e-07	1.800000e+00
4.500000000000000e-07	1.800000e+00
4.500000000100001e-07	1.800000e+00
4.500000000300000e-07	1.800000e+00
4.500000003100001e-07	1.800000e+00
4.500000004500002e-07	1.800000e+00
4.500000208900061e-07	1.800000e+00
4.500000413300121e-07	1.800000e+00
4.500000617700180e-07	1.800000e+00
4.500000822100239e-07	1.800000e+00
4.500001026500299e-07	1.800000e+00
4.500001230900358e-07	1.800000e+00
4.500001435300418e-07	1.800000e+00
4.500002868900835e-07	1.800000e+00
4.500005736101670e-07	1.800000e+00
4.500011470503338e-07	1.800000e+00
4.500022939306676e-07	1.800000e+00
4.500045876913351e-07	1.800000e+00
4.500079472848993e-07	1.800000e+00
4.500112752766368e-07	1.800000e+00
4.500154577708209e-07	1.800000e+00
4.500202657474926e-07	1.800000e+00
4.500266951273033e-07	1.800000e+00
4.500343239117995e-07	1.800000e+00
4.500446724150517e-07	1.800000e+00
4.500580434675012e-07	1.800000e+00
4.500785092175042e-07	1.800000e+00
4.501110195718540e-07	1.800000e+00
4.501760402805536e-07	1.800000e+00
4.503060816979527e-07	1.800000e+00
4.504913724130380e-07	1.800000e+00
4.506775293776827e-07	1.800000e+00
4.509018132466012e-07	1.800000e+00
4.511591464799555e-07	1.800000e+00
4.514659675861606e-07	1.800000e+00
4.517906485536792e-07	1.800000e+00
4.522650206063258e-07	1.800000e+00
4.529363901922686e-07	1.800000e+00
4.540325404169743e-07	1.800000e+00
4.550394542444720e-07	1.800000e+00
4.565877508059227e-07	1.800000e+00
4.576467238688624e-07	1.800000e+00
4.586654573624034e-07	1.800000e+00
4.596479551337487e-07	1.800000e+00
4.603964839570008e-07	1.800000e+00
4.612387482220081e-07	1.800000e+00
4.624380777185823e-07	1.800000e+00
4.629956334626461e-07	1.800000e+00
4.633859436254677e-07	1.800000e+00
4.638869561712570e-07	1.800000e+00
4.642044512992251e-07	1.800000e+00
4.645045489287912e-07	1.800000e+00
4.648435782226183e-07	1.800000e+00
4.653472952782443e-07	1.800000e+00
4.659069689750640e-07	1.800000e+00
4.665076045124945e-07	1.800000e+00
4.672717682020473e-07	1.800000e+00
4.682249209218448e-07	1.800000e+00
4.695288422282996e-07	1.800000e+00
4.712349991485909e-07	1.800000e+00
4.731452266167086e-07	1.800000e+00
4.755252494815804e-07	1.800000e+00
4.788493021154507e-07	1.800000e+00
4.837321146154507e-07	1.800000e+00
4.886149271154507e-07	1.800000e+00
4.934977396154507e-07	1.800000e+00
4.983805521154507e-07	1.800000e+00
5.032633646154507e-07	1.800000e+00
5.179118021154508e-07	1.800000e+00
5.451171876000001e-07	1.800000e+00
5.500000001000001e-07	1.800000e+00
5.512195456124142e-07	1.800000e+00
5.517635804429640e-07	1.800000e+00
5.521491096533417e-07	1.800000e+00
5.526068052590017e-07	1.800000e+00
5.535221964703218e-07	1.800000e+00
5.551780168845435e-07	1.800000e+00
5.573378402021735e-07	1.800000e+00
5.600000001000000e-07	1.800000e+00
5.600075435588221e-07	1.800000e+00
5.600226304764664e-07	1.800000e+00
5.600262937140898e-07	1.800000e+00
5.600308508343835e-07	1.800000e+00
5.600399650749708e-07	1.800000e+00
5.600544096634851e-07	1.800000e+00
5.600768920289846e-07	1.800000e+00
5.601186331886851e-07	1.800000e+00
5.601822025103890e-07	1.800000e+00
5.603093411537967e-07	1.800000e+00
5.605636184406120e-07	1.800000e+00
5.609866220324803e-07	1.800000e+00
5.617975463940632e-07	1.800000e+00
5.632626042415892e-07	1.800000e+00
5.647071386607817e-07	1.800000e+00
5.669644579366539e-07	1.800000e+00
5.702428387943019e-07	1.800000e+00
5.750660464686360e-07	1.800000e+00
5.869243053972074e-07	1.800000e+00
5.987825643257789e-07	1.800000e+00
6.106408232543504e-07	1.800000e+00
6.224990821829219e-07	1.800000e+00
6.343573411114933e-07	1.800000e+00
6.462156000400648e-07	1.800000e+00
6.580738589686362e-07	1.800000e+00
6.633657630445453e-07	1.800000e+00
6.686576671204545e-07	1.800000e+00
6.739495711963636e-07	1.800000e+00
6.792414752722727e-07	1.800000e+00
6.845333793481818e-07	1.800000e+00
6.898252834240909e-07	1.800000e+00
6.951171875000001e-07	1.800000e+00
7.000000000000001e-07	1.790219e+00
7.000011920928955e-07	1.788283e+00
7.000035762786866e-07	1.792603e+00
7.000041690305166e-07	1.798488e+00
7.000048898380417e-07	1.804083e+00
7.000061785870643e-07	1.805510e+00
7.000073825825142e-07	1.804752e+00
7.000097905734138e-07	1.802894e+00
7.000139842710877e-07	1.801038e+00
7.000208660995660e-07	1.799783e+00
7.000284163010063e-07	1.799447e+00
7.000401997039044e-07	1.799537e+00
7.000580146899011e-07	1.799832e+00
7.000741583978493e-07	1.800042e+00
7.000888553730894e-07	1.800159e+00
7.001062466896747e-07	1.800234e+00
7.001105945188211e-07	1.800236e+00
7.001116814761077e-07	1.800235e+00
7.001138553906809e-07	1.800235e+00
7.001182032198272e-07	1.800235e+00
7.001192901771138e-07	1.800235e+00
7.001214640916870e-07	1.800236e+00
7.001258119208333e-07	1.800237e+00
7.001345075791260e-07	1.800208e+00
7.001518988957113e-07	1.799513e+00
7.001866815288818e-07	1.794506e+00
7.002076865885281e-07	1.784161e+00
7.002320514917332e-07	1.755062e+00
7.002465643513497e-07	1.715868e+00
7.002607850056133e-07	1.634285e+00
7.002807180486733e-07	1.458223e+00
7.002833610576367e-07	1.426144e+00
7.002886470755634e-07	1.339797e+00
7.002992191114168e-07	1.111217e+00
7.003080783343904e-07	8.397499e-01
7.003174211260890e-07	4.761987e-01
7.003242178529708e-07	2.218334e-01
7.003297761511809e-07	8.570708e-02
7.003363888070740e-07	1.861247e-02
7.003419522238539e-07	3.804564e-03
7.003494114821166e-07	1.273654e-03
7.003576931298339e-07	7.728400e-04
7.003742564252685e-07	5.626561e-04
7.004073830161377e-07	3.802945e-04
7.004626117373807e-07	2.645321e-04
7.005345259896839e-07	1.907447e-04
7.006163183456425e-07	1.462749e-04
7.006952473311883e-07	9.485670e-05
7.007549540202041e-07	4.421537e-05
7.008364639112993e-07	-5.449841e-06
7.008931209630199e-07	-1.198653e-05
7.009728290184358e-07	-8.858250e-06
7.010563537277865e-07	-7.886432e-06
7.012234031464879e-07	-6.232977e-06
7.015403420345210e-07	-3.974437e-06
7.019109081043596e-07	-2.409639e-06
7.023166641276054e-07	-1.436884e-06
7.028021945292934e-07	-8.243781e-07
7.034725952737464e-07	-3.717764e-07
7.042684914401512e-07	-1.612148e-07
7.053494193246704e-07	-1.791086e-05
7.055266374678633e-07	-1.389824e-05
7.058810737542491e-07	1.307805e-08
7.059696828258455e-07	1.001060e-08
7.061469009690384e-07	-9.669143e-09
7.064570327196259e-07	-6.290535e-09
7.068114690060117e-07	-3.127213e-09
7.075203415787832e-07	9.425671e-10
7.089380867243262e-07	5.063455e-09
7.105238703236844e-07	6.923767e-09
7.136954375224008e-07	8.188443e-09
7.185782500224008e-07	8.887540e-09
7.234610625224008e-07	8.245676e-09
7.283438750224008e-07	6.342617e-09
7.332266875224009e-07	4.278045e-09
7.381095000224009e-07	2.921132e-09
7.429923125224009e-07	2.177536e-09
7.478751250224009e-07	1.748681e-09
7.527579375224009e-07	1.485970e-09
7.576407500224009e-07	1.317347e-09
7.625235625224009e-07	1.208858e-09
7.674063750224009e-07	1.137921e-09
7.722891875224010e-07	1.091933e-09
7.771720000224010e-07	1.061770e-09
7.820548125224010e-07	1.042177e-09
7.869376250224010e-07	1.029314e-09
7.951171876000000e-07	1.016778e-09
8.000000001000000e-07	-2.935057e-05
8.000095368431641e-07	-8.588770e-06
8.000286103294922e-07	2.840020e-05
8.000333970888151e-07	1.305319e-06
8.000391316075673e-07	-1.993426e-05
8.000506006450719e-07	-7.014493e-07
8.000735387200811e-07	-8.944355e-07
8.001194148700995e-07	3.709570e-08
8.001743898534756e-07	-8.231259e-08
8.002434683056584e-07	4.983821e-08
8.003258230634070e-07	-7.824458e-08
8.004577186056996e-07	5.812038e-08
8.007044637874258e-07	-7.358748e-09
8.009865444865666e-07	4.677116e-09
8.012865396869542e-07	-1.515802e-08
8.017284399859611e-07	5.257932e-09
8.022322161938051e-07	-3.917774e-09
8.028372521808237e-07	5.274857e-09
8.035714029626447e-07	-5.142770e-09
8.046428526598786e-07	5.163363e-09
8.061992783870947e-07	-5.722885e-10
8.080830223469249e-07	1.973248e-09
8.102399821294136e-07	-5.698889e-10
8.130881833663314e-07	2.279016e-09
8.169144998293477e-07	2.232196e-10
8.217973123293477e-07	1.018634e-09
8.266801248293477e-07	1.015451e-09
8.451171875000001e-07	1.922683e-10
8.500000000000001e-07	-2.899247e-06
8.500095367431641e-07	-1.962444e-06
8.500286102294923e-07	1.242005e-07
8.500333863073572e-07	7.551299e-08
8.500390676068990e-07	-2.388100e-08
8.500496261939584e-07	4.202173e-09
8.500627127556277e-07	-1.641555e-09
8.500888858789663e-07	1.703999e-09
8.501298514810073e-07	6.640180e-10
8.501917286507074e-07	1.185682e-09
8.502804409597387e-07	8.517493e-10
8.504330002476110e-07	1.068338e-09
8.506533404308028e-07	9.624850e-10
8.509743355703681e-07	1.030960e-09
8.514222680472488e-07	9.938078e-10
8.519637131065002e-07	1.005573e-09
8.525075752889855e-07	1.002272e-09
8.530811036096712e-07	1.008805e-09
8.536986087166739e-07	1.000683e-09
8.543830557460780e-07	1.009280e-09
8.551447268872396e-07	1.003383e-09
8.559429717115087e-07	1.012627e-09
8.569688352240185e-07	1.003129e-09
8.580785565690841e-07	1.009084e-09
8.594054165004520e-07	9.996072e-10
8.612421156270032e-07	1.004904e-09
8.630466565971360e-07	9.999285e-10
8.658616076350461e-07	1.004958e-09
8.686203753889543e-07	1.002423e-09
8.724898112569720e-07	1.006535e-09
8.773726237569720e-07	1.005134e-09
8.822554362569720e-07	1.005141e-09
8.871382487569720e-07	1.005135e-09
8.920210612569721e-07	1.005141e-09
8.969038737569721e-07	1.005135e-09
9.017866862569721e-07	1.005141e-09
9.066694987569721e-07	1.005135e-09
9.115523112569721e-07	1.005141e-09
9.164351237569721e-07	1.005135e-09
9.213179362569721e-07	1.005141e-09
9.247178292916904e-07	1.005175e-09
9.281177223264087e-07	1.005162e-09
9.315176153611269e-07	1.005101e-09
9.349175083958453e-07	1.004993e-09
9.383174014305636e-07	1.004837e-09
9.417172944652818e-07	1.004633e-09
9.451171875000001e-07	1.004381e-09
9.500000000000001e-07	-4.110456e-09
9.500145083200546e-07	-2.440476e-09
9.500435249601635e-07	1.133287e-09
9.500505360646477e-07	1.071630e-09
9.500594538244307e-07	9.690764e-10
9.500734608441073e-07	1.011628e-09
9.500897251330777e-07	9.984348e-10
9.501222537110185e-07	1.010387e-09
9.501873108669002e-07	1.006780e-09
9.502549657814365e-07	1.007328e-09
9.503719843431878e-07	1.005218e-09
9.505534053594765e-07	1.005521e-09
9.508129097071698e-07	1.005151e-09
9.510593969565024e-07	1.005297e-09
9.514543097820133e-07	1.004934e-09
9.521429602023414e-07	1.005098e-09
9.528455122197096e-07	1.005083e-09
9.537334754263274e-07	1.005178e-09
9.548729864843925e-07	1.005144e-09
9.560683780489847e-07	1.005149e-09
9.574040469102161e-07	1.005133e-09
9.587682220158706e-07	1.005157e-09
9.604639330383650e-07	1.005115e-09
9.629742266140574e-07	1.005154e-09
9.666936673760011e-07	1.005130e-09
9.715764798760011e-07	1.005138e-09
9.764592923760011e-07	1.005138e-09
9.813421048760011e-07	1.005138e-09
9.862249173760011e-07	1.005138e-09
9.911077298760012e-07	1.005138e-09
9.959905423760012e-07	1.005138e-09
1.000873354876001e-06	1.005138e-09
1.048592941371969e-06	1.005174e-09
1.050000000100000e-06	1.005096e-09
1.052814117556064e-06	1.005129e-09
1.055117187600000e-06	1.005498e-09
1.055393860012127e-06	1.005343e-09
1.055947204836381e-06	1.005036e-09
1.057053894484889e-06	1.005087e-09
1.057786620802984e-06	1.005134e-09
1.058534547463809e-06	1.005211e-09
1.060000000100000e-06	9.031033e-10
1.060004205818517e-06	8.791299e-10
1.060012617255550e-06	9.648286e-10
1.060014658240470e-06	1.059313e-09
1.060017194527074e-06	1.146213e-09
1.060022267100283e-06	1.146065e-09
1.060028096848110e-06	1.104249e-09
1.060039756343764e-06	1.048350e-09
1.060063075335072e-06	1.008426e-09
1.060089977535202e-06	1.002136e-09
1.060143781935462e-06	1.004502e-09
1.060251390735983e-06	1.004999e-09
1.060466608337023e-06	1.005100e-09
1.060793346085639e-06	1.005137e-09
1.061354157459251e-06	1.005137e-09
1.062475780206475e-06	1.005135e-09
1.063822588472890e-06	1.005136e-09
1.065365807514568e-06	1.005137e-09
1.067485005385309e-06	1.005138e-09
1.070429051315754e-06	1.005138e-09
1.074376824852525e-06	1.005138e-09
1.079259637352525e-06	1.005138e-09
1.091815440923953e-06	1.005138e-09
1.104371244495382e-06	1.005138e-09
1.116927048066810e-06	1.005138e-09
1.129482851638239e-06	1.005138e-09
1.142038655209668e-06	1.005138e-09
1.154594458781096e-06	1.005138e-09
1.167150262352525e-06	1.005138e-09
1.195117187500000e-06	1.005138e-09
1.200000000000000e-06	2.232812e-05
1.200009536743164e-06	1.556480e-05
1.200028610229492e-06	1.410133e-05
1.200033397639876e-06	2.070847e-05
1.200039146342806e-06	1.756946e-05
1.200050643748666e-06	3.850442e-06
1.200071764726272e-06	4.333832e-06
1.200114006681482e-06	1.065861e-06
1.200173869031437e-06	7.181460e-08
1.200250439113532e-06	-7.188944e-07
1.200349083136535e-06	-7.011709e-07
1.200489622858161e-06	-7.762127e-07
1.200712740894498e-06	-4.924514e-07
1.201158976967171e-06	-3.466266e-07
1.201907189926560e-06	-1.153858e-07
1.202997374073846e-06	-2.179413e-08
1.204273306041962e-06	1.074187e-08
1.206093372500949e-06	-6.056204e-09
1.208839697195106e-06	-4.687109e-09
1.213722509695106e-06	-8.887582e-09
1.218605322195106e-06	-6.562004e-09
1.223488134695106e-06	-4.602498e-09
1.228370947195106e-06	-3.140030e-09
1.233253759695106e-06	-2.049546e-09
1.238136572195106e-06	-1.268745e-09
1.243019384695106e-06	-7.066774e-10
1.247902197195106e-06	-3.105924e-10
1.252785009695106e-06	-3.228706e-11
1.257667822195106e-06	1.637090e-10
1.262550634695106e-06	2.969500e-10
1.267433447195106e-06	3.929017e-10
1.272316259695106e-06	4.556568e-10
1.277199072195106e-06	5.043148e-10
1.282081884695106e-06	5.329639e-10
1.286964697195106e-06	5.575203e-10
1.291847509695106e-06	3.067725e-09
1.295117187600000e-06	3.078304e-09
1.300000000100000e-06	-2.003292e-05
1.300009536843164e-06	-2.385291e-06
1.300028610329492e-06	2.803717e-05
1.300033397298893e-06	1.171826e-06
1.300039126867027e-06	-1.976587e-05
1.300050586003293e-06	-7.621891e-07
1.300071726981387e-06	-9.460699e-07
1.300114008937576e-06	-1.698594e-08
1.300158309855587e-06	-1.202783e-07
1.300217285212437e-06	2.887306e-08
1.300280033894175e-06	-9.021073e-08
1.300377139222909e-06	3.839886e-08
1.300504328824635e-06	-5.348011e-08
1.300758708028086e-06	7.939784e-09
1.301049268251006e-06	-5.554921e-09
1.301387011478485e-06	1.341864e-08
1.301886047893386e-06	-3.340312e-09
1.302485942610833e-06	6.202600e-09
1.303281469224853e-06	-3.402611e-09
1.304387847766417e-06	4.768439e-09
1.306051554955937e-06	-7.535608e-10
1.308234995270176e-06	2.053552e-09
1.310910822593451e-06	5.961722e-10
1.313853049814962e-06	1.952329e-09
1.317650618217696e-06	2.985623e-10
1.322533430717696e-06	1.015565e-09
1.327416243217696e-06	1.012836e-09
1.345117187500000e-06	-4.756410e-10
1.350000000000000e-06	-2.519957e-06
1.350009536743164e-06	-1.705786e-06
1.350028610229492e-06	1.081217e-07
1.350033383493204e-06	6.551329e-08
1.350039027075019e-06	-1.978699e-08
1.350048831781881e-06	4.155102e-09
1.350061336307857e-06	-1.106254e-09
1.350084308541043e-06	1.650540e-09
1.350119869759996e-06	7.072402e-10
1.350173152427331e-06	1.171912e-09
1.350249906321051e-06	9.000977e-10
1.350363754781276e-06	1.078527e-09
1.350539945503992e-06	9.666515e-10
1.350793821300324e-06	1.026851e-09
1.351133922508602e-06	9.857806e-10
1.351625695096852e-06	1.008501e-09
1.352160609137091e-06	1.001706e-09
1.352744046092831e-06	1.004072e-09
1.353307128390983e-06	1.004686e-09
1.353876214981072e-06	1.007947e-09
1.354491029522879e-06	1.001780e-09
1.355175784284042e-06	1.006348e-09
1.355889300671106e-06	1.002345e-09
1.356681093397576e-06	1.009810e-09
1.357659713473275e-06	1.004356e-09
1.358677556207173e-06	1.005815e-09
1.359730787746026e-06	1.001940e-09
1.361009741806425e-06	1.006037e-09
1.362369847595847e-06	1.002277e-09
1.364085663280769e-06	1.005711e-09
1.365894434880801e-06	1.001628e-09
1.368639914073429e-06	1.005449e-09
1.371515067065259e-06	1.002820e-09
1.376009689546996e-06	1.005466e-09
1.380892502046996e-06	1.005136e-09
1.385775314546996e-06	1.005140e-09
1.390658127046996e-06	1.005136e-09
1.395540939546996e-06	1.005140e-09
1.400423752046996e-06	1.005136e-09
1.405306564546996e-06	1.005140e-09
1.410189377046996e-06	1.005136e-09
1.415072189546996e-06	1.005140e-09
1.419955002046996e-06	1.005136e-09
1.424837814546996e-06	1.005140e-09
1.429720627046996e-06	1.005136e-09
1.434603439546996e-06	1.005140e-09
1.439486252046996e-06	1.005136e-09
1.444369064546996e-06	9.846635e-10
1.445117187500000e-06	9.930258e-10
1.446613433406008e-06	9.718140e-10
1.447007508187985e-06	9.824263e-10
1.447795657751938e-06	9.995470e-10
1.448423700872093e-06	1.031498e-09
1.448743913759690e-06	1.032263e-09
1.449384339534882e-06	1.006090e-09
1.450000000000000e-06	-3.441037e-09
1.450001801734769e-06	-2.350067e-09
1.450005405204306e-06	1.012507e-09
1.450006277675498e-06	1.225108e-09
1.450007384095272e-06	1.108028e-09
1.450009596934820e-06	1.027621e-09
1.450014022613917e-06	9.914117e-10
1.450021605212765e-06	9.823155e-10
1.450029636472896e-06	9.817722e-10
1.450040945563836e-06	9.877151e-10
1.450054637878981e-06	9.967248e-10
1.450076057312004e-06	1.006140e-09
1.450101689933518e-06	1.010421e-09
1.450137997692678e-06	1.010629e-09
1.450181874729936e-06	1.009221e-09
1.450246296123038e-06	1.007576e-09
1.450329959756855e-06	1.006461e-09
1.450474385812754e-06	1.005672e-09
1.450694840929102e-06	1.005261e-09
1.450941234415119e-06	1.005110e-09
1.451315340430077e-06	1.005036e-09
1.451972579012519e-06	1.005041e-09
1.452577906305422e-06	1.005083e-09
1.453307598090648e-06	1.005124e-09
1.454092604367805e-06	1.005152e-09
1.455173914884152e-06	1.005156e-09
1.456331966470079e-06	1.005140e-09
1.457473224391307e-06	1.005132e-09
1.458707615399827e-06	1.005137e-09
1.460241650745938e-06	1.005139e-09
1.461871955766323e-06	1.005138e-09
1.465132565807092e-06	1.005138e-09
1.468676108143376e-06	1.005138e-09
1.473558920643376e-06	1.005138e-09
1.478441733143376e-06	1.005138e-09
1.483324545643376e-06	1.005138e-09
1.488207358143376e-06	1.005138e-09
1.493090170643376e-06	1.005138e-09
1.497972983143376e-06	1.005138e-09
1.507738608143376e-06	1.005138e-09
1.512621420643376e-06	1.005138e-09
1.545117187600000e-06	1.005138e-09
1.550000000100000e-06	1.005138e-09
1.554882812600000e-06	1.005143e-09
1.555117187600000e-06	1.005141e-09
1.555585937600000e-06	1.005137e-09
1.556523437599999e-06	1.005137e-09
1.558125000100001e-06	1.005138e-09
1.560000000100000e-06	8.886610e-10
1.560005067839281e-06	8.831563e-10
1.560015203317843e-06	1.022037e-09
1.560017682284786e-06	1.106140e-09
1.560020695854750e-06	1.158798e-09
1.560026722994678e-06	1.120517e-09
1.560032418934774e-06	1.079136e-09
1.560043810814964e-06	1.036248e-09
1.560064943775243e-06	1.008105e-09
1.560091094088119e-06	1.003253e-09
1.560143394713870e-06	1.004650e-09
1.560247995965373e-06	1.005149e-09
1.560457198468380e-06	1.005138e-09
1.560786651304583e-06	1.005149e-09
1.561314241401350e-06	1.005135e-09
1.562263088324685e-06	1.005135e-09
1.563531193834976e-06	1.005134e-09
1.564893073636755e-06	1.005137e-09
1.566999688720124e-06	1.005137e-09
1.569977742582609e-06	1.005138e-09
1.573882061888862e-06	1.005138e-09
1.583647686888862e-06	1.005138e-09
1.695117187500000e-06	1.005138e-09
1.700000000000000e-06	1.976694e-04
1.700001192092896e-06	1.549169e-04
1.700003576278687e-06	-1.430775e-04
1.700004174671541e-06	-1.550711e-04
1.700004894016397e-06	-8.660871e-05
1.700006332706109e-06	-3.414615e-05
1.700009210085532e-06	3.670715e-06
1.700014964844380e-06	1.899406e-05
1.700026474362075e-06	1.252744e-05
1.700040790426721e-06	4.785097e-06
1.700060852013893e-06	1.561614e-06
1.700091364539653e-06	3.201771e-07
1.700139472849966e-06	-8.027834e-08
1.700207710712950e-06	-3.488378e-07
1.700322364819865e-06	-5.412986e-07
1.700535204049254e-06	-5.250195e-07
1.700766425191151e-06	-3.951436e-07
1.701202622360719e-06	-2.095416e-07
1.701863821766831e-06	-6.761118e-08
1.703186220579055e-06	1.634533e-08
1.705088796375184e-06	1.814130e-08
1.708211283474425e-06	-7.684763e-09
1.711620517886571e-06	-1.482992e-08
1.716503330386571e-06	-1.437143e-08
1.721386142886571e-06	-1.208164e-08
1.726268955386571e-06	-8.758125e-09
1.731151767886571e-06	-6.035645e-09
1.736034580386571e-06	-3.895277e-09
1.740917392886571e-06	-2.384340e-09
1.745800205386571e-06	-1.304048e-09
1.750683017886571e-06	-5.645369e-10
1.755565830386571e-06	-5.368150e-11
1.760448642886571e-06	2.908891e-10
1.765331455386571e-06	5.239897e-10
1.770214267886571e-06	6.840928e-10
1.775097080386571e-06	7.898571e-10
1.779979892886571e-06	8.620518e-10
1.784862705386571e-06	9.088126e-10
1.789745517886571e-06	9.414904e-10
1.795117187600000e-06	1.386283e-09
1.798050330880577e-06	9.740394e-10
1.800000000100000e-06	-1.868749e-05
1.800012556726914e-06	-4.286268e-06
1.800037669980741e-06	1.094745e-05
1.800043188028252e-06	-5.494194e-06
1.800051147907731e-06	-1.561234e-05
1.800066473394506e-06	-9.118591e-08
1.800083034517938e-06	-1.386372e-06
1.800116156764801e-06	-8.800627e-09
1.800148182454732e-06	-3.260637e-07
1.800197528526856e-06	-1.636734e-08
1.800242578867742e-06	-1.776114e-07
1.800313544606955e-06	1.920807e-08
1.800387069799575e-06	-1.038161e-07
1.800515878220929e-06	3.691186e-08
1.800692094883687e-06	-9.815783e-09
1.800889640816384e-06	2.091863e-08
1.801151762771973e-06	-6.856623e-10
1.801419193698085e-06	2.120690e-08
1.801837351472141e-06	-8.199721e-09
1.802403266828473e-06	1.186652e-08
1.803386704444968e-06	-2.450693e-09
1.804675517070260e-06	6.544572e-09
1.807253142320844e-06	1.517867e-09
1.809613265364114e-06	1.366770e-09
1.812116668473663e-06	-1.565642e-10
1.815275099296771e-06	1.810513e-09
1.819113304758178e-06	7.122561e-10
1.823297221495456e-06	1.499977e-09
1.828180033995456e-06	1.015906e-09
1.833062846495456e-06	1.018975e-09
1.837945658995456e-06	1.015678e-09
1.842828471495456e-06	-2.224087e-09
1.845117187500000e-06	4.026280e-08
1.846033328972736e-06	-1.018338e-08
1.847254850936384e-06	-3.237619e-08
1.848161166345345e-06	2.015459e-09
1.848791579454719e-06	-8.962874e-09
1.850000000000000e-06	-4.087941e-06
1.850000590049095e-06	-3.504662e-06
1.850001770147284e-06	-1.413069e-06
1.850002064938425e-06	-1.068636e-06
1.850002421317424e-06	-8.329793e-07
1.850003134075421e-06	-5.275544e-07
1.850004559591416e-06	-2.272505e-07
1.850007410623405e-06	-4.323839e-08
1.850012461248790e-06	1.503961e-09
1.850017682313989e-06	6.174452e-10
1.850024857392769e-06	8.592953e-10
1.850033747580790e-06	8.954524e-10
1.850050192013373e-06	1.048930e-09
1.850069864233394e-06	1.075041e-09
1.850095571894754e-06	1.052769e-09
1.850129793229277e-06	1.025629e-09
1.850184583285157e-06	1.014813e-09
1.850263565022759e-06	1.008646e-09
1.850380056916068e-06	1.007009e-09
1.850531755652764e-06	1.005816e-09
1.850731527566949e-06	1.005488e-09
1.850968385714467e-06	1.004881e-09
1.851283324480226e-06	1.004726e-09
1.851731804065816e-06	1.004664e-09
1.852390508170103e-06	1.004957e-09
1.853030909281575e-06	1.005128e-09
1.853622268442940e-06	1.005247e-09
1.854210669812558e-06	1.005313e-09
1.854699413887222e-06	1.005249e-09
1.855223994753068e-06	1.005120e-09
1.855770797273349e-06	1.005059e-09
1.856328067971607e-06	1.005046e-09
1.856962017797451e-06	1.005124e-09
1.857692936523322e-06	1.005166e-09
1.858434345667159e-06	1.005184e-09
1.859221197145091e-06	1.005139e-09
1.860080376453279e-06	1.005124e-09
1.861033729275596e-06	1.005109e-09
1.862289540175540e-06	1.005145e-09
1.863502292949598e-06	1.005130e-09
1.865275595885199e-06	1.005133e-09
1.867003994936139e-06	1.005130e-09
1.869159224398074e-06	1.005142e-09
1.871457062547075e-06	1.005127e-09
1.875233162625023e-06	1.005139e-09
1.879174429717481e-06	1.005136e-09
1.883774740026696e-06	1.005139e-09
1.888657552526697e-06	1.005138e-09
1.893540365026697e-06	1.005138e-09
1.898423177526697e-06	1.005138e-09
1.903305990026697e-06	1.005138e-09
1.908188802526697e-06	1.005138e-09
1.913071615026696e-06	1.005138e-09
1.917954427526696e-06	1.005138e-09
1.922837240026696e-06	1.005138e-09
1.927720052526696e-06	1.005138e-09
1.932602865026696e-06	1.005138e-09
1.937485677526695e-06	1.005138e-09
1.942368490026695e-06	1.005129e-09
1.945117187500000e-06	1.005129e-09
1.950000000000000e-06	9.847900e-10
1.950014660676309e-06	9.803764e-10
1.950043982028928e-06	9.586815e-10
1.950051065371882e-06	9.590644e-10
1.950060076710167e-06	9.736685e-10
1.950075064315999e-06	1.002886e-09
1.950089378685417e-06	1.017179e-09
1.950118007424254e-06	1.020894e-09
1.950169703359424e-06	1.015627e-09
1.950219252798122e-06	1.011399e-09
1.950291723844836e-06	1.008515e-09
1.950372063791922e-06	1.006991e-09
1.950489284761236e-06	1.006034e-09
1.950614144341423e-06	1.005577e-09
1.950797819661981e-06	1.005271e-09
1.951011767803066e-06	1.005069e-09
1.951335172969461e-06	1.004927e-09
1.951735517454144e-06	1.004918e-09
1.952307736216784e-06	1.005014e-09
1.952848324910804e-06	1.005084e-09
1.953454449099458e-06	1.005130e-09
1.954062542417190e-06	1.005156e-09
1.954898486099618e-06	1.005158e-09
1.955961887893410e-06	1.005139e-09
1.956961352871933e-06	1.005132e-09
1.958563530785571e-06	1.005140e-09
1.959792515012939e-06	1.005142e-09
1.961122447169429e-06	1.005139e-09
1.962770870334164e-06	1.005137e-09
1.964320688860162e-06	1.005138e-09
1.965961404662269e-06	1.005138e-09
1.968532666039062e-06	1.005138e-09
1.973415478539062e-06	1.005138e-09
1.978061203969346e-06	1.005138e-09
1.982944016469346e-06	1.005138e-09
1.992709641469346e-06	1.005138e-09
2.045117187600000e-06	1.005138e-09
2.050000000100000e-06	1.005138e-09
2.054882812600000e-06	1.005141e-09
2.055117187600001e-06	1.005140e-09
2.055585937600002e-06	1.005137e-09
2.056523437600005e-06	1.005137e-09
2.058125000099995e-06	1.005139e-09
2.060000000100000e-06	8.987501e-10
2.060004809223966e-06	8.874775e-10
2.060014427471897e-06	9.849805e-10
2.060016796924909e-06	1.061618e-09
2.060019605994383e-06	1.122820e-09
2.060023689343607e-06	1.117568e-09
2.060027983074387e-06	1.092625e-09
2.060035543598433e-06	1.058122e-09
2.060046326006302e-06	1.029119e-09
2.060066313562065e-06	1.010593e-09
2.060106288673592e-06	1.005031e-09
2.060170316798749e-06	1.005446e-09
2.060298373049062e-06	1.005434e-09
2.060554485549689e-06	1.005215e-09
2.060924016072186e-06	1.005155e-09
2.061430224429586e-06	1.005133e-09
2.062295411728850e-06	1.005133e-09
2.063516592771427e-06	1.005133e-09
2.064669146047095e-06	1.005136e-09
2.066743495527663e-06	1.005137e-09
2.069170220424952e-06	1.005138e-09
2.074023670219529e-06	1.005138e-09
2.078906482719529e-06	1.005138e-09
2.083789295219529e-06	1.005138e-09
2.088672107719528e-06	1.005138e-09
2.098437732719528e-06	1.005138e-09
2.103320545219528e-06	1.005138e-09
2.108203357719528e-06	1.005138e-09
2.113086170219527e-06	1.005138e-09
2.117968982719527e-06	1.005138e-09
2.195117187500000e-06	1.005138e-09
2.200000000000000e-06	2.573223e-05
2.200014243132327e-06	2.103594e-05
2.200042729396979e-06	5.914816e-06
2.200049622364404e-06	1.662618e-06
2.200058346692395e-06	-3.995580e-06
2.200074886665545e-06	-5.205478e-06
2.200104081637877e-06	-1.048038e-06
2.200162471582542e-06	-1.348981e-06
2.200279251471870e-06	-6.534640e-07
2.200512811250527e-06	-6.067580e-07
2.200791878762280e-06	-1.051684e-05
2.200844313213749e-06	-8.381897e-06
2.200949182116688e-06	-2.526609e-07
2.201158919922565e-06	-2.844460e-07
2.201211354374034e-06	-1.619538e-07
2.201224462986902e-06	-1.164469e-07
2.201250680212636e-06	-7.961178e-08
2.201257234519069e-06	-7.257477e-08
2.201270343131937e-06	-6.377925e-08
2.201296560357671e-06	-5.183108e-08
2.201348994809141e-06	-3.654623e-08
2.201453863712079e-06	-1.637688e-08
2.201663601517956e-06	1.025180e-08
2.202083077129710e-06	3.758658e-08
2.202880904239552e-06	4.873974e-08
2.203904896471653e-06	3.447829e-08
2.205952880935856e-06	-2.344703e-09
2.208149468406339e-06	-2.097975e-08
2.210739246964129e-06	-1.988399e-08
2.212361331082251e-06	-1.366943e-08
2.214412753062694e-06	-6.298248e-09
2.216750898584551e-06	-1.842111e-09
2.220394765920732e-06	6.344635e-10
2.222525867324341e-06	9.477983e-10
2.223058642675243e-06	-1.301548e-09
2.224124193377048e-06	-3.732163e-07
2.224506568648627e-06	-2.205569e-06
2.224754867571382e-06	-6.580562e-06
2.224920598737321e-06	-1.426657e-05
2.225058835789786e-06	-3.147989e-05
2.225166228326456e-06	-6.414482e-05
2.225281911434057e-06	-1.269025e-04
2.225417208660827e-06	-2.322490e-04
2.225509550827565e-06	7.304457e-04
2.225635514610683e-06	6.196741e-03
2.225650516588283e-06	1.083338e-02
2.225680520543485e-06	3.667230e-02
2.225705825707929e-06	7.660576e-02
2.225712151999040e-06	9.462155e-02
2.225724804581261e-06	1.600912e-01
2.225743032476341e-06	3.211791e-01
2.225762543641481e-06	5.730091e-01
2.225780613809016e-06	8.633545e-01
2.225791042459923e-06	1.069580e+00
2.225798872960833e-06	1.272471e+00
2.225804826387387e-06	1.464164e+00
2.225811356736560e-06	1.678827e+00
2.225814324298297e-06	1.744605e+00
2.225818495708798e-06	1.782477e+00
2.225821642728495e-06	1.792104e+00
2.225825407028219e-06	1.795910e+00
2.225830491149389e-06	1.798305e+00
2.225836912613704e-06	1.799197e+00
2.225844379402246e-06	1.799446e+00
2.225854815650446e-06	1.799729e+00
2.225870585961092e-06	1.800034e+00
2.225892481030191e-06	1.800171e+00
2.225923100983916e-06	1.800185e+00
2.225976221665609e-06	1.800180e+00
2.226082463028998e-06	1.800160e+00
2.226294945755774e-06	1.800129e+00
2.226524782959450e-06	1.800103e+00
2.226806203772785e-06	1.800081e+00
2.227103786247006e-06	1.800059e+00
2.227120643229226e-06	1.800060e+00
2.227154357193666e-06	1.800062e+00
2.227221785122544e-06	1.800061e+00
2.227238642104764e-06	1.800060e+00
2.227242856350319e-06	1.800060e+00
2.227251284841429e-06	1.800060e+00
2.227253391964206e-06	1.800060e+00
2.227257606209761e-06	1.800060e+00
2.227268141823649e-06	1.800059e+00
2.227272356069204e-06	1.800059e+00
2.227280784560314e-06	1.800059e+00
2.227297641542533e-06	1.800058e+00
2.227331355506973e-06	1.800056e+00
2.227398783435851e-06	1.800053e+00
2.227533639293609e-06	1.800046e+00
2.227803351009124e-06	1.800037e+00
2.228291162190897e-06	1.800026e+00
2.228876387124243e-06	1.800018e+00
2.230012760540683e-06	1.800010e+00
2.231921632743617e-06	1.800003e+00
2.233997253265954e-06	1.800001e+00
2.236842174411137e-06	1.800000e+00
2.240638889585238e-06	1.800000e+00
2.245521702085237e-06	1.800000e+00
2.250404514585237e-06	1.800000e+00
2.255287327085237e-06	1.800000e+00
2.260170139585237e-06	1.800000e+00
2.265052952085237e-06	1.800000e+00
2.269935764585236e-06	1.800000e+00
2.274818577085236e-06	1.800000e+00
2.279701389585236e-06	1.800000e+00
2.284584202085236e-06	1.800000e+00
2.289467014585236e-06	1.800000e+00
2.294349827085235e-06	1.800000e+00
2.295117187600000e-06	1.800000e+00
2.297487856863759e-06	1.800000e+00
2.298602454509398e-06	1.800000e+00
2.300000000100000e-06	1.798916e+00
2.300003522861451e-06	1.799180e+00
2.300010568384352e-06	1.800735e+00
2.300012297235269e-06	1.800680e+00
2.300014421183220e-06	1.800272e+00
2.300017707319834e-06	1.800211e+00
2.300021229090581e-06	1.800189e+00
2.300028272632075e-06	1.800152e+00
2.300041859825062e-06	1.800103e+00
2.300055589973120e-06	1.800071e+00
2.300076243191873e-06	1.800043e+00
2.300102944103928e-06	1.800024e+00
2.300156345928037e-06	1.800008e+00
2.300263149576255e-06	1.800001e+00
2.300452526637300e-06	1.800000e+00
2.300641577765125e-06	1.800000e+00
2.300897869489794e-06	1.800000e+00
2.301203189046639e-06	1.800000e+00
2.301726884622716e-06	1.800000e+00
2.302452833541628e-06	1.800000e+00
2.303464798158323e-06	1.800000e+00
2.304575677827490e-06	1.800000e+00
2.306040402859407e-06	1.800000e+00
2.307539959423306e-06	1.800000e+00
2.308967711945020e-06	1.800000e+00
2.309695438222373e-06	1.800000e+00
2.310282917458932e-06	1.800000e+00
2.310936605312049e-06	1.800000e+00
2.311348221459003e-06	1.800000e+00
2.311838486700125e-06	1.800000e+00
2.312506323426602e-06	1.800000e+00
2.313209198045802e-06	1.800000e+00
2.314082495892186e-06	1.800000e+00
2.315088379255750e-06	1.800000e+00
2.316675059383337e-06	1.800000e+00
2.318984573713530e-06	1.800000e+00
2.323603602373917e-06	1.800000e+00
2.328486414873916e-06	1.800000e+00
2.333369227373916e-06	1.800000e+00
2.338252039873916e-06	1.800000e+00
2.346035329747831e-06	1.800000e+00
2.347871614243491e-06	1.800000e+00
2.350000000000000e-06	1.800000e+00
2.350005478699211e-06	1.800000e+00
2.350016436097633e-06	1.800000e+00
2.350019015603756e-06	1.800000e+00
2.350022290836087e-06	1.800000e+00
2.350027020152679e-06	1.800000e+00
2.350032006135151e-06	1.800000e+00
2.350041201420060e-06	1.800000e+00
2.350054743931533e-06	1.800000e+00
2.350081828954478e-06	1.800000e+00
2.350125110867049e-06	1.800000e+00
2.350211674692190e-06	1.800000e+00
2.350330145622565e-06	1.800000e+00
2.350461746239880e-06	1.800000e+00
2.350678473663758e-06	1.800000e+00
2.350929741026834e-06	1.800000e+00
2.351183712750382e-06	1.800000e+00
2.351392828130935e-06	1.800000e+00
2.351580314715947e-06	1.800000e+00
2.351819973634217e-06	1.800000e+00
2.352056871101224e-06	1.800000e+00
2.352249234671970e-06	1.800000e+00
2.352506265307240e-06	1.800000e+00
2.352782446899089e-06	1.800000e+00
2.353163118998239e-06	1.800000e+00
2.353528609439162e-06	1.800000e+00
2.354008714658742e-06	1.800000e+00
2.354482561484149e-06	1.800000e+00
2.355014247590998e-06	1.800000e+00
2.355612222128370e-06	1.800000e+00
2.356296765531200e-06	1.800000e+00
2.356922168990282e-06	1.800000e+00
2.357598822608854e-06	1.800000e+00
2.358499416092665e-06	1.800000e+00
2.359355433123663e-06	1.800000e+00
2.360285248863426e-06	1.800000e+00
2.361507081156991e-06	1.800000e+00
2.362618322796614e-06	1.800000e+00
2.364136567986331e-06	1.800000e+00
2.365766266528037e-06	1.800000e+00
2.368181902762579e-06	1.800000e+00
2.370369530574767e-06	1.800000e+00
2.373834787894809e-06	1.800000e+00
2.378084755358084e-06	1.800000e+00
2.382967567858083e-06	1.800000e+00
2.387850380358083e-06	1.800000e+00
2.392733192858083e-06	1.800000e+00
2.397616005358083e-06	1.800000e+00
2.402498817858083e-06	1.800000e+00
2.407381630358082e-06	1.800000e+00
2.412264442858082e-06	1.800000e+00
2.417147255358082e-06	1.800000e+00
2.422030067858082e-06	1.800000e+00
2.426912880358082e-06	1.800000e+00
2.431795692858081e-06	1.800000e+00
2.436678505358081e-06	1.800000e+00
2.441561317858081e-06	1.800000e+00
2.445117187500000e-06	1.800000e+00
2.450000000000000e-06	1.800000e+00
2.450013519293219e-06	1.800000e+00
2.450040557879657e-06	1.800000e+00
2.450047149022842e-06	1.800000e+00
2.450055428715804e-06	1.800000e+00
2.450065368924795e-06	1.800000e+00
2.450084572175357e-06	1.800000e+00
2.450107457215648e-06	1.800000e+00
2.450152068987203e-06	1.800000e+00
2.450231237090176e-06	1.800000e+00
2.450389573296121e-06	1.800000e+00
2.450550347830177e-06	1.800000e+00
2.450740555172128e-06	1.800000e+00
2.451004991454568e-06	1.800000e+00
2.451288383095978e-06	1.800000e+00
2.451617873875349e-06	1.800000e+00
2.452088388420690e-06	1.800000e+00
2.452792481197113e-06	1.800000e+00
2.453539775733519e-06	1.800000e+00
2.454391191785527e-06	1.800000e+00
2.455290667630654e-06	1.800000e+00
2.456467747848852e-06	1.800000e+00
2.457456714800417e-06	1.800000e+00
2.458728700838126e-06	1.800000e+00
2.459388730598642e-06	1.800000e+00
2.459830519963999e-06	1.800000e+00
2.460483607648380e-06	1.800000e+00
2.460839763795180e-06	1.800000e+00
2.461207628905679e-06	1.800000e+00
2.461603065981044e-06	1.800000e+00
2.462159679487626e-06	1.800000e+00
2.462817233628977e-06	1.800000e+00
2.463565893036184e-06	1.800000e+00
2.464512283361207e-06	1.800000e+00
2.465714866652675e-06	1.800000e+00
2.467402978402042e-06	1.800000e+00
2.469546933248246e-06	1.800000e+00
2.472039576825017e-06	1.800000e+00
2.475211014499765e-06	1.800000e+00
2.480093826999765e-06	1.800000e+00
2.484976639499765e-06	1.800000e+00
2.494742264499764e-06	1.800000e+00
2.504507889499764e-06	1.800000e+00
2.546906403899524e-06	1.800000e+00
2.550000000100000e-06	1.800000e+00
2.554882812600000e-06	1.800000e+00
2.555117187600001e-06	1.800000e+00
2.555585937600002e-06	1.800000e+00
2.556523437600005e-06	1.800000e+00
2.558125000099995e-06	1.800000e+00
2.560000000100000e-06	1.800000e+00
2.560005097285489e-06	1.800000e+00
2.560015291656467e-06	1.800000e+00
2.560017783134515e-06	1.800000e+00
2.560020819259089e-06	1.800000e+00
2.560026891508237e-06	1.800000e+00
2.560032807592478e-06	1.800000e+00
2.560044639760959e-06	1.800000e+00
2.560067120169593e-06	1.800000e+00
2.560092005925031e-06	1.800000e+00
2.560141777435907e-06	1.800000e+00
2.560236690763047e-06	1.800000e+00
2.560426517417327e-06	1.800000e+00
2.560698989015806e-06	1.800000e+00
2.561243932212762e-06	1.800000e+00
2.561763138071685e-06	1.800000e+00
2.562719065042879e-06	1.800000e+00
2.564076139056147e-06	1.800000e+00
2.565519394148002e-06	1.800000e+00
2.567778379254770e-06	1.800000e+00
2.571055115638420e-06	1.800000e+00
2.575937928138420e-06	1.800000e+00
2.585703553138419e-06	1.800000e+00
2.688242615638415e-06	1.800000e+00
2.693125428138415e-06	1.800000e+00
2.695117187500001e-06	1.800000e+00
2.696016481276829e-06	1.800000e+00
2.697815068830486e-06	1.800000e+00
2.700000000000000e-06	1.796422e+00
2.700005506848616e-06	1.797632e+00
2.700016520545848e-06	1.804858e+00
2.700019227889810e-06	1.803846e+00
2.700022527351330e-06	1.800155e+00
2.700025809526340e-06	1.799563e+00
2.700029424479585e-06	1.799917e+00
2.700034421037750e-06	1.799827e+00
2.700041965073271e-06	1.799932e+00
2.700055085605917e-06	1.799954e+00
2.700079649295173e-06	1.799995e+00
2.700105482445353e-06	1.800060e+00
2.700109965098172e-06	1.800050e+00
2.700118930403811e-06	1.800002e+00
2.700121171730220e-06	1.800004e+00
2.700121732061823e-06	1.800006e+00
2.700122852725028e-06	1.800007e+00
2.700125094051437e-06	1.800007e+00
2.700129576704257e-06	1.800007e+00
2.700138542009895e-06	1.800007e+00
2.700156472621173e-06	1.800007e+00
2.700192333843727e-06	1.800007e+00
2.700263560209832e-06	1.800006e+00
2.700366804705312e-06	1.800005e+00
2.700487784725515e-06	1.800004e+00
2.700624132044788e-06	1.800003e+00
2.700809249596645e-06	1.800003e+00
2.701087663327977e-06	1.800002e+00
2.701582888621626e-06	1.800002e+00
2.702573339208923e-06	1.800001e+00
2.704206194212651e-06	1.800000e+00
2.705997612775192e-06	1.800000e+00
2.708305757317728e-06	1.800000e+00
2.710206405650099e-06	1.800000e+00
2.712394493792317e-06	1.800000e+00
2.714845144500483e-06	1.800000e+00
2.719196416658544e-06	1.800000e+00
2.719806768221044e-06	1.800000e+00
2.721027471346044e-06	1.800000e+00
2.721984373142187e-06	1.800000e+00
2.722954401697214e-06	1.800002e+00
2.723984358894943e-06	1.800011e+00
2.724014498350822e-06	1.800015e+00
2.724074777262580e-06	1.800037e+00
2.724195335086096e-06	1.799958e+00
2.724317095575705e-06	1.791043e+00
2.724430998194652e-06	1.743049e+00
2.724495009891189e-06	1.674322e+00
2.724555762228089e-06	1.586543e+00
2.724608125043371e-06	1.495214e+00
2.724629689297035e-06	1.410671e+00
2.724650725793551e-06	1.229016e+00
2.724667422310204e-06	9.544940e-01
2.724686283453773e-06	4.941498e-01
2.724697470862689e-06	2.021490e-01
2.724704726650044e-06	7.572029e-02
2.724714869618653e-06	1.205138e-02
2.724722703858815e-06	2.071833e-03
2.724731925006859e-06	1.548256e-03
2.724744105074339e-06	9.957787e-04
2.724768465209299e-06	5.675252e-04
2.724798207003239e-06	3.773775e-04
2.724834732661215e-06	2.851910e-04
2.724880729904667e-06	2.233696e-04
2.724972724391572e-06	1.597052e-04
2.725075577177718e-06	9.636739e-05
2.725143985429836e-06	4.394223e-05
2.725235447944873e-06	-7.565657e-06
2.725301010250433e-06	-1.390321e-05
2.725381328472198e-06	-1.044181e-05
2.725471172476522e-06	-9.542900e-06
2.725650860485171e-06	6.842631e-07
2.725668087592100e-06	-1.294451e-06
2.725702541805958e-06	-6.802158e-06
2.725761876611975e-06	-6.050797e-06
2.725769560471188e-06	-6.013012e-06
2.725784928189615e-06	-5.962779e-06
2.725798374943239e-06	-5.840427e-06
2.725809900732059e-06	-5.734021e-06
2.725827189415289e-06	-5.579821e-06
2.725844478098519e-06	-5.430489e-06
2.725861766781750e-06	-5.286025e-06
2.725879055464980e-06	-5.146429e-06
2.725896344148210e-06	-5.011701e-06
2.725913632831440e-06	-4.881841e-06
2.725930921514671e-06	-4.756850e-06
2.726053863262086e-06	-3.973701e-06
2.726299746756918e-06	-2.791023e-06
2.726576482247951e-06	-1.892985e-06
2.726948066073146e-06	-1.165866e-06
2.727460137866504e-06	-6.108573e-07
2.728219690639715e-06	-2.168869e-07
2.729119804066215e-06	-3.101755e-08
2.730418043526416e-06	4.113529e-08
2.732218429456914e-06	3.828728e-08
2.734890040905390e-06	3.060834e-09
2.738124125729397e-06	-1.370059e-08
2.741935267026249e-06	-1.339655e-08
2.746818079526249e-06	-1.093111e-08
2.751700892026249e-06	-8.131383e-09
2.756583704526249e-06	-5.526292e-09
2.761466517026248e-06	-3.592538e-09
2.766349329526248e-06	-2.148732e-09
2.771232142026248e-06	-1.157485e-09
2.776114954526248e-06	-4.548039e-10
2.780997767026248e-06	1.635703e-11
2.785880579526247e-06	3.430594e-10
2.790763392026247e-06	5.624372e-10
2.795117187600001e-06	6.972137e-10
2.800000000100001e-06	-2.945029e-05
2.800009536843165e-06	-8.681798e-06
2.800028610329493e-06	2.843558e-05
2.800033397739877e-06	1.281020e-06
2.800039109705783e-06	-1.994089e-05
2.800050533637595e-06	-1.046918e-06
2.800065857973811e-06	-1.221197e-06
2.800096506646243e-06	-4.954975e-08
2.800128213764632e-06	-1.789287e-07
2.800171379182024e-06	5.841692e-09
2.800212993336355e-06	-9.859003e-08
2.800273454227779e-06	2.292343e-08
2.800339612674862e-06	-5.726954e-08
2.800444658184780e-06	2.438451e-08
2.800584431362804e-06	-1.875796e-08
2.800784076605824e-06	8.471627e-09
2.801022576117130e-06	-7.141915e-10
2.801270603548323e-06	1.073375e-08
2.801618375742968e-06	-6.282960e-09
2.802121985342951e-06	7.168715e-09
2.802942237196641e-06	-1.190730e-09
2.804001604865055e-06	4.339239e-09
2.805917150644752e-06	-3.309323e-10
2.808760911439261e-06	7.380908e-10
2.811347311058382e-06	7.707625e-10
2.814152365476398e-06	1.386499e-09
2.817395488008600e-06	8.846228e-10
2.820813003565844e-06	1.692212e-09
2.825695816065844e-06	1.008004e-09
2.830578628565844e-06	1.009710e-09
2.845227066065843e-06	1.044458e-09
2.850000000000001e-06	-2.187626e-06
2.850001192092896e-06	-1.727104e-06
2.850003576278687e-06	-2.216173e-07
2.850004173020850e-06	-6.218723e-08
2.850004890845219e-06	-3.785171e-08
2.850006326493959e-06	-1.447697e-08
2.850008244089712e-06	-3.364198e-09
2.850012079281220e-06	4.425818e-10
2.850018426189090e-06	8.296526e-10
2.850025528939151e-06	8.237365e-10
2.850035780578183e-06	9.525212e-10
2.850050728418952e-06	1.036089e-09
2.850072854425517e-06	1.061404e-09
2.850098077493805e-06	1.041672e-09
2.850137207147878e-06	1.022158e-09
2.850191715276732e-06	1.012309e-09
2.850280786611422e-06	1.008305e-09
2.850396896407357e-06	1.006443e-09
2.850561802832201e-06	1.005785e-09
2.850759003840548e-06	1.005262e-09
2.851020832534420e-06	1.004901e-09
2.851373052974769e-06	1.004664e-09
2.851888402564582e-06	1.004831e-09
2.852446495821025e-06	1.005000e-09
2.852960801246913e-06	1.005122e-09
2.853472668051856e-06	1.005234e-09
2.854078950299476e-06	1.005277e-09
2.854509928002049e-06	1.005237e-09
2.855048364762928e-06	1.005124e-09
2.855552511161841e-06	1.005053e-09
2.856160088457920e-06	1.005067e-09
2.856795110713753e-06	1.005112e-09
2.857470279482902e-06	1.005169e-09
2.858254078746076e-06	1.005178e-09
2.858989585865703e-06	1.005150e-09
2.859817651203094e-06	1.005115e-09
2.860783472392951e-06	1.005129e-09
2.861922743819790e-06	1.005146e-09
2.863060723507963e-06	1.005149e-09
2.864404229670816e-06	1.005133e-09
2.865814467091465e-06	1.005139e-09
2.867684528666566e-06	1.005140e-09
2.869590359098609e-06	1.005142e-09
2.872429734941992e-06	1.005138e-09
2.875328979029538e-06	1.005141e-09
2.879172882080685e-06	1.005137e-09
2.884055694580685e-06	1.005138e-09
2.888938507080685e-06	1.005138e-09
2.893821319580685e-06	1.005138e-09
2.898704132080685e-06	1.005138e-09
2.903586944580684e-06	1.005138e-09
2.908469757080684e-06	1.005138e-09
2.913352569580684e-06	1.005138e-09
2.918235382080684e-06	1.005138e-09
2.923118194580684e-06	1.005138e-09
2.928001007080683e-06	1.005138e-09
2.932883819580683e-06	1.005138e-09
2.937766632080683e-06	1.005138e-09
2.942649444580683e-06	1.005134e-09
2.945117187500001e-06	1.005134e-09
2.950000000000001e-06	9.930207e-10
2.950014642606034e-06	9.868971e-10
2.950043927818101e-06	9.633773e-10
2.950051002529990e-06	9.643051e-10
2.950060002891782e-06	9.781412e-10
2.950073838623120e-06	1.002160e-09
2.950089119004805e-06	1.015426e-09
2.950119679768174e-06	1.018976e-09
2.950163699914618e-06	1.015067e-09
2.950209507122419e-06	1.011324e-09
2.950269611667794e-06	1.008794e-09
2.950345675024618e-06	1.007181e-09
2.950449780420164e-06	1.006172e-09
2.950575976566833e-06	1.005630e-09
2.950744056170465e-06	1.005313e-09
2.950955781153463e-06	1.005103e-09
2.951251178048673e-06	1.004960e-09
2.951650077981230e-06	1.004930e-09
2.952208434693091e-06	1.005009e-09
2.952792179560510e-06	1.005082e-09
2.953413614154632e-06	1.005128e-09
2.954094780247953e-06	1.005154e-09
2.955074290644580e-06	1.005154e-09
2.956095628634328e-06	1.005139e-09
2.957193201153853e-06	1.005134e-09
2.958176612866049e-06	1.005138e-09
2.959320260872867e-06	1.005141e-09
2.960511124475058e-06	1.005139e-09
2.961699494993847e-06	1.005137e-09
2.963131003197491e-06	1.005138e-09
2.964680833995428e-06	1.005138e-09
2.967014413684737e-06	1.005138e-09
2.971681573063354e-06	1.005138e-09
2.976223999137627e-06	1.005138e-09
2.981106811637626e-06	1.005138e-09
2.985989624137626e-06	1.005138e-09
2.990872436637626e-06	1.005138e-09
2.999014195153750e-06	1.005138e-09
3.007155953669874e-06	1.005138e-09
3.015297712185998e-06	1.005138e-09
3.023439470702122e-06	1.005138e-09
3.031581229218246e-06	1.005138e-09
3.039722987734370e-06	1.005138e-09
3.047864746250494e-06	1.005138e-09
3.050000000100000e-06	1.005138e-09
3.054270507799013e-06	1.005139e-09
3.055117187600001e-06	1.005138e-09
3.056810547201976e-06	1.005137e-09
3.060000000100001e-06	9.328787e-10
3.060008961637693e-06	9.467976e-10
3.060026884713078e-06	1.097105e-09
3.060031240983394e-06	1.125781e-09
3.060036467015619e-06	1.098878e-09
3.060045434068954e-06	1.038040e-09
3.060054577706696e-06	1.016578e-09
3.060070619206751e-06	1.006968e-09
3.060093657587142e-06	1.004578e-09
3.060134059215462e-06	1.005191e-09
3.060214862472103e-06	1.005389e-09
3.060376468985385e-06	1.005301e-09
3.060699682011950e-06	1.005171e-09
3.061107312641480e-06	1.005146e-09
3.061755780326786e-06	1.005131e-09
3.062730751184861e-06	1.005133e-09
3.063830735773984e-06	1.005133e-09
3.065324661934845e-06	1.005137e-09
3.067461918055253e-06	1.005137e-09
3.070558242506759e-06	1.005138e-09
3.075156439798027e-06	1.005138e-09
3.080039252298027e-06	1.005138e-09
3.084922064798026e-06	1.005138e-09
3.089804877298026e-06	1.005138e-09
3.094687689798026e-06	1.005138e-09
3.099570502298026e-06	1.005138e-09
3.112126305869454e-06	1.005138e-09
3.124682109440882e-06	1.005138e-09
3.137237913012310e-06	1.005138e-09
3.149793716583738e-06	1.005138e-09
3.162349520155166e-06	1.005138e-09
3.174905323726594e-06	1.005138e-09
3.187461127298022e-06	1.005138e-09
3.192343939798022e-06	1.005139e-09
3.195117187500001e-06	1.005139e-09
3.200000000000001e-06	2.027138e-04
3.200001192092896e-06	1.639504e-04
3.200003576278687e-06	-1.201076e-04
3.200004174616606e-06	-1.304839e-04
3.200004893990053e-06	-6.241808e-05
3.200006332736947e-06	-1.222794e-05
3.200009210230736e-06	2.135030e-05
3.200014965218314e-06	2.953091e-05
3.200026475193469e-06	1.167208e-05
3.200039649564164e-06	-1.481939e-06
3.200054048677418e-06	-3.721072e-06
3.200069900863329e-06	-2.727749e-06
3.200096086608849e-06	-1.578542e-06
3.200142827487688e-06	-9.476219e-07
3.200236309245365e-06	-7.536784e-07
3.200423272760720e-06	-5.927146e-07
3.200691405133634e-06	-3.789862e-07
3.201035983019428e-06	-1.160492e-07
3.201103519788642e-06	-1.000160e-07
3.201238593327069e-06	-1.038288e-07
3.201272361711676e-06	-9.198209e-08
3.201280803807827e-06	-8.774713e-08
3.201297688000131e-06	-7.591807e-08
3.201301909048207e-06	-7.226202e-08
3.201327235336662e-06	-4.629573e-08
3.201361003721269e-06	-1.740498e-08
3.201369445817420e-06	-1.303866e-08
3.201386330009724e-06	-8.314528e-09
3.201420098394330e-06	-1.905455e-10
3.201487635163544e-06	1.135110e-08
3.201622708701971e-06	2.673384e-08
3.201892855778825e-06	4.481917e-08
3.202433149932533e-06	5.711163e-08
3.203362984730241e-06	4.771515e-08
3.204966834259155e-06	1.221868e-08
3.206687930729833e-06	-1.480170e-08
3.208720039371243e-06	-2.406782e-08
3.210402860899296e-06	-2.038885e-08
3.212083354351779e-06	-1.329283e-08
3.214121073718166e-06	-6.277597e-09
3.216474207449396e-06	-1.936182e-09
3.219779805102242e-06	2.325119e-10
3.224487381404059e-06	9.288078e-10
3.229370193904059e-06	1.229913e-09
3.229980545466559e-06	-1.478293e-07
3.231201248591559e-06	-2.901205e-06
3.231355770115110e-06	-9.344391e-06
3.231664813162212e-06	-5.557151e-05
3.231796482692582e-06	-1.111495e-04
3.231970498456284e-06	-2.371266e-04
3.232084663132559e-06	4.729563e-03
3.232216163566579e-06	2.706220e-02
3.232232407781727e-06	4.392047e-02
3.232264896212025e-06	1.146727e-01
3.232269721825263e-06	1.335097e-01
3.232279373051738e-06	2.022759e-01
3.232298675504690e-06	4.069348e-01
3.232313223108073e-06	6.057783e-01
3.232330005951096e-06	8.661567e-01
3.232332370498832e-06	9.061285e-01
3.232337099594305e-06	9.962987e-01
3.232343964975442e-06	1.149535e+00
3.232349444065715e-06	1.303445e+00
3.232354804306179e-06	1.486907e+00
3.232359819482398e-06	1.663238e+00
3.232362435558867e-06	1.729474e+00
3.232366236360996e-06	1.774941e+00
3.232369497710514e-06	1.789432e+00
3.232373100117082e-06	1.794644e+00
3.232377438984130e-06	1.797524e+00
3.232383817627497e-06	1.798999e+00
3.232391007560357e-06	1.799385e+00
3.232400776775221e-06	1.799642e+00
3.232413387958313e-06	1.799937e+00
3.232433837739664e-06	1.800143e+00
3.232459315427514e-06	1.800184e+00
3.232504212021625e-06	1.800181e+00
3.232591249973782e-06	1.800167e+00
3.232762254774717e-06	1.800149e+00
3.232805005974951e-06	1.800142e+00
3.232890508375419e-06	1.800124e+00
3.232911883975536e-06	1.800121e+00
3.232954635175770e-06	1.800117e+00
3.232986698575945e-06	1.800114e+00
3.233005402226047e-06	1.800112e+00
3.233024105876150e-06	1.800110e+00
3.233029449776179e-06	1.800110e+00
3.233040137576237e-06	1.800109e+00
3.233061513176354e-06	1.800106e+00
3.233104264376588e-06	1.800102e+00
3.233189766777056e-06	1.800094e+00
3.233360771577991e-06	1.800080e+00
3.233702781179862e-06	1.800061e+00
3.234378743646052e-06	1.800034e+00
3.234416240213997e-06	1.800034e+00
3.234478734493905e-06	1.800032e+00
3.234541228773813e-06	1.800031e+00
3.234603723053722e-06	1.800029e+00
3.234666217333630e-06	1.800028e+00
3.234728711613539e-06	1.800027e+00
3.234791205893447e-06	1.800026e+00
3.234853700173355e-06	1.800025e+00
3.235253663564769e-06	1.800020e+00
3.236053590347596e-06	1.800012e+00
3.237247167929228e-06	1.800007e+00
3.238996647462173e-06	1.800002e+00
3.241317574239609e-06	1.800001e+00
3.243967499418776e-06	1.800000e+00
3.247539317671418e-06	1.800000e+00
3.251670357100240e-06	1.800000e+00
3.252542287903812e-06	1.800000e+00
3.253414218707383e-06	1.800000e+00
3.254286149510954e-06	1.800000e+00
3.255158080314526e-06	1.800000e+00
3.256030011118098e-06	1.800000e+00
3.256901941921669e-06	1.800000e+00
3.257773872725240e-06	1.800000e+00
3.260215278975240e-06	1.800000e+00
3.262634797268387e-06	1.800000e+00
3.267473833854680e-06	1.800000e+00
3.272356646354680e-06	1.800000e+00
3.277239458854680e-06	1.800000e+00
3.282122271354680e-06	1.800000e+00
3.287005083854679e-06	1.800000e+00
3.291887896354679e-06	1.800000e+00
3.295117187600001e-06	1.800000e+00
3.300000000100000e-06	1.799701e+00
3.300012078433508e-06	1.799844e+00
3.300036235100522e-06	1.800275e+00
3.300042194096190e-06	1.800176e+00
3.300049261445261e-06	1.800054e+00
3.300059427270956e-06	1.800073e+00
3.300070045417469e-06	1.800043e+00
3.300086859070452e-06	1.800039e+00
3.300112823519400e-06	1.800018e+00
3.300147537330536e-06	1.800011e+00
3.300213538825417e-06	1.800002e+00
3.300305914317994e-06	1.800001e+00
3.300475652436752e-06	1.800000e+00
3.300681711012799e-06	1.800000e+00
3.300960820600447e-06	1.800000e+00
3.301318237850220e-06	1.800000e+00
3.301939446878484e-06	1.800000e+00
3.302947304995091e-06	1.800000e+00
3.303954531180655e-06	1.800000e+00
3.305234603382758e-06	1.800000e+00
3.306778103949803e-06	1.800000e+00
3.308195863757956e-06	1.800000e+00
3.309516229186247e-06	1.800000e+00
3.310464617788899e-06	1.800000e+00
3.311009150644164e-06	1.800000e+00
3.311469780972604e-06	1.800000e+00
3.312074603488715e-06	1.800000e+00
3.312433789985442e-06	1.800000e+00
3.312818987118424e-06	1.800000e+00
3.313239374319942e-06	1.800000e+00
3.313851071624764e-06	1.800000e+00
3.314539864759758e-06	1.800000e+00
3.315321829460699e-06	1.800000e+00
3.316280338704013e-06	1.800000e+00
3.317635443312347e-06	1.800000e+00
3.319745325698019e-06	1.800000e+00
3.323377503827755e-06	1.800000e+00
3.327238607749575e-06	1.800000e+00
3.332121420249574e-06	1.800000e+00
3.337004232749574e-06	1.800000e+00
3.341887045249574e-06	1.800000e+00
3.345117187500001e-06	1.800000e+00
3.350000000000001e-06	1.800027e+00
3.350001192092896e-06	1.800020e+00
3.350003576278687e-06	1.800001e+00
3.350004172367456e-06	1.799999e+00
3.350004888958464e-06	1.799999e+00
3.350006322140480e-06	1.800000e+00
3.350007868736773e-06	1.800000e+00
3.350010961929361e-06	1.800000e+00
3.350017148314536e-06	1.800000e+00
3.350025856486547e-06	1.800000e+00
3.350036069192677e-06	1.800000e+00
3.350049911373282e-06	1.800000e+00
3.350071343649628e-06	1.800000e+00
3.350114208202318e-06	1.800000e+00
3.350199937307698e-06	1.800000e+00
3.350330756599484e-06	1.800000e+00
3.350453833675966e-06	1.800000e+00
3.350642835896098e-06	1.800000e+00
3.350858647153296e-06	1.800000e+00
3.351102246205469e-06	1.800000e+00
3.351297219280308e-06	1.800000e+00
3.351492178033226e-06	1.800000e+00
3.351714452530171e-06	1.800000e+00
3.352020688096571e-06	1.800000e+00
3.352275266921151e-06	1.800000e+00
3.352571430942716e-06	1.800000e+00
3.352861045081135e-06	1.800000e+00
3.353240667281809e-06	1.800000e+00
3.353616183779201e-06	1.800000e+00
3.353971351936792e-06	1.800000e+00
3.354451399991003e-06	1.800000e+00
3.354928069515191e-06	1.800000e+00
3.355549525719899e-06	1.800000e+00
3.356124171481253e-06	1.800000e+00
3.356791964533837e-06	1.800000e+00
3.357429417219418e-06	1.800000e+00
3.358076426301533e-06	1.800000e+00
3.358873416381794e-06	1.800000e+00
3.359793598909247e-06	1.800000e+00
3.360807462305481e-06	1.800000e+00
3.361908110285079e-06	1.800000e+00
3.363332581554453e-06	1.800000e+00
3.364760797639410e-06	1.800000e+00
3.366807733832955e-06	1.800000e+00
3.368799921312262e-06	1.800000e+00
3.372549407126268e-06	1.800000e+00
3.376162475062129e-06	1.800000e+00
3.380996217806774e-06	1.800000e+00
3.385879030306773e-06	1.800000e+00
3.390761842806773e-06	1.800000e+00
3.395644655306773e-06	1.800000e+00
3.400527467806773e-06	1.800000e+00
3.405410280306773e-06	1.800000e+00
3.410293092806772e-06	1.800000e+00
3.415175905306772e-06	1.800000e+00
3.420058717806772e-06	1.800000e+00
3.424941530306772e-06	1.800000e+00
3.429824342806772e-06	1.800000e+00
3.434707155306771e-06	1.800000e+00
3.439589967806771e-06	1.800000e+00
3.444472780306771e-06	1.800000e+00
3.445117187500001e-06	1.800000e+00
3.446406001886461e-06	1.800000e+00
3.447422371227080e-06	1.800000e+00
3.447967261318763e-06	1.800000e+00
3.448910219816636e-06	1.800000e+00
3.450000000000001e-06	1.800000e+00
3.450002807470285e-06	1.800000e+00
3.450008422410854e-06	1.800000e+00
3.450009805780264e-06	1.800000e+00
3.450011517263026e-06	1.800000e+00
3.450014940228549e-06	1.800000e+00
3.450021684168279e-06	1.800000e+00
3.450028186856523e-06	1.800000e+00
3.450037517052716e-06	1.800000e+00
3.450047636602082e-06	1.800000e+00
3.450064216459944e-06	1.800000e+00
3.450085539232724e-06	1.800000e+00
3.450127266709829e-06	1.800000e+00
3.450203714409085e-06	1.800000e+00
3.450356609807596e-06	1.800000e+00
3.450547742251839e-06	1.800000e+00
3.450727479322393e-06	1.800000e+00
3.450966789877614e-06	1.800000e+00
3.451208072461318e-06	1.800000e+00
3.451524941345155e-06	1.800000e+00
3.451915686465552e-06	1.800000e+00
3.452574822684804e-06	1.800000e+00
3.453531620857944e-06	1.800000e+00
3.454495761547004e-06	1.800000e+00
3.455768695356661e-06	1.800000e+00
3.457355343152022e-06	1.800000e+00
3.458433719725072e-06	1.800000e+00
3.459609707595348e-06	1.800000e+00
3.460560632926941e-06	1.800000e+00
3.461028974490490e-06	1.800000e+00
3.461451164376550e-06	1.800000e+00
3.461922375912001e-06	1.800000e+00
3.462230120000408e-06	1.800000e+00
3.462601983959176e-06	1.800000e+00
3.463076001987844e-06	1.800000e+00
3.463687284766088e-06	1.800000e+00
3.464284351106079e-06	1.800000e+00
3.465106921766531e-06	1.800000e+00
3.466076302082808e-06	1.800000e+00
3.467463872156018e-06	1.800000e+00
3.469390201614970e-06	1.800000e+00
3.471472402901354e-06	1.800000e+00
3.474045312136486e-06	1.800000e+00
3.477973278962891e-06	1.800000e+00
3.482856091462891e-06	1.800000e+00
3.487738903962890e-06	1.800000e+00
3.492621716462890e-06	1.800000e+00
3.497504528962890e-06	1.800000e+00
3.502387341462890e-06	1.800000e+00
3.512152966462889e-06	1.800000e+00
3.545117187600000e-06	1.800000e+00
3.550000000100000e-06	1.800000e+00
3.554882812600000e-06	1.800000e+00
3.555117187600001e-06	1.800000e+00
3.555585937600002e-06	1.800000e+00
3.556523437600005e-06	1.800000e+00
3.558125000099995e-06	1.800000e+00
3.560000000100001e-06	1.800000e+00
3.560005179787173e-06	1.800000e+00
3.560015539161519e-06	1.800000e+00
3.560018065419839e-06	1.800000e+00
3.560021168680167e-06	1.800000e+00
3.560027375200823e-06	1.800000e+00
3.560034208554520e-06	1.800000e+00
3.560047875261914e-06	1.800000e+00
3.560075208676703e-06	1.800000e+00
3.560103813600379e-06	1.800000e+00
3.560161023447733e-06	1.800000e+00
3.560275443142441e-06	1.800000e+00
3.560485516379046e-06	1.800000e+00
3.560817310939190e-06	1.800000e+00
3.561332284317115e-06	1.800000e+00
3.561893644899639e-06	1.800000e+00
3.562920960347946e-06	1.800000e+00
3.564454062544960e-06	1.800000e+00
3.565847668336213e-06	1.800000e+00
3.568227017067808e-06	1.800000e+00
3.571662090872732e-06	1.800000e+00
3.576544903372732e-06	1.800000e+00
3.584915439087017e-06	1.800000e+00
3.593285974801303e-06	1.800000e+00
3.601656510515588e-06	1.800000e+00
3.610027046229874e-06	1.800000e+00
3.618397581944159e-06	1.800000e+00
3.626768117658444e-06	1.800000e+00
3.635138653372730e-06	1.800000e+00
3.688849590872728e-06	1.800000e+00
3.693732403372727e-06	1.800000e+00
3.697230431745453e-06	1.800000e+00
3.700000000000001e-06	1.797196e+00
3.700006963980091e-06	1.798226e+00
3.700020891940270e-06	1.803359e+00
3.700024321186121e-06	1.802040e+00
3.700028466161848e-06	1.799312e+00
3.700032979960547e-06	1.799505e+00
3.700038013107894e-06	1.799866e+00
3.700044480155166e-06	1.799827e+00
3.700053061812991e-06	1.799965e+00
3.700065996048642e-06	1.799956e+00
3.700085935450837e-06	1.799848e+00
3.700089962872593e-06	1.799874e+00
3.700098017716104e-06	1.800012e+00
3.700100031426982e-06	1.800012e+00
3.700104058848738e-06	1.799997e+00
3.700105065704177e-06	1.799997e+00
3.700107079415055e-06	1.799999e+00
3.700111106836811e-06	1.800000e+00
3.700114127403128e-06	1.800000e+00
3.700119161680322e-06	1.800001e+00
3.700121175391200e-06	1.800001e+00
3.700125202812956e-06	1.800002e+00
3.700133257656468e-06	1.800002e+00
3.700149367343491e-06	1.800003e+00
3.700181586717537e-06	1.800004e+00
3.700246025465631e-06	1.800005e+00
3.700350044411692e-06	1.800006e+00
3.700465772718024e-06	1.800006e+00
3.700601269988614e-06	1.800006e+00
3.700773927407881e-06	1.800006e+00
3.701043685477241e-06	1.800005e+00
3.701492718656826e-06	1.800004e+00
3.702390785015995e-06	1.800002e+00
3.704186917734334e-06	1.800001e+00
3.706206956115371e-06	1.800000e+00
3.708120925431201e-06	1.800000e+00
3.709652197185011e-06	1.800000e+00
3.711279177743308e-06	1.800000e+00
3.712329750455234e-06	1.800001e+00
3.713136070392440e-06	1.800003e+00
3.713337650376741e-06	1.800007e+00
3.713563250630323e-06	1.800019e+00
3.713597051987290e-06	1.800026e+00
3.713664654701223e-06	1.800054e+00
3.713799860129089e-06	1.799400e+00
3.713899615811126e-06	1.788997e+00
3.713985802033651e-06	1.744697e+00
3.714050864586929e-06	1.674014e+00
3.714102085636615e-06	1.607045e+00
3.714156395293356e-06	1.521122e+00
3.714177980127335e-06	1.442303e+00
3.714201626776137e-06	1.257518e+00
3.714220099382426e-06	9.898309e-01
3.714237496109844e-06	5.999088e-01
3.714250941507918e-06	2.486320e-01
3.714258524328733e-06	9.753262e-02
3.714266988603903e-06	2.339967e-02
3.714275774331033e-06	4.443906e-03
3.714284774258257e-06	1.949568e-03
3.714295563410165e-06	1.247983e-03
3.714317141713981e-06	6.914163e-04
3.714348580455724e-06	4.125599e-04
3.714385210748337e-06	2.991406e-04
3.714426045895514e-06	2.363234e-04
3.714507716189869e-06	1.729429e-04
3.714618441077129e-06	1.062164e-04
3.714693878005523e-06	5.087336e-05
3.714788527272294e-06	-5.176219e-06
3.714863663977357e-06	-1.378784e-05
3.714945590102595e-06	-1.019432e-05
3.715031320601683e-06	-9.598482e-06
3.715201887933559e-06	-7.563305e-06
3.715497780160342e-06	-5.013913e-06
3.715865679201800e-06	-2.986503e-06
3.716342634873774e-06	-1.278786e-05
3.716375356824569e-06	-3.818373e-06
3.716383537312268e-06	-1.355464e-06
3.716399898287665e-06	-1.287782e-06
3.716410708217838e-06	-1.268439e-06
3.716421518148012e-06	-1.249675e-06
3.716432328078185e-06	-1.231488e-06
3.716443138008359e-06	-1.213879e-06
3.716453947938532e-06	-1.196848e-06
3.716464757868705e-06	-1.180395e-06
3.716475567798879e-06	-1.164519e-06
3.716541011700469e-06	-1.069809e-06
3.716671899503649e-06	-9.066016e-07
3.716933675110009e-06	-6.491237e-07
3.717244811135920e-06	-4.322810e-07
3.717663194647535e-06	-2.527645e-07
3.718281039674325e-06	-1.172809e-07
3.719516729727906e-06	-1.363974e-08
3.721160394340758e-06	2.101711e-08
3.723761911818210e-06	1.740184e-08
3.727573322455055e-06	2.142607e-09
3.731966932151840e-06	-4.061600e-09
3.736849744651840e-06	-2.811606e-09
3.741732557151840e-06	-1.662572e-09
3.746615369651840e-06	-8.888245e-10
3.751498182151840e-06	-2.944726e-10
3.756380994651839e-06	9.459859e-11
3.761263807151839e-06	3.867153e-10
3.766146619651839e-06	5.754153e-10
3.771029432151839e-06	7.147144e-10
3.775912244651839e-06	8.043553e-10
3.780795057151838e-06	8.697015e-10
3.785677869651838e-06	9.117994e-10
3.790560682151838e-06	9.421988e-10
3.795443494651838e-06	9.620034e-10
3.800000000100000e-06	-1.699005e-05
3.800013367328280e-06	-3.702382e-06
3.800040101784839e-06	6.599063e-06
3.800046566653261e-06	-9.115239e-06
3.800054709952280e-06	-1.495425e-05
3.800070996550317e-06	5.299496e-07
3.800091180958886e-06	-1.360481e-06
3.800131549776026e-06	-1.211249e-08
3.800169971142238e-06	-3.597226e-07
3.800230781101779e-06	1.887326e-10
3.800288891186644e-06	-2.090833e-07
3.800387447633985e-06	4.537647e-08
3.800502661728536e-06	-1.103595e-07
3.800733089917639e-06	1.736821e-08
3.801002633092254e-06	-2.932209e-09
3.801282106284101e-06	2.663617e-08
3.801680947253111e-06	-2.021999e-08
3.802307451863788e-06	5.751796e-09
3.803024038551733e-06	-1.060223e-08
3.804153398119437e-06	6.898047e-09
3.805748278582726e-06	-2.935478e-09
3.807965485064927e-06	1.876401e-09
3.810380864254422e-06	-9.771727e-10
3.813463857684927e-06	1.813043e-09
3.816914876580763e-06	-9.774916e-11
3.821097060136543e-06	1.802225e-09
3.825979872636543e-06	1.033186e-09
3.830862685136543e-06	1.037961e-09
3.845511122636542e-06	1.430349e-09
3.850000000000000e-06	-6.286588e-06
3.850001192092896e-06	-4.962896e-06
3.850003576278687e-06	-6.357959e-07
3.850004173448302e-06	-1.774498e-07
3.850004891144248e-06	-1.078273e-07
3.850006326536142e-06	-4.180731e-08
3.850008402953786e-06	-9.110840e-09
3.850012555789072e-06	1.013339e-09
3.850019380749518e-06	1.277997e-09
3.850027155670924e-06	9.519296e-10
3.850038488358555e-06	1.005164e-09
3.850055692000927e-06	1.012642e-09
3.850080901140852e-06	1.027838e-09
3.850111245251496e-06	1.017321e-09
3.850158253772573e-06	1.013157e-09
3.850226141267726e-06	1.007724e-09
3.850334085523143e-06	1.006800e-09
3.850477725029080e-06	1.005458e-09
3.850684832168211e-06	1.005403e-09
3.850958012301676e-06	1.004858e-09
3.851355043717252e-06	1.004927e-09
3.851905271338726e-06	1.004950e-09
3.852429301274960e-06	1.005070e-09
3.852967523227861e-06	1.005196e-09
3.853465367617667e-06	1.005225e-09
3.853898078604959e-06	1.005218e-09
3.854386289919161e-06	1.005213e-09
3.854975714264041e-06	1.005087e-09
3.855642151079556e-06	1.005086e-09
3.856298824875456e-06	1.005125e-09
3.856908868032160e-06	1.005195e-09
3.857805446496250e-06	1.005166e-09
3.858652006547493e-06	1.005143e-09
3.859488827647056e-06	1.005093e-09
3.860727264304118e-06	1.005133e-09
3.861953968870077e-06	1.005119e-09
3.863715947279492e-06	1.005148e-09
3.865822911604207e-06	1.005130e-09
3.868289512316131e-06	1.005150e-09
3.871926128635058e-06	1.005136e-09
3.875954248780005e-06	1.005142e-09
3.880837061280005e-06	1.005138e-09
3.885719873780005e-06	1.005138e-09
3.890602686280005e-06	1.005138e-09
3.895485498780005e-06	1.005138e-09
3.900368311280004e-06	1.005138e-09
3.905251123780004e-06	1.005138e-09
3.910133936280004e-06	1.005138e-09
3.915016748780004e-06	1.005138e-09
3.919899561280004e-06	1.005138e-09
3.924782373780003e-06	1.005138e-09
3.929665186280003e-06	1.005138e-09
3.934547998780003e-06	1.005138e-09
3.939430811280003e-06	1.005138e-09
3.944313623780003e-06	1.005047e-09
3.945117187500000e-06	1.005084e-09
3.946785745120009e-06	1.004443e-09
3.947154326200084e-06	1.004983e-09
3.947645767640185e-06	1.005213e-09
3.948628650520386e-06	1.005116e-09
3.950000000000000e-06	9.869401e-10
3.950003858269078e-06	9.899273e-10
3.950011574807234e-06	9.933697e-10
3.950013453709451e-06	9.898807e-10
3.950015817121336e-06	9.839506e-10
3.950020543945106e-06	9.772939e-10
3.950029997592646e-06	9.744727e-10
3.950040833780769e-06	9.808161e-10
3.950055191456068e-06	9.938974e-10
3.950072328192075e-06	1.005292e-09
3.950097408468114e-06	1.012168e-09
3.950127320988983e-06	1.013014e-09
3.950169216879299e-06	1.010985e-09
3.950221359680920e-06	1.008875e-09
3.950296396554137e-06	1.007192e-09
3.950392597850418e-06	1.006173e-09
3.950531755854503e-06	1.005575e-09
3.950721650682261e-06	1.005266e-09
3.951009570792009e-06	1.005085e-09
3.951431297445943e-06	1.005000e-09
3.952029958027786e-06	1.005025e-09
3.952677411388842e-06	1.005082e-09
3.953331048848567e-06	1.005120e-09
3.954174289948092e-06	1.005150e-09
3.955352448351573e-06	1.005157e-09
3.956417213555312e-06	1.005141e-09
3.957589174197930e-06	1.005131e-09
3.959118452823381e-06	1.005138e-09
3.960762088031542e-06	1.005140e-09
3.962878905225337e-06	1.005138e-09
3.966270515619037e-06	1.005138e-09
3.971153328119036e-06	1.005138e-09
3.976036140619036e-06	1.005138e-09
3.980918953119036e-06	1.005138e-09
3.985801765619036e-06	1.005138e-09
3.990684578119036e-06	1.005138e-09
3.995567390619035e-06	1.005138e-09
4.000450203119035e-06	1.005138e-09
4.006831200902030e-06	1.005138e-09
4.013212198685026e-06	1.005138e-09
4.019593196468020e-06	1.005138e-09
4.025974194251015e-06	1.005138e-09
4.032355192034010e-06	1.005138e-09
4.038736189817005e-06	1.005138e-09
4.045117187600000e-06	1.005138e-09
4.048218873404530e-06	1.005138e-09
4.050000000100000e-06	1.005138e-09
4.053562253490940e-06	1.005138e-09
4.055117187600000e-06	1.005138e-09
4.056890131881880e-06	1.005137e-09
4.060000000100000e-06	9.243619e-10
4.060008286110634e-06	9.390319e-10
4.060024858131904e-06	1.105910e-09
4.060028915339846e-06	1.142095e-09
4.060033790760251e-06	1.118472e-09
4.060043541601062e-06	1.042698e-09
4.060053065705966e-06	1.016439e-09
4.060071744861906e-06	1.005964e-09
4.060102695104733e-06	1.003980e-09
4.060148766389394e-06	1.004985e-09
4.060240908958718e-06	1.005164e-09
4.060425194097365e-06	1.005184e-09
4.060785085551915e-06	1.005146e-09
4.061258819907941e-06	1.005143e-09
4.062134121771733e-06	1.005133e-09
4.063115955698767e-06	1.005135e-09
4.064496733527465e-06	1.005135e-09
4.066101848125059e-06	1.005137e-09
4.067968003578815e-06	1.005136e-09
4.071700314486327e-06	1.005138e-09
4.075320648262529e-06	1.005138e-09
4.080203460762528e-06	1.005138e-09
4.095549442905385e-06	1.005138e-09
4.110895425048242e-06	1.005138e-09
4.126241407191098e-06	1.005138e-09
4.141587389333955e-06	1.005138e-09
4.156933371476811e-06	1.005138e-09
4.172279353619668e-06	1.005138e-09
4.187625335762524e-06	1.005138e-09
4.192508148262524e-06	1.005139e-09
4.195117187500001e-06	1.005139e-09
4.200000000000000e-06	2.796841e-05
4.200009536743164e-06	4.800754e-05
4.200009674735704e-06	4.157778e-05
4.200009950720784e-06	2.000803e-05
4.200010502690944e-06	-1.220340e-06
4.200011606631264e-06	-9.087954e-06
4.200013814511904e-06	6.481677e-07
4.200018230273185e-06	1.283368e-05
4.200027061795745e-06	1.094739e-05
4.200041683517042e-06	2.087802e-06
4.200057491541807e-06	-8.000693e-07
4.200079591997603e-06	-8.888490e-07
4.200114657481182e-06	-6.553793e-07
4.200177412845423e-06	-4.757441e-07
4.200285798401383e-06	-4.844392e-07
4.200502569513306e-06	-4.132853e-07
4.200777788762313e-06	-2.740487e-07
4.201179203444082e-06	-1.268104e-07
4.201805009179513e-06	-1.987081e-08
4.203056620650376e-06	3.848259e-08
4.204870319108087e-06	2.665826e-08
4.207421257435388e-06	-4.047897e-09
4.210929107359912e-06	-1.499056e-08
4.215050053340442e-06	-6.125659e-08
4.215590713718901e-06	-4.806489e-08
4.216672034475820e-06	-8.828880e-09
4.217483025043508e-06	-9.791266e-09
4.217618190138123e-06	-1.093443e-08
4.217888520327353e-06	-1.427615e-08
4.218429180705812e-06	-1.730365e-08
4.219510501462731e-06	-1.687642e-08
4.221673142976568e-06	-1.472242e-08
4.225998426004242e-06	-1.200676e-08
4.230881238504242e-06	-8.785084e-09
4.235764051004241e-06	-5.995047e-09
4.240646863504241e-06	-3.907711e-09
4.245529676004241e-06	-2.392574e-09
4.250412488504241e-06	-1.330214e-09
4.255295301004241e-06	-5.880958e-10
4.260178113504240e-06	-7.883098e-11
4.265060926004240e-06	2.710703e-10
4.269943738504240e-06	5.084993e-10
4.274826551004240e-06	6.702046e-10
4.279709363504240e-06	7.791963e-10
4.284592176004239e-06	8.531045e-10
4.289474988504239e-06	9.027127e-10
4.295117187600000e-06	9.461260e-10
4.298694028398274e-06	9.592356e-10
4.300000000100000e-06	-1.021965e-04
4.300003860598431e-06	-5.570315e-05
4.300011581595293e-06	1.499366e-04
4.300013447591861e-06	1.197279e-04
4.300015807288830e-06	3.593985e-05
4.300020526682766e-06	9.231473e-06
4.300028247206156e-06	1.557590e-06
4.300043688252936e-06	-6.773677e-07
4.300061199404773e-06	-5.465027e-07
4.300093882991344e-06	-1.259023e-07
4.300127181741470e-06	-2.673825e-08
4.300164904115190e-06	-4.851866e-10
4.300204354729207e-06	-2.125192e-09
4.300255906575435e-06	2.199282e-09
4.300316406875439e-06	-3.105042e-10
4.300398099634464e-06	1.762063e-09
4.300503144445036e-06	1.219620e-10
4.300674960669993e-06	1.162882e-09
4.300867437627942e-06	7.907240e-10
4.301102999935852e-06	1.061050e-09
4.301351356673180e-06	7.977817e-10
4.301681705531899e-06	1.153932e-09
4.302118243255086e-06	8.312928e-10
4.302831370589619e-06	1.111855e-09
4.304008822069045e-06	9.450646e-10
4.305876297009419e-06	1.053239e-09
4.309414058657464e-06	1.024569e-09
4.312007227798141e-06	1.016928e-09
4.315097061993458e-06	9.993876e-10
4.318504894028354e-06	1.003521e-09
4.321812759062638e-06	9.867702e-10
4.326695571562638e-06	1.005155e-09
4.331578384062638e-06	1.005096e-09
4.345117187500001e-06	1.016419e-09
4.350000000000001e-06	5.239246e-08
4.350001192092897e-06	4.168589e-08
4.350003576278688e-06	6.639591e-09
4.350004172465098e-06	2.891124e-09
4.350004890802369e-06	2.239860e-09
4.350006327476911e-06	1.524154e-09
4.350008146636504e-06	1.100367e-09
4.350011784955691e-06	7.976183e-10
4.350017909451152e-06	6.522182e-10
4.350024706239692e-06	7.014269e-10
4.350034530793113e-06	8.869993e-10
4.350048564445293e-06	1.065409e-09
4.350068665092400e-06	1.116469e-09
4.350091149954389e-06	1.079965e-09
4.350125125166409e-06	1.037674e-09
4.350171444915754e-06	1.018916e-09
4.350246685224166e-06	1.010772e-09
4.350348471482001e-06	1.007670e-09
4.350500724888376e-06	1.006349e-09
4.350675619535489e-06	1.005788e-09
4.350903160005451e-06	1.005241e-09
4.351119973406019e-06	1.004795e-09
4.351406396634149e-06	1.004515e-09
4.351869493441801e-06	1.004667e-09
4.352401199897377e-06	1.004957e-09
4.352935690899719e-06	1.005083e-09
4.353519766941612e-06	1.005181e-09
4.354246310357517e-06	1.005227e-09
4.355072687851322e-06	1.005181e-09
4.355917424768648e-06	1.005128e-09
4.356602273043955e-06	1.005104e-09
4.357365176020202e-06	1.005108e-09
4.358200545439009e-06	1.005135e-09
4.359182990775686e-06	1.005155e-09
4.360210737778800e-06	1.005145e-09
4.361610253247124e-06	1.005132e-09
4.363047406287993e-06	1.005133e-09
4.365175129642178e-06	1.005140e-09
4.367130838527388e-06	1.005137e-09
4.370518763364966e-06	1.005138e-09
4.374002407310787e-06	1.005138e-09
4.378428921503312e-06	1.005138e-09
4.383311734003312e-06	1.005138e-09
4.388194546503311e-06	1.005138e-09
4.393077359003311e-06	1.005138e-09
4.397960171503311e-06	1.005138e-09
4.402842984003311e-06	1.005138e-09
4.407725796503311e-06	1.005138e-09
4.412608609003310e-06	1.005138e-09
4.417491421503310e-06	1.005138e-09
4.422374234003310e-06	1.005138e-09
4.427257046503310e-06	1.005138e-09
4.432139859003310e-06	1.005138e-09
4.437022671503309e-06	1.005138e-09
4.441905484003309e-06	1.005139e-09
4.445117187500001e-06	1.005139e-09
4.450000000000001e-06	9.967859e-10
4.450014406999407e-06	9.871334e-10
4.450043220998219e-06	9.497788e-10
4.450050200910184e-06	9.476959e-10
4.450059045175426e-06	9.615327e-10
4.450072673545484e-06	9.938711e-10
4.450086179449670e-06	1.014145e-09
4.450113191258042e-06	1.023533e-09
4.450161898209093e-06	1.019172e-09
4.450221343669653e-06	1.012719e-09
4.450293583054810e-06	1.009138e-09
4.450378452885452e-06	1.007304e-09
4.450493524670212e-06	1.006239e-09
4.450645891106624e-06	1.005649e-09
4.450870427267796e-06	1.005257e-09
4.451136202823094e-06	1.005008e-09
4.451507411486740e-06	1.004876e-09
4.451979801560768e-06	1.004916e-09
4.452560925195834e-06	1.005031e-09
4.453124230104013e-06	1.005098e-09
4.453739789756636e-06	1.005142e-09
4.454422948338796e-06	1.005166e-09
4.455076889581483e-06	1.005162e-09
4.455994905531831e-06	1.005140e-09
4.457003012950216e-06	1.005130e-09
4.458154908637591e-06	1.005134e-09
4.459500654524464e-06	1.005142e-09
4.460689154074241e-06	1.005142e-09
4.462238155127180e-06	1.005138e-09
4.463772828616173e-06	1.005138e-09
4.465239914008972e-06	1.005138e-09
4.467101636474714e-06	1.005138e-09
4.469516502372253e-06	1.005138e-09
4.474346234167333e-06	1.005138e-09
4.479229046667332e-06	1.005138e-09
4.484111859167332e-06	1.005138e-09
4.492482394881617e-06	1.005138e-09
4.500852930595903e-06	1.005138e-09
4.509223466310188e-06	1.005138e-09
4.517594002024474e-06	1.005138e-09
4.525964537738759e-06	1.005138e-09
4.534335073453044e-06	1.005138e-09
4.542705609167330e-06	1.005138e-09
4.545117187600001e-06	1.005139e-09
4.545296154503975e-06	1.005138e-09
4.545534777042608e-06	1.005138e-09
4.548091019790939e-06	1.005138e-09
4.550000000100000e-06	1.005138e-09
4.553817960718122e-06	1.005138e-09
4.555545709406746e-06	1.005137e-09
4.556544502722754e-06	1.005137e-09
4.558002413467984e-06	1.005139e-09
4.560000000100000e-06	9.056506e-10
4.560005001401031e-06	8.951132e-10
4.560015004003093e-06	9.854035e-10
4.560017475741927e-06	1.055714e-09
4.560020370539072e-06	1.110463e-09
4.560024254962520e-06	1.105745e-09
4.560028394232676e-06	1.084873e-09
4.560035261859274e-06	1.057055e-09
4.560044619583990e-06	1.032432e-09
4.560061486664261e-06	1.014178e-09
4.560095220824803e-06	1.006208e-09
4.560150258852645e-06	1.005673e-09
4.560260334908329e-06	1.005712e-09
4.560480487019696e-06	1.005318e-09
4.560838755798411e-06	1.005173e-09
4.561254262712492e-06	1.005134e-09
4.561918200505396e-06	1.005132e-09
4.562798492924781e-06	1.005130e-09
4.563834102474543e-06	1.005134e-09
4.565307629467308e-06	1.005134e-09
4.567937835323680e-06	1.005137e-09
4.572462590857609e-06	1.005138e-09
4.577345403357609e-06	1.005138e-09
4.582228215857608e-06	1.005138e-09
4.587111028357608e-06	1.005138e-09
4.591993840857608e-06	1.005138e-09
4.596876653357608e-06	1.005138e-09
4.689650090857604e-06	1.005138e-09
4.694532903357604e-06	1.005135e-09
4.695117187500001e-06	1.005137e-09
4.696285755784795e-06	1.005138e-09
4.697662863430413e-06	1.005138e-09
4.700000000000001e-06	2.122339e-04
4.700001141179966e-06	1.758806e-04
4.700003423539897e-06	-1.082582e-04
4.700003996314124e-06	-1.217339e-04
4.700004684965891e-06	-5.621696e-05
4.700006062269424e-06	-6.278913e-06
4.700008816876491e-06	2.918207e-05
4.700014326090624e-06	4.254617e-05
4.700020011622875e-06	3.271617e-05
4.700023848362869e-06	2.296791e-05
4.700029768683955e-06	1.186520e-05
4.700037059418244e-06	4.016323e-06
4.700051640886823e-06	-2.046578e-06
4.700067540720713e-06	-3.262529e-06
4.700091020799160e-06	-2.343444e-06
4.700119423321235e-06	-1.558854e-06
4.700175014406798e-06	-1.118230e-06
4.700276352073659e-06	-9.352618e-07
4.700479027407382e-06	-7.135410e-07
4.700884378074827e-06	-3.870016e-07
4.701420470193342e-06	-1.239461e-07
4.701430505476486e-06	-1.182306e-07
4.701450576042775e-06	-1.057916e-07
4.701490717175354e-06	-8.236372e-08
4.701520823024788e-06	-5.476697e-08
4.701560964157367e-06	-2.637626e-08
4.701570999440512e-06	-2.332355e-08
4.701631211139380e-06	-1.700577e-08
4.701711493404538e-06	-1.043385e-08
4.701872057934855e-06	-2.970914e-09
4.702193186995487e-06	4.185258e-09
4.702835445116751e-06	7.671090e-09
4.703913899616225e-06	3.949900e-09
4.705907946167441e-06	-8.171836e-09
4.706113497388497e-06	-9.562458e-09
4.706524599830608e-06	-1.243153e-08
4.707346804714830e-06	-2.271327e-08
4.708022305480508e-06	-5.511043e-07
4.708313546009911e-06	-3.112287e-06
4.708495197689668e-06	-8.968536e-06
4.708630536516938e-06	-2.025004e-05
4.708733903081170e-06	-4.294975e-05
4.708821363447450e-06	-8.721305e-05
4.708920379131906e-06	-1.768456e-04
4.709031148277015e-06	-3.269392e-04
4.709110458329351e-06	7.740208e-03
4.709212898000161e-06	4.387131e-02
4.709222788389797e-06	6.313477e-02
4.709242569169069e-06	1.417913e-01
4.709245290668064e-06	1.597322e-01
4.709250733666053e-06	2.171059e-01
4.709261619662033e-06	3.733541e-01
4.709271847501264e-06	5.557165e-01
4.709284913962864e-06	8.228322e-01
4.709297439162706e-06	1.113372e+00
4.709304606133057e-06	1.316765e+00
4.709311036607372e-06	1.533033e+00
4.709315252116816e-06	1.671962e+00
4.709317911302924e-06	1.733035e+00
4.709321695067032e-06	1.775138e+00
4.709324695416386e-06	1.788345e+00
4.709328878677348e-06	1.794609e+00
4.709333192843783e-06	1.797621e+00
4.709339357625560e-06	1.799068e+00
4.709347117882720e-06	1.799433e+00
4.709355769365547e-06	1.799627e+00
4.709368353381272e-06	1.799929e+00
4.709386957285812e-06	1.800137e+00
4.709411463499513e-06	1.800185e+00
4.709453599843832e-06	1.800182e+00
4.709537872532472e-06	1.800168e+00
4.709697545043734e-06	1.800141e+00
4.709871248840754e-06	1.800119e+00
4.710122387594178e-06	1.800095e+00
4.710420923708106e-06	1.800075e+00
4.710694228054271e-06	1.800061e+00
4.711008511415786e-06	1.800049e+00
4.711373508214379e-06	1.800050e+00
4.711418814169027e-06	1.800042e+00
4.711430140657690e-06	1.800040e+00
4.711452793635014e-06	1.800039e+00
4.711458456879344e-06	1.800039e+00
4.711472614990173e-06	1.800039e+00
4.711508010267242e-06	1.800039e+00
4.711522168378070e-06	1.800039e+00
4.711527831622401e-06	1.800039e+00
4.711539158111063e-06	1.800038e+00
4.711561811088387e-06	1.800038e+00
4.711607117043035e-06	1.800036e+00
4.711697728952331e-06	1.800033e+00
4.711878952770923e-06	1.800028e+00
4.712241400408107e-06	1.800022e+00
4.712757958963051e-06	1.800016e+00
4.713562305279539e-06	1.800011e+00
4.715148566173366e-06	1.800005e+00
4.717610881560056e-06	1.800002e+00
4.720494489494471e-06	1.800000e+00
4.724957998746643e-06	1.800000e+00
4.729840811246642e-06	1.800000e+00
4.734723623746642e-06	1.800000e+00
4.744489248746642e-06	1.800000e+00
4.754254873746641e-06	1.800000e+00
4.764020498746641e-06	1.800000e+00
4.773786123746641e-06	1.800000e+00
4.783551748746640e-06	1.800000e+00
4.793317373746640e-06	1.800000e+00
4.798933190552117e-06	1.800000e+00
4.800000000100000e-06	1.798647e+00
4.800002689095502e-06	1.798909e+00
4.800008067086504e-06	1.800751e+00
4.800009386182605e-06	1.800782e+00
4.800011016723584e-06	1.800364e+00
4.800014277805543e-06	1.800230e+00
4.800017396226008e-06	1.800201e+00
4.800023633066939e-06	1.800168e+00
4.800036106748801e-06	1.800117e+00
4.800050583760982e-06	1.800078e+00
4.800070050984036e-06	1.800048e+00
4.800095859196772e-06	1.800027e+00
4.800146573153817e-06	1.800010e+00
4.800248001067907e-06	1.800001e+00
4.800450856896087e-06	1.800000e+00
4.800663134278326e-06	1.800000e+00
4.800929721323709e-06	1.800000e+00
4.801222558334867e-06	1.800000e+00
4.801648454873766e-06	1.800000e+00
4.802176821235007e-06	1.800000e+00
4.803110580231774e-06	1.800000e+00
4.804373470719465e-06	1.800000e+00
4.805683682603424e-06	1.800000e+00
4.807005718779146e-06	1.800000e+00
4.807810349297728e-06	1.800000e+00
4.808765731131234e-06	1.800000e+00
4.809844755181610e-06	1.800000e+00
4.811103501414626e-06	1.800000e+00
4.812806654690914e-06	1.800000e+00
4.815031075500944e-06	1.800000e+00
4.819479917121005e-06	1.800000e+00
4.824362729621004e-06	1.800000e+00
4.829245542121004e-06	1.800000e+00
4.839011167121004e-06	1.800000e+00
4.847563603257996e-06	1.800000e+00
4.850000000000001e-06	1.800000e+00
4.850001189646848e-06	1.800000e+00
4.850003568940542e-06	1.800000e+00
4.850004162658293e-06	1.800000e+00
4.850004879408900e-06	1.800000e+00
4.850006312910113e-06	1.800000e+00
4.850007854196550e-06	1.800000e+00
4.850010936769425e-06	1.800000e+00
4.850017101915176e-06	1.800000e+00
4.850029432206678e-06	1.800000e+00
4.850047990301561e-06	1.800000e+00
4.850072283015110e-06	1.800000e+00
4.850112793429042e-06	1.800000e+00
4.850193814256905e-06	1.800000e+00
4.850306675051213e-06	1.800000e+00
4.850453787554931e-06	1.800000e+00
4.850676407803204e-06	1.800000e+00
4.850930692706440e-06	1.800000e+00
4.851230166314086e-06	1.800000e+00
4.851655205449842e-06	1.800000e+00
4.852142950691110e-06	1.800000e+00
4.852596682257359e-06	1.800000e+00
4.853059642570446e-06	1.800000e+00
4.853518094882618e-06	1.800000e+00
4.854050936418018e-06	1.800000e+00
4.854636043037140e-06	1.800000e+00
4.855216676721437e-06	1.800000e+00
4.855916203002779e-06	1.800000e+00
4.856727899346301e-06	1.800000e+00
4.857514490081050e-06	1.800000e+00
4.858318841385343e-06	1.800000e+00
4.859324025943867e-06	1.800000e+00
4.860291102096499e-06	1.800000e+00
4.861546080673651e-06	1.800000e+00
4.863000523815435e-06	1.800000e+00
4.864488496678724e-06	1.800000e+00
4.866444716659759e-06	1.800000e+00
4.868460540765432e-06	1.800000e+00
4.870834186428180e-06	1.800000e+00
4.874073873005834e-06	1.800000e+00
4.877618449919468e-06	1.800000e+00
4.881862063406746e-06	1.800000e+00
4.886744875906746e-06	1.800000e+00
4.891627688406746e-06	1.800000e+00
4.896510500906745e-06	1.800000e+00
4.901393313406745e-06	1.800000e+00
4.906276125906745e-06	1.800000e+00
4.911158938406745e-06	1.800000e+00
4.916041750906745e-06	1.800000e+00
4.920924563406744e-06	1.800000e+00
4.925807375906744e-06	1.800000e+00
4.930690188406744e-06	1.800000e+00
4.935573000906744e-06	1.800000e+00
4.940455813406744e-06	1.800000e+00
4.945338625906743e-06	1.800000e+00
4.950000000000001e-06	1.800000e+00
4.950014116027559e-06	1.800000e+00
4.950042348082675e-06	1.800000e+00
4.950049148743797e-06	1.800000e+00
4.950057836881851e-06	1.800000e+00
4.950075213157958e-06	1.800000e+00
4.950109965710172e-06	1.800000e+00
4.950173052050026e-06	1.800000e+00
4.950287522273867e-06	1.800000e+00
4.950409648375579e-06	1.800000e+00
4.950594108001161e-06	1.800000e+00
4.950814737521054e-06	1.800000e+00
4.951090995740006e-06	1.800000e+00
4.951418242849414e-06	1.800000e+00
4.951957690521186e-06	1.800000e+00
4.952728040167102e-06	1.800000e+00
4.953569725255116e-06	1.800000e+00
4.954560314999745e-06	1.800000e+00
4.955599763452667e-06	1.800000e+00
4.956739933825541e-06	1.800000e+00
4.957374578773156e-06	1.800000e+00
4.958112506222828e-06	1.800000e+00
4.958914365585110e-06	1.800000e+00
4.959916398172974e-06	1.800000e+00
4.961178518128979e-06	1.800000e+00
4.962530109681647e-06	1.800000e+00
4.964475564674827e-06	1.800000e+00
4.967780996953089e-06	1.800000e+00
4.971589412845288e-06	1.800000e+00
4.976472225345288e-06	1.800000e+00
4.981355037845288e-06	1.800000e+00
4.986237850345288e-06	1.800000e+00
4.995117187500001e-06	1.800000e+00
5.000000000000000e-06	1.800000e+00
