time	V(comp_out)
0.000000000000000e+00	1.005148e-09
2.000000000000000e-18	1.005148e-09
4.000000000000000e-18	1.005148e-09
5.000000000000000e-18	1.005148e-09
7.000000000000000e-18	1.005147e-09
1.100000000000000e-17	1.005148e-09
1.900000000000000e-17	1.005148e-09
3.500000000000000e-17	1.005150e-09
6.700000000000000e-17	1.005153e-09
1.000000000000000e-16	1.005156e-09
1.049184667357117e-16	1.005157e-09
1.147554002071351e-16	1.005159e-09
1.843043082715598e-13	1.021064e-09
3.684938611429124e-13	1.035228e-09
5.526834140142651e-13	1.047650e-09
7.368729668856177e-13	1.058331e-09
9.210625197569704e-13	1.067270e-09
1.105252072628323e-12	1.074467e-09
1.289441625499675e-12	1.079923e-09
1.450609943495477e-12	1.084525e-09
1.772946579487079e-12	1.089603e-09
2.417619851470285e-12	1.095697e-09
2.578788169466086e-12	1.096276e-09
2.901124805457689e-12	1.095835e-09
3.545798077440894e-12	1.092831e-09
4.835144621407305e-12	1.083185e-09
7.413837709340127e-12	1.062984e-09
1.257122388520577e-11	1.029555e-09
1.386057042917218e-11	1.023727e-09
1.643926351710500e-11	1.016498e-09
2.159664969297065e-11	1.007329e-09
3.191142204470194e-11	9.993952e-10
5.254096674816451e-11	9.962553e-10
8.150557037454266e-11	9.979452e-10
1.167516797254281e-10	1.000621e-09
1.602796626406615e-10	1.002704e-09
2.168500390384654e-10	1.004062e-09
2.995729871727948e-10	1.004805e-09
4.233704366692336e-10	1.005088e-09
6.312902858035062e-10	1.005147e-09
8.659907802893356e-10	1.005148e-09
1.124784597558230e-09	1.005148e-09
1.459448382394121e-09	1.005148e-09
2.013494407004374e-09	1.005148e-09
2.820320226574034e-09	1.005147e-09
2.922297403613876e-09	1.005147e-09
3.126251757693559e-09	1.005148e-09
3.189987493343460e-09	1.005148e-09
3.215481787603420e-09	1.005148e-09
3.266470376123341e-09	1.005148e-09
3.279217523253321e-09	1.005148e-09
3.311085391078272e-09	1.005148e-09
3.323832538208252e-09	1.005148e-09
3.349326832468212e-09	1.005148e-09
3.400315420988133e-09	1.005148e-09
3.502292598027974e-09	1.005148e-09
3.706246952107657e-09	1.005148e-09
4.114155660267023e-09	1.005148e-09
4.929973076585756e-09	1.005148e-09
5.754280026012511e-09	1.005148e-09
6.664696391667689e-09	1.005148e-09
7.403933494030565e-09	1.005148e-09
8.509642879376847e-09	1.005148e-09
9.703565195736409e-09	1.005148e-09
1.063585308868468e-08	1.005148e-09
1.073100090652254e-08	1.005148e-09
1.092129654219826e-08	1.005148e-09
1.096887045111719e-08	1.005148e-09
1.106401826895505e-08	1.005148e-09
1.108780522341451e-08	1.005148e-09
1.113537913233344e-08	1.005148e-09
1.114727260956318e-08	1.005148e-09
1.117700630263751e-08	1.005148e-09
1.118889977986724e-08	1.005148e-09
1.121268673432670e-08	1.005148e-09
1.126026064324563e-08	1.005148e-09
1.135540846108349e-08	1.005148e-09
1.154570409675921e-08	1.005148e-09
1.192629536811065e-08	1.005148e-09
1.247499925318484e-08	1.005148e-09
1.325856648846409e-08	1.005148e-09
1.477034736688745e-08	1.005148e-09
1.702997188432212e-08	1.005148e-09
1.954875023602638e-08	1.005148e-09
2.248127032189211e-08	1.005148e-09
2.618212234562971e-08	1.005148e-09
2.993056104193315e-08	1.005148e-09
3.390949596785846e-08	1.005148e-09
3.879230846785846e-08	1.005148e-09
4.367512096785846e-08	1.005148e-09
4.855793346785846e-08	1.005148e-09
5.344074596785846e-08	1.005148e-09
5.832355846785845e-08	1.005148e-09
6.320637096785845e-08	1.005148e-09
7.297199596785845e-08	1.005148e-09
7.785480846785845e-08	1.005148e-09
8.273762096785845e-08	1.005148e-09
8.762043346785845e-08	1.005148e-09
9.250324596785844e-08	1.005148e-09
9.511718760000000e-08	1.005148e-09
1.000000001000000e-07	1.005148e-09
1.000000001100000e-07	1.005148e-09
1.000000001300000e-07	1.005148e-09
1.000000001700000e-07	1.005148e-09
1.000000002000000e-07	1.005148e-09
1.000000002053971e-07	1.005149e-09
1.000000002161912e-07	1.005150e-09
1.010000002161911e-07	1.108025e-09
1.020000002161911e-07	1.119493e-09
1.080000002161911e-07	1.005146e-09
2.000000000000000e-07	1.005227e-09
2.000000000012500e-07	7.159457e-08
2.000000003962500e-07	1.145077e-03
2.000000005937499e-07	1.373784e-03
2.000000149830337e-07	1.338674e-03
2.000000293723173e-07	1.304477e-03
2.000000437616011e-07	1.271194e-03
2.000000581508847e-07	1.238824e-03
2.000000725401685e-07	1.207367e-03
2.000000869294521e-07	1.176825e-03
2.000001013187359e-07	1.147195e-03
2.000002024387217e-07	9.592171e-04
2.000004046786935e-07	6.707790e-04
2.000008091586369e-07	3.138836e-04
2.000016181185238e-07	6.495864e-06
2.000032360382977e-07	-1.232635e-04
2.000064718778454e-07	-8.494926e-05
2.000118138667701e-07	-2.250418e-05
2.000224978446196e-07	1.875881e-06
2.000438658003185e-07	1.783996e-06
2.000866017117163e-07	2.217881e-07
2.001572147962992e-07	6.870548e-08
2.002669103692232e-07	2.829290e-08
2.004863015150712e-07	4.582426e-10
2.007814537851888e-07	-9.728072e-08
2.012860342786609e-07	-2.518359e-07
2.020045320672268e-07	-4.989270e-07
2.033262016145588e-07	-1.255784e-06
2.049804043776609e-07	-4.814492e-06
2.057454413047736e-07	-1.145797e-05
2.063831765500892e-07	-2.165551e-05
2.071513597538821e-07	-3.485724e-05
2.076879804190180e-07	9.102590e-05
2.083351188836482e-07	8.711202e-04
2.084456708023113e-07	2.170268e-03
2.086667746396375e-07	1.426810e-02
2.089569060837247e-07	5.035484e-02
2.090118278529125e-07	6.741401e-02
2.091216713912879e-07	1.270214e-01
2.091491322758817e-07	1.549308e-01
2.092040540450695e-07	2.437757e-01
2.092173414353737e-07	2.752258e-01
2.092439162159823e-07	3.551220e-01
2.092505599111345e-07	3.769178e-01
2.092638473014387e-07	4.228095e-01
2.092904220820473e-07	5.147946e-01
2.092964699721205e-07	5.362998e-01
2.093085657522670e-07	5.878106e-01
2.093327573125599e-07	7.233683e-01
2.093425151161269e-07	8.033838e-01
2.093507592824241e-07	8.971928e-01
2.093528203239984e-07	9.275063e-01
2.093569424071470e-07	1.004381e+00
2.093628498554188e-07	1.144576e+00
2.093680539421992e-07	1.309684e+00
2.093733774839874e-07	1.517434e+00
2.093770283495700e-07	1.659449e+00
2.093793617554603e-07	1.724346e+00
2.093825891696985e-07	1.769663e+00
2.093853545093695e-07	1.785555e+00
2.093889613520945e-07	1.792782e+00
2.093927440739997e-07	1.796307e+00
2.093987422964038e-07	1.798628e+00
2.094053815606737e-07	1.799336e+00
2.094132836070136e-07	1.799516e+00
2.094245812326659e-07	1.799789e+00
2.094415420146681e-07	1.800066e+00
2.094650280862711e-07	1.800174e+00
2.094980000031116e-07	1.800179e+00
2.095581578861342e-07	1.800173e+00
2.096730910056091e-07	1.800153e+00
2.099029572445588e-07	1.800122e+00
2.099604238042963e-07	1.800115e+00
2.100753569237711e-07	1.800102e+00
2.101040902036398e-07	1.800100e+00
2.101759234033116e-07	1.800093e+00
2.101866983832624e-07	1.800093e+00
2.101974733632132e-07	1.800092e+00
2.102082483431640e-07	1.800091e+00
2.102190233231147e-07	1.800090e+00
2.102297983030655e-07	1.800089e+00
2.102405732830163e-07	1.800088e+00
2.102513482629671e-07	1.800087e+00
2.102764898828522e-07	1.800086e+00
2.103052231627209e-07	1.800084e+00
2.103626897224584e-07	1.800080e+00
2.104776228419332e-07	1.800073e+00
2.107074890808830e-07	1.800061e+00
2.111008058027999e-07	1.800046e+00
2.115195779915372e-07	1.800034e+00
2.121298639697724e-07	1.800024e+00
2.131612047321071e-07	1.800013e+00
2.145058842182563e-07	1.800006e+00
2.160731941415840e-07	1.800003e+00
2.180593311877126e-07	1.800001e+00
2.200254971759590e-07	1.800000e+00
2.223721874620519e-07	1.800000e+00
2.255067096068036e-07	1.800000e+00
2.303895221068037e-07	1.800000e+00
2.352723346068037e-07	1.800000e+00
2.401551471068037e-07	1.800000e+00
2.450379596068037e-07	1.800000e+00
2.485828241158629e-07	1.800000e+00
2.489183660409885e-07	1.800000e+00
2.492539079661142e-07	1.800000e+00
2.495894498912398e-07	1.800000e+00
2.499249918163654e-07	1.800000e+00
2.502605337414910e-07	1.800000e+00
2.505960756666167e-07	1.800000e+00
2.509316175917423e-07	1.800000e+00
2.536669469937404e-07	1.800000e+00
2.560889960801030e-07	1.800000e+00
2.609330942528282e-07	1.800000e+00
2.658159067528282e-07	1.800001e+00
2.706987192528282e-07	1.800000e+00
2.755815317528283e-07	1.800000e+00
2.804643442528283e-07	1.800000e+00
2.853471567528283e-07	1.800000e+00
2.900619482285372e-07	1.800000e+00
2.951171876000000e-07	1.800000e+00
2.975311638004792e-07	1.800000e+00
3.000000001000000e-07	1.799353e+00
3.000062280211280e-07	1.799573e+00
3.000186838633841e-07	1.800534e+00
3.000217398607870e-07	1.800413e+00
3.000254831557665e-07	1.800137e+00
3.000308804232944e-07	1.800153e+00
3.000367624197666e-07	1.800122e+00
3.000485264127110e-07	1.800091e+00
3.000607912780850e-07	1.800064e+00
3.000853210088330e-07	1.800034e+00
3.001094074467452e-07	1.800018e+00
3.001575803225694e-07	1.800007e+00
3.002539260742179e-07	1.800002e+00
3.004421866579256e-07	1.800000e+00
3.007131898777006e-07	1.800000e+00
3.010224299067621e-07	1.800000e+00
3.013610266489764e-07	1.800000e+00
3.017783915056144e-07	1.800000e+00
3.022822366969848e-07	1.800000e+00
3.030480531758441e-07	1.800000e+00
3.038803980217267e-07	1.800000e+00
3.048011250243203e-07	1.800000e+00
3.058371836640634e-07	1.800000e+00
3.072351999298683e-07	1.800000e+00
3.083190109329986e-07	1.800000e+00
3.096603006456332e-07	1.800000e+00
3.115610551208732e-07	1.800000e+00
3.135957233784231e-07	1.800000e+00
3.161498415629201e-07	1.800000e+00
3.181021757931194e-07	1.800000e+00
3.206097573573555e-07	1.800000e+00
3.217956056634566e-07	1.800000e+00
3.229698389043006e-07	1.800000e+00
3.241722003892793e-07	1.800000e+00
3.254500010116698e-07	1.800000e+00
3.263896390904181e-07	1.800000e+00
3.271234243282221e-07	1.800000e+00
3.277971035675716e-07	1.800000e+00
3.286209666889105e-07	1.800000e+00
3.291685022468144e-07	1.800000e+00
3.297150634332488e-07	1.800000e+00
3.303223445691166e-07	1.800000e+00
3.311989176219770e-07	1.800000e+00
3.320491932230958e-07	1.800000e+00
3.330065115774142e-07	1.800000e+00
3.341587217751332e-07	1.800000e+00
3.355839234365800e-07	1.800000e+00
3.379207797421622e-07	1.800000e+00
3.404547805261839e-07	1.800000e+00
3.440291265625868e-07	1.800000e+00
3.453285064446156e-07	1.800000e+00
3.474012402359424e-07	1.800000e+00
3.500000000000000e-07	1.800003e+00
3.500000000010000e-07	1.800003e+00
3.500000000030000e-07	1.800003e+00
3.500000003910002e-07	1.800003e+00
3.500000005850003e-07	1.800003e+00
3.500000076244320e-07	1.800003e+00
3.500000146638636e-07	1.800003e+00
3.500000217032953e-07	1.800003e+00
3.500000287427269e-07	1.800003e+00
3.500000357821586e-07	1.800003e+00
3.500000428215902e-07	1.800003e+00
3.500000498610219e-07	1.800003e+00
3.500000995250437e-07	1.800003e+00
3.500001988530873e-07	1.800002e+00
3.500003975091746e-07	1.800002e+00
3.500007948213491e-07	1.800001e+00
3.500015272427164e-07	1.800001e+00
3.500024037122905e-07	1.800000e+00
3.500039619440512e-07	1.800000e+00
3.500070784075725e-07	1.800000e+00
3.500133113346153e-07	1.800000e+00
3.500257771887008e-07	1.800000e+00
3.500409723233552e-07	1.800000e+00
3.500664795396632e-07	1.800000e+00
3.501116868927699e-07	1.800000e+00
3.502021015989834e-07	1.800000e+00
3.503095714754877e-07	1.800000e+00
3.504647757864086e-07	1.800000e+00
3.506578827560009e-07	1.800000e+00
3.509899450445714e-07	1.800000e+00
3.513411151425401e-07	1.800000e+00
3.519466877552329e-07	1.800000e+00
3.526415633921231e-07	1.800000e+00
3.532821653106577e-07	1.800000e+00
3.540276593793965e-07	1.800000e+00
3.549237969607154e-07	1.800000e+00
3.560216702004348e-07	1.800000e+00
3.571918681500538e-07	1.800000e+00
3.590207974664344e-07	1.800000e+00
3.610930297813121e-07	1.800000e+00
3.645470504694770e-07	1.800000e+00
3.683679866442726e-07	1.800000e+00
3.732507991442727e-07	1.800000e+00
3.835174260522337e-07	1.800000e+00
3.937840529601948e-07	1.800000e+00
4.040506798681558e-07	1.800000e+00
4.143173067761169e-07	1.800000e+00
4.245839336840779e-07	1.800000e+00
4.348505605920390e-07	1.800000e+00
4.451171875000000e-07	1.800000e+00
4.500000000000000e-07	1.800000e+00
4.500000000012500e-07	1.800000e+00
4.500000000037501e-07	1.800000e+00
4.500000000087500e-07	1.800000e+00
4.500000000187501e-07	1.800000e+00
4.500000000387500e-07	1.800000e+00
4.500000000756060e-07	1.800000e+00
4.500000001000001e-07	1.800000e+00
4.500000001010000e-07	1.800000e+00
4.502857143874286e-07	1.800000e+00
4.505714286738572e-07	1.800000e+00
4.508571429602858e-07	1.800000e+00
4.511428572467143e-07	1.800000e+00
4.514285715331429e-07	1.800000e+00
4.517142858195715e-07	1.800000e+00
4.520000001060001e-07	1.800000e+00
4.530000001060001e-07	1.800000e+00
4.540000001060001e-07	1.800000e+00
4.541724977435676e-07	1.800000e+00
4.545174930187024e-07	1.800000e+00
4.552074835689721e-07	1.800000e+00
4.565874646695116e-07	1.800000e+00
4.574438078991088e-07	1.800000e+00
4.582102936574341e-07	1.800000e+00
4.590447637774766e-07	1.800000e+00
4.598342308332877e-07	1.800000e+00
4.607459332497626e-07	1.800000e+00
4.617365276497489e-07	1.800000e+00
4.622535251316465e-07	1.800000e+00
4.626872518291048e-07	1.800000e+00
4.630478297226019e-07	1.800000e+00
4.634778163195911e-07	1.800000e+00
4.639161561085413e-07	1.800000e+00
4.642386179096667e-07	1.800000e+00
4.645937615103381e-07	1.800000e+00
4.650805093690961e-07	1.800000e+00
4.656802252000067e-07	1.800000e+00
4.662544735559056e-07	1.800000e+00
4.670481997630167e-07	1.800000e+00
4.679619470557634e-07	1.800000e+00
4.693137167851134e-07	1.800000e+00
4.709855542522665e-07	1.800000e+00
4.729457457005480e-07	1.800000e+00
4.753124404253451e-07	1.800000e+00
4.787165713125004e-07	1.800000e+00
4.835993838125004e-07	1.800000e+00
4.884821963125004e-07	1.800000e+00
4.933650088125004e-07	1.800000e+00
4.982478213125004e-07	1.800000e+00
5.031306338125004e-07	1.800000e+00
5.177790713125005e-07	1.800000e+00
5.451171876000001e-07	1.800000e+00
5.500000001000001e-07	1.800000e+00
5.500000001100001e-07	1.800000e+00
5.500000001300001e-07	1.800000e+00
5.500000001700001e-07	1.800000e+00
5.500000002000001e-07	1.800000e+00
5.500000002013832e-07	1.800000e+00
5.510000002041493e-07	1.800000e+00
5.520000002041493e-07	1.800000e+00
5.530000002041493e-07	1.800000e+00
5.547170712251393e-07	1.800000e+00
5.565658580580199e-07	1.800000e+00
5.600000001000000e-07	1.800000e+00
5.600095368431640e-07	1.800000e+00
5.600286103294922e-07	1.800000e+00
5.600332513028928e-07	1.800000e+00
5.600390024116916e-07	1.800000e+00
5.600505046292893e-07	1.800000e+00
5.600701327632272e-07	1.800000e+00
5.601024798126470e-07	1.800000e+00
5.601671739114866e-07	1.800000e+00
5.602881409415303e-07	1.800000e+00
5.605300750016177e-07	1.800000e+00
5.609157444104118e-07	1.800000e+00
5.616394378320406e-07	1.800000e+00
5.630868246752984e-07	1.800000e+00
5.644280929132345e-07	1.800000e+00
5.665703997497119e-07	1.800000e+00
5.694686825163312e-07	1.800000e+00
5.736347042988328e-07	1.800000e+00
5.785175167988328e-07	1.800000e+00
5.834003292988328e-07	1.800000e+00
6.951171875000001e-07	1.800000e+00
7.000000000000001e-07	1.790206e+00
7.000011920928955e-07	1.788262e+00
7.000035762786866e-07	1.792565e+00
7.000041690291338e-07	1.798457e+00
7.000048898377077e-07	1.804071e+00
7.000061740419889e-07	1.805518e+00
7.000073789525497e-07	1.804766e+00
7.000097887736711e-07	1.802904e+00
7.000139627118099e-07	1.801048e+00
7.000208567419371e-07	1.799784e+00
7.000283904935599e-07	1.799447e+00
7.000401879246288e-07	1.799540e+00
7.000579434733378e-07	1.799834e+00
7.000742293327239e-07	1.800047e+00
7.000900632997223e-07	1.800168e+00
7.001072211249994e-07	1.800229e+00
7.001113762365455e-07	1.800230e+00
7.001124150144321e-07	1.800229e+00
7.001144925702051e-07	1.800228e+00
7.001186476817513e-07	1.800230e+00
7.001196864596378e-07	1.800231e+00
7.001217640154109e-07	1.800232e+00
7.001259191269570e-07	1.800231e+00
7.001342293500492e-07	1.800195e+00
7.001508497962338e-07	1.799495e+00
7.001840906886029e-07	1.794352e+00
7.002068497653875e-07	1.783426e+00
7.002277575673557e-07	1.759393e+00
7.002422440448773e-07	1.722757e+00
7.002563785911827e-07	1.646657e+00
7.002767316989197e-07	1.440784e+00
7.002961084758473e-07	1.101904e+00
7.003072174702579e-07	7.776161e-01
7.003165866889319e-07	4.136705e-01
7.003227911707230e-07	1.900948e-01
7.003282245929978e-07	7.021742e-02
7.003345558657516e-07	1.544802e-02
7.003399870742380e-07	3.464569e-03
7.003474334570019e-07	1.235344e-03
7.003563190795121e-07	7.480350e-04
7.003740903245326e-07	5.417383e-04
7.004096328145734e-07	3.631165e-04
7.004616665536989e-07	2.607416e-04
7.005327509908320e-07	1.897448e-04
7.006117966666540e-07	1.471023e-04
7.006932145257360e-07	9.394172e-05
7.007532614948028e-07	4.346339e-05
7.008347086057501e-07	-5.649049e-06
7.008913215285757e-07	-1.193288e-05
7.009711517796541e-07	-8.821557e-06
7.010551788651711e-07	-7.836729e-06
7.012232330362050e-07	-6.183470e-06
7.015138634785088e-07	-4.086814e-06
7.019031846890389e-07	-2.427114e-06
7.022925007556982e-07	-1.470039e-06
7.027938157285782e-07	-8.314295e-07
7.034296860920810e-07	-3.857947e-07
7.042527813165365e-07	-1.655583e-07
7.052805351752850e-07	-2.105128e-05
7.054620181318710e-07	-1.651291e-05
7.058249840450431e-07	1.650008e-08
7.059157255233361e-07	1.282875e-08
7.060972084799221e-07	-1.073112e-08
7.064148036539477e-07	-7.060750e-09
7.067777695671198e-07	-3.652861e-09
7.075037013934639e-07	7.404000e-10
7.088570198846334e-07	4.890751e-09
7.104346856545522e-07	6.830912e-09
7.135900171943898e-07	8.154197e-09
7.184728296943898e-07	8.895141e-09
7.233556421943898e-07	8.298749e-09
7.282384546943898e-07	6.416123e-09
7.331212671943898e-07	4.331090e-09
7.380040796943898e-07	2.946146e-09
7.428868921943898e-07	2.187919e-09
7.477697046943898e-07	1.752820e-09
7.526525171943899e-07	1.487391e-09
7.575353296943899e-07	1.317555e-09
7.624181421943899e-07	1.208527e-09
7.673009546943899e-07	1.137418e-09
7.721837671943899e-07	1.091407e-09
7.770665796943899e-07	1.061305e-09
7.819493921943899e-07	1.041791e-09
7.868322046943899e-07	1.029009e-09
7.951171876000000e-07	1.016508e-09
8.000000001000000e-07	-2.935030e-05
8.000095368431641e-07	-8.588599e-06
8.000286103294922e-07	2.839970e-05
8.000333970854028e-07	1.304836e-06
8.000391316239877e-07	-1.993461e-05
8.000506007011576e-07	-7.015371e-07
8.000735388554974e-07	-8.944169e-07
8.001194151641769e-07	3.789682e-08
8.001745225407987e-07	-8.183076e-08
8.002436972758760e-07	5.009537e-08
8.003262955111584e-07	-7.804497e-08
8.004585890873333e-07	5.837953e-08
8.007076519751410e-07	-6.734175e-09
8.009894947215516e-07	4.752985e-09
8.012896541661420e-07	-1.489498e-08
8.017282799730909e-07	5.316434e-09
8.022287051186586e-07	-4.091376e-09
8.028331488343804e-07	5.197450e-09
8.035634176755588e-07	-5.168954e-09
8.046283340488002e-07	5.157744e-09
8.061696152104502e-07	-6.452266e-10
8.080489695469097e-07	1.937880e-09
8.101884083435079e-07	-5.992907e-10
8.130222622918452e-07	2.275416e-09
8.168183822050498e-07	1.935581e-10
8.217011947050498e-07	1.018407e-09
8.265840072050498e-07	1.015223e-09
8.451171875000001e-07	2.828286e-10
8.500000000000001e-07	-2.900934e-06
8.500095367431641e-07	-1.963586e-06
8.500286102294923e-07	1.242709e-07
8.500333863326591e-07	7.555959e-08
8.500390680662113e-07	-2.390489e-08
8.500496348569805e-07	4.200305e-09
8.500627287640849e-07	-1.643259e-09
8.500889165782940e-07	1.705908e-09
8.501299639201608e-07	6.645312e-10
8.501919235487496e-07	1.186037e-09
8.502808290303592e-07	8.514524e-10
8.504339719034148e-07	1.067985e-09
8.506547735369550e-07	9.625905e-10
8.509760563560817e-07	1.030809e-09
8.514230941010925e-07	9.937758e-10
8.519633074461442e-07	1.005661e-09
8.525068238937561e-07	1.002219e-09
8.530805193562166e-07	1.008941e-09
8.537000091260550e-07	1.000723e-09
8.543860429046415e-07	1.009307e-09
8.551500827474778e-07	1.003411e-09
8.559501982464365e-07	1.012710e-09
8.569817956998682e-07	1.003292e-09
8.580904519148140e-07	1.009236e-09
8.594253897216006e-07	9.996501e-10
8.612704492324104e-07	1.004888e-09
8.630810452899825e-07	1.000002e-09
8.658847611933485e-07	1.005118e-09
8.686800313668491e-07	1.002506e-09
8.725696330093762e-07	1.006504e-09
8.774524455093762e-07	1.005135e-09
8.823352580093762e-07	1.005141e-09
8.872180705093762e-07	1.005135e-09
8.921008830093763e-07	1.005141e-09
8.969836955093763e-07	1.005135e-09
9.018665080093763e-07	1.005141e-09
9.067493205093763e-07	1.005135e-09
9.116321330093763e-07	1.005141e-09
9.165149455093763e-07	1.005136e-09
9.213977580093763e-07	1.005141e-09
9.247862479366083e-07	1.005182e-09
9.281747378638403e-07	1.005168e-09
9.315632277910723e-07	1.005098e-09
9.349517177183042e-07	1.004973e-09
9.383402076455361e-07	1.004792e-09
9.417286975727682e-07	1.004556e-09
9.451171875000001e-07	1.004265e-09
9.500000000000001e-07	-8.469345e-09
9.500000000100001e-07	-8.469275e-09
9.500000000110001e-07	-8.469269e-09
9.500000000120001e-07	-8.469262e-09
9.500000000130002e-07	-8.469255e-09
9.500000000140002e-07	-8.469248e-09
9.500000000150002e-07	-8.469241e-09
9.500000003549997e-07	-8.466817e-09
9.500000005249994e-07	-8.465613e-09
9.500000253449591e-07	-8.293665e-09
9.500000501649189e-07	-8.125365e-09
9.500000749848786e-07	-7.960715e-09
9.500000998048384e-07	-7.799712e-09
9.500001246247981e-07	-7.642359e-09
9.500001494447579e-07	-7.488654e-09
9.500001742647176e-07	-7.338597e-09
9.500003483444353e-07	-6.370716e-09
9.500006965038706e-07	-4.812661e-09
9.500013928227412e-07	-2.719769e-09
9.500027854604824e-07	-6.344683e-10
9.500055707359649e-07	6.563235e-10
9.500111412869298e-07	1.000781e-09
9.500162467412085e-07	9.950349e-10
9.500240337982943e-07	9.947182e-10
9.500326852641089e-07	9.958914e-10
9.500482144229844e-07	1.000380e-09
9.500678161547671e-07	1.004178e-09
9.501025243547989e-07	1.006944e-09
9.501423038061489e-07	1.007411e-09
9.502033347348673e-07	1.006795e-09
9.502791726756680e-07	1.006125e-09
9.504217917107325e-07	1.005519e-09
9.506292507387986e-07	1.005207e-09
9.508720675846111e-07	1.005114e-09
9.511539284014829e-07	1.005084e-09
9.515933385864226e-07	1.005078e-09
9.522728480392561e-07	1.005099e-09
9.530313393047502e-07	1.005129e-09
9.539298071801022e-07	1.005149e-09
9.551798243212585e-07	1.005146e-09
9.563364951069652e-07	1.005136e-09
9.578123799733225e-07	1.005136e-09
9.593749393065820e-07	1.005139e-09
9.610866980474241e-07	1.005139e-09
9.645102155291082e-07	1.005138e-09
9.683609278871920e-07	1.005138e-09
9.732437403871920e-07	1.005138e-09
9.781265528871920e-07	1.005138e-09
9.830093653871920e-07	1.005138e-09
9.878921778871920e-07	1.005138e-09
9.927749903871921e-07	1.005138e-09
1.002540615387192e-06	1.005138e-09
1.045117187600000e-06	1.005138e-09
1.050000000100000e-06	1.005138e-09
1.051273301636956e-06	1.005143e-09
1.051830901259353e-06	1.005137e-09
1.052233440614488e-06	1.005132e-09
1.052708842807146e-06	1.005135e-09
1.053659647192462e-06	1.005139e-09
1.055383697066319e-06	1.005138e-09
1.057405437405187e-06	1.005138e-09
1.060000000100000e-06	9.133356e-10
1.060007223058248e-06	9.266304e-10
1.060021668974744e-06	1.107230e-09
1.060025185445303e-06	1.156519e-09
1.060029518034759e-06	1.143706e-09
1.060038183213670e-06	1.062433e-09
1.060049272463509e-06	1.021445e-09
1.060070945226707e-06	1.005565e-09
1.060114290753103e-06	1.003624e-09
1.060172155331209e-06	1.004942e-09
1.060287884487420e-06	1.004984e-09
1.060519342799844e-06	1.005126e-09
1.060909009165795e-06	1.005130e-09
1.061543752500515e-06	1.005143e-09
1.062813239169956e-06	1.005135e-09
1.064061181076912e-06	1.005138e-09
1.065839877002842e-06	1.005137e-09
1.067909151885384e-06	1.005139e-09
1.071154611426940e-06	1.005137e-09
1.075414239546537e-06	1.005138e-09
1.085179864546537e-06	1.005138e-09
1.187718927046537e-06	1.005138e-09
1.195117187500000e-06	1.005136e-09
1.200000000000000e-06	1.552828e-05
1.200014280711068e-06	1.216265e-05
1.200042842133204e-06	1.438766e-05
1.200049754724249e-06	1.406119e-05
1.200058499478288e-06	7.402666e-06
1.200075988986365e-06	1.533979e-06
1.200106283319633e-06	2.226760e-06
1.200166871986168e-06	-5.081087e-08
1.200242448043680e-06	-4.594013e-07
1.200343719114177e-06	-8.584485e-07
1.200471910142549e-06	-6.010346e-07
1.200690985064103e-06	-6.397825e-07
1.201113587738155e-06	-3.050757e-07
1.201855352350347e-06	-1.508934e-07
1.202938594827707e-06	-1.693476e-08
1.204186171265559e-06	-3.881907e-09
1.205971685356898e-06	5.155826e-09
1.208614013380423e-06	-1.455897e-08
1.213496825880423e-06	-9.122687e-09
1.218379638380423e-06	-6.802566e-09
1.223262450880423e-06	-4.836693e-09
1.228145263380423e-06	-3.351488e-09
1.233028075880423e-06	-2.261459e-09
1.237910888380423e-06	-1.469289e-09
1.242793700880423e-06	-9.044925e-10
1.247676513380423e-06	-5.061338e-10
1.252559325880423e-06	-2.228262e-10
1.257442138380423e-06	-2.910383e-11
1.262324950880423e-06	1.114131e-10
1.267207763380423e-06	2.023626e-10
1.272090575880423e-06	2.728484e-10
1.276973388380423e-06	3.142304e-10
1.281856200880423e-06	3.501555e-10
1.286739013380423e-06	3.678906e-10
1.291621825880423e-06	-2.475015e-09
1.295117187600000e-06	-2.471600e-09
1.300000000100000e-06	-2.736866e-05
1.300014113370407e-06	-1.112350e-05
1.300042339911220e-06	4.382828e-06
1.300049179316964e-06	-9.926021e-06
1.300057780757492e-06	-1.400650e-05
1.300074983638547e-06	9.537866e-07
1.300098646219135e-06	-1.273726e-06
1.300145971380312e-06	9.438597e-09
1.300191979151400e-06	-3.452570e-07
1.300264741939415e-06	2.235986e-08
1.300338047456121e-06	-2.134015e-07
1.300469186282013e-06	7.338212e-08
1.300650826278137e-06	-6.171885e-08
1.300931546271642e-06	8.252629e-09
1.301229165011595e-06	-3.322929e-08
1.301674137873872e-06	2.175323e-08
1.302313480781037e-06	-3.614755e-10
1.302970328453223e-06	1.721718e-08
1.303994442014401e-06	-6.309393e-09
1.305371515020543e-06	8.438374e-09
1.307483874937957e-06	-1.616020e-09
1.310103122574991e-06	1.629589e-09
1.312862942329618e-06	-1.711968e-09
1.316610710000688e-06	2.029539e-09
1.320898106782871e-06	2.322761e-10
1.325780919282871e-06	1.058652e-09
1.335546544282871e-06	1.058424e-09
1.345312169282871e-06	8.142554e-10
1.350000000000000e-06	5.974297e-06
1.350009536743164e-06	4.045268e-06
1.350028610229492e-06	-2.531659e-07
1.350033383546361e-06	-1.520314e-07
1.350039027778983e-06	5.029494e-08
1.350048841830217e-06	-6.380103e-09
1.350061348650486e-06	6.079594e-09
1.350084374424041e-06	-4.808212e-10
1.350120006167587e-06	1.739395e-09
1.350173418019250e-06	6.255166e-10
1.350250304328797e-06	1.262174e-09
1.350364579463607e-06	8.338193e-10
1.350541827524698e-06	1.098154e-09
1.350798581880157e-06	9.551702e-10
1.351139945687664e-06	1.051132e-09
1.351637634575762e-06	9.968651e-10
1.352177099863306e-06	1.012242e-09
1.352760894787118e-06	1.007681e-09
1.353324587790788e-06	1.007639e-09
1.353902183709173e-06	9.991312e-10
1.354523656720057e-06	1.019737e-09
1.355292250649715e-06	1.011516e-09
1.355984152422711e-06	1.016847e-09
1.356821905341581e-06	9.945932e-10
1.357858075030565e-06	1.005986e-09
1.358911581569479e-06	1.002998e-09
1.360017828296292e-06	1.015080e-09
1.361480537543854e-06	1.008196e-09
1.362807586721416e-06	1.013674e-09
1.364584142643298e-06	1.004279e-09
1.366421193208791e-06	1.013269e-09
1.369191755031396e-06	1.001822e-09
1.372688009266031e-06	1.007628e-09
1.377042273886977e-06	1.004039e-09
1.381925086386977e-06	1.005143e-09
1.386807898886977e-06	1.005133e-09
1.391690711386977e-06	1.005143e-09
1.396573523886977e-06	1.005133e-09
1.401456336386977e-06	1.005144e-09
1.406339148886977e-06	1.005133e-09
1.411221961386977e-06	1.005143e-09
1.416104773886977e-06	1.005133e-09
1.420987586386977e-06	1.005143e-09
1.425870398886977e-06	1.005134e-09
1.430753211386978e-06	1.005144e-09
1.435636023886978e-06	1.005134e-09
1.440518836386978e-06	1.005144e-09
1.445401648886978e-06	1.005682e-09
1.450000000000000e-06	-7.706514e-09
1.450013721203464e-06	-4.867829e-09
1.450041163610391e-06	1.234997e-09
1.450047792942858e-06	1.124262e-09
1.450056227294193e-06	9.431899e-10
1.450067896889408e-06	1.020800e-09
1.450084517174426e-06	9.960148e-10
1.450117757744462e-06	1.013724e-09
1.450166713617487e-06	1.009286e-09
1.450217472135438e-06	1.009741e-09
1.450292961057784e-06	1.006104e-09
1.450394020125543e-06	1.006792e-09
1.450566476097824e-06	1.005158e-09
1.450796075139367e-06	1.005363e-09
1.451092629709710e-06	1.004988e-09
1.451430322338835e-06	1.005122e-09
1.451850983619459e-06	1.004884e-09
1.452506392414907e-06	1.005077e-09
1.453155159060550e-06	1.005047e-09
1.454046968187325e-06	1.005188e-09
1.455170423893819e-06	1.005142e-09
1.456405636827600e-06	1.005126e-09
1.457531516258117e-06	1.005115e-09
1.458806887168166e-06	1.005157e-09
1.460322340023759e-06	1.005130e-09
1.461982556217399e-06	1.005187e-09
1.465302988604679e-06	1.005135e-09
1.468826118139307e-06	1.005151e-09
1.473708930639307e-06	1.005138e-09
1.478591743139307e-06	1.005138e-09
1.483474555639307e-06	1.005138e-09
1.488357368139307e-06	1.005138e-09
1.493240180639307e-06	1.005138e-09
1.498122993139307e-06	1.005138e-09
1.507888618139307e-06	1.005138e-09
1.545117187600000e-06	1.005158e-09
1.550000000100000e-06	1.005138e-09
1.554882812600000e-06	1.004509e-09
1.555117187600000e-06	1.004806e-09
1.555585937600000e-06	1.005301e-09
1.556523437599999e-06	1.005070e-09
1.558125000100001e-06	1.005152e-09
1.560000000100000e-06	9.222301e-10
1.560005070505215e-06	9.064544e-10
1.560015211315645e-06	1.020050e-09
1.560017691407160e-06	1.104551e-09
1.560020707125678e-06	1.159028e-09
1.560026738562714e-06	1.120587e-09
1.560032457901751e-06	1.078992e-09
1.560043896579825e-06	1.036060e-09
1.560065178735293e-06	1.007988e-09
1.560091454870992e-06	1.003236e-09
1.560144007142392e-06	1.004656e-09
1.560249111685190e-06	1.005146e-09
1.560459320770788e-06	1.005137e-09
1.560789620214222e-06	1.005149e-09
1.561320255250014e-06	1.005135e-09
1.562279412084335e-06	1.005135e-09
1.563563460971202e-06	1.005135e-09
1.564928705615392e-06	1.005137e-09
1.567069349648563e-06	1.005137e-09
1.570028400740400e-06	1.005138e-09
1.574019811403592e-06	1.005138e-09
1.583785436403592e-06	1.005138e-09
1.695117187500000e-06	1.005138e-09
1.700000000000000e-06	1.976080e-04
1.700001192092896e-06	1.548072e-04
1.700003576278687e-06	-1.433556e-04
1.700004174672183e-06	-1.553691e-04
1.700004894016658e-06	-8.690178e-05
1.700006332705606e-06	-3.440396e-05
1.700009210083503e-06	3.496697e-06
1.700014964839298e-06	1.895844e-05
1.700026474350887e-06	1.264688e-05
1.700040866047170e-06	4.919810e-06
1.700061239453946e-06	1.637770e-06
1.700092129630057e-06	3.600056e-07
1.700140772960546e-06	-6.632588e-08
1.700208860898174e-06	-3.488634e-07
1.700324476056326e-06	-5.485924e-07
1.700534700900926e-06	-5.325992e-07
1.700765053482393e-06	-4.013876e-07
1.701197667173630e-06	-2.155024e-07
1.701870648144094e-06	-6.993369e-08
1.703216610085020e-06	1.597333e-08
1.705097154411329e-06	1.783781e-08
1.708230467129148e-06	-7.869785e-09
1.711635267898556e-06	-1.477079e-08
1.716518080398556e-06	-1.421824e-08
1.721400892898556e-06	-1.192434e-08
1.726283705398556e-06	-8.635698e-09
1.731166517898556e-06	-5.942159e-09
1.736049330398556e-06	-3.828735e-09
1.740932142898556e-06	-2.336808e-09
1.745814955398556e-06	-1.270994e-09
1.750697767898556e-06	-5.415828e-10
1.755580580398556e-06	-3.782930e-11
1.760463392898556e-06	3.017817e-10
1.765346205398556e-06	5.315144e-10
1.770229017898556e-06	6.891518e-10
1.775111830398556e-06	7.933387e-10
1.779994642898556e-06	8.643752e-10
1.784877455398556e-06	9.104291e-10
1.789760267898556e-06	9.425563e-10
1.794643080398556e-06	1.741257e-09
1.797961830808667e-06	9.888492e-10
1.800000000100000e-06	-1.769755e-05
1.800012973314017e-06	-3.933703e-06
1.800038919742051e-06	9.098049e-06
1.800044628151318e-06	-6.445820e-06
1.800052847038259e-06	-1.501491e-05
1.800068540592443e-06	1.686357e-08
1.800085387364426e-06	-1.429568e-06
1.800119080908392e-06	-7.648000e-09
1.800151438310895e-06	-3.469126e-07
1.800201814433933e-06	-1.865335e-08
1.800247687728801e-06	-1.889704e-07
1.800320639253985e-06	1.972442e-08
1.800396220106497e-06	-1.108800e-07
1.800531171472888e-06	4.119684e-08
1.800722793914742e-06	-1.035323e-08
1.800939631625828e-06	1.344290e-08
1.801195448485939e-06	-6.739425e-09
1.801483980781063e-06	2.018003e-08
1.801921922848343e-06	-1.093475e-08
1.802574846752206e-06	9.334747e-09
1.803573252049799e-06	-4.020533e-09
1.805048819537730e-06	6.015314e-09
1.807870585026709e-06	1.680112e-09
1.810384981743225e-06	1.084887e-09
1.812923761304868e-06	5.307185e-12
1.815972600878454e-06	1.499948e-09
1.819341459497833e-06	-3.877422e-10
1.824224271997833e-06	1.021249e-09
1.829107084497834e-06	1.017725e-09
1.838872709497834e-06	1.017725e-09
1.843755521997834e-06	-7.000850e-09
1.847276668995667e-06	2.472157e-09
1.850000000000000e-06	4.273774e-06
1.850001192092896e-06	3.375248e-06
1.850003576278687e-06	4.352489e-07
1.850004172900492e-06	1.239623e-07
1.850004890810970e-06	7.639948e-08
1.850006326631927e-06	3.054587e-08
1.850008216054100e-06	8.874875e-09
1.850011994898448e-06	1.300864e-09
1.850018267604118e-06	5.514614e-10
1.850025229655838e-06	8.002232e-10
1.850035295432747e-06	9.184540e-10
1.850049842012949e-06	1.047958e-09
1.850071346963710e-06	1.072462e-09
1.850095621230447e-06	1.052178e-09
1.850133149286346e-06	1.024850e-09
1.850184949305069e-06	1.014470e-09
1.850270132923601e-06	1.008644e-09
1.850381959071652e-06	1.006930e-09
1.850542983138303e-06	1.005851e-09
1.850735464076458e-06	1.005466e-09
1.850984535913312e-06	1.004896e-09
1.851282462863314e-06	1.004692e-09
1.851691765112666e-06	1.004684e-09
1.852215376297845e-06	1.004919e-09
1.852741395416128e-06	1.005053e-09
1.853271062386601e-06	1.005192e-09
1.853834804146226e-06	1.005262e-09
1.854482544400664e-06	1.005241e-09
1.854986495117020e-06	1.005163e-09
1.855537990167773e-06	1.005071e-09
1.856075243397837e-06	1.005039e-09
1.856723731257806e-06	1.005099e-09
1.857430875658761e-06	1.005148e-09
1.858192153404166e-06	1.005185e-09
1.859028743633080e-06	1.005153e-09
1.859870687747921e-06	1.005128e-09
1.860865508035071e-06	1.005118e-09
1.861975052789176e-06	1.005146e-09
1.863131991640043e-06	1.005140e-09
1.864589952015045e-06	1.005134e-09
1.866032034216204e-06	1.005126e-09
1.868020185073221e-06	1.005140e-09
1.869966423587173e-06	1.005132e-09
1.872757858677266e-06	1.005138e-09
1.875637411946245e-06	1.005136e-09
1.879381552123690e-06	1.005140e-09
1.884264364623690e-06	1.005138e-09
1.889147177123690e-06	1.005138e-09
1.894029989623690e-06	1.005138e-09
1.898912802123690e-06	1.005138e-09
1.903795614623690e-06	1.005138e-09
1.908678427123689e-06	1.005138e-09
1.913561239623689e-06	1.005138e-09
1.918444052123689e-06	1.005138e-09
1.923326864623689e-06	1.005138e-09
1.928209677123689e-06	1.005138e-09
1.933092489623689e-06	1.005138e-09
1.937975302123688e-06	1.005138e-09
1.942858114623688e-06	1.005147e-09
1.945117187500000e-06	1.005051e-09
1.945481854247376e-06	1.005085e-09
1.946211187742127e-06	1.005163e-09
1.947669854731630e-06	1.005129e-09
1.950000000000000e-06	9.931199e-10
1.950007101418227e-06	9.895419e-10
1.950021304254680e-06	9.678951e-10
1.950024727705464e-06	9.598157e-10
1.950029096440712e-06	9.523089e-10
1.950037833911209e-06	9.536804e-10
1.950053293215600e-06	9.751753e-10
1.950075380996142e-06	1.005236e-09
1.950100930158116e-06	1.019802e-09
1.950133726780791e-06	1.019502e-09
1.950175608034791e-06	1.014675e-09
1.950233124667224e-06	1.010598e-09
1.950305320006759e-06	1.008118e-09
1.950397542764132e-06	1.006684e-09
1.950507886886806e-06	1.005921e-09
1.950649338807466e-06	1.005498e-09
1.950830949739146e-06	1.005227e-09
1.951073784865474e-06	1.005028e-09
1.951398167770534e-06	1.004917e-09
1.951848807797326e-06	1.004937e-09
1.952403825400122e-06	1.005030e-09
1.952994950151066e-06	1.005097e-09
1.953665213801000e-06	1.005140e-09
1.954443315009815e-06	1.005160e-09
1.955346787351606e-06	1.005151e-09
1.956360680428282e-06	1.005135e-09
1.957541550661633e-06	1.005134e-09
1.958711654889977e-06	1.005141e-09
1.959886663136500e-06	1.005142e-09
1.961127986780967e-06	1.005138e-09
1.962406668633375e-06	1.005137e-09
1.964075317422400e-06	1.005138e-09
1.965609269866884e-06	1.005138e-09
1.968344448718169e-06	1.005138e-09
1.973227261218169e-06	1.005138e-09
1.978110073718169e-06	1.005138e-09
1.982992886218168e-06	1.005138e-09
1.987875698718168e-06	1.005138e-09
2.045117187600000e-06	1.005138e-09
2.050000000100000e-06	1.005138e-09
2.054882812600000e-06	1.005140e-09
2.055117187600001e-06	1.005140e-09
2.055585937600002e-06	1.005138e-09
2.056523437600005e-06	1.005137e-09
2.058125000099995e-06	1.005139e-09
2.060000000100000e-06	8.985519e-10
2.060004813865355e-06	8.873859e-10
2.060014441396064e-06	9.856653e-10
2.060016812850759e-06	1.062470e-09
2.060019625507948e-06	1.123563e-09
2.060023729983689e-06	1.117877e-09
2.060028042978311e-06	1.092613e-09
2.060035653643046e-06	1.057828e-09
2.060046540771141e-06	1.028698e-09
2.060066584127111e-06	1.010391e-09
2.060106670839052e-06	1.005003e-09
2.060171037500031e-06	1.005439e-09
2.060299770821987e-06	1.005425e-09
2.060557237465900e-06	1.005213e-09
2.060927476674734e-06	1.005154e-09
2.061437488227420e-06	1.005133e-09
2.062313307905352e-06	1.005133e-09
2.063523480121735e-06	1.005133e-09
2.064692096748832e-06	1.005136e-09
2.066769669438089e-06	1.005137e-09
2.069186280218712e-06	1.005138e-09
2.074019501779959e-06	1.005138e-09
2.078902314279959e-06	1.005138e-09
2.083785126779958e-06	1.005138e-09
2.088667939279958e-06	1.005138e-09
2.098433564279958e-06	1.005138e-09
2.103316376779958e-06	1.005138e-09
2.108199189279957e-06	1.005138e-09
2.113082001779957e-06	1.005138e-09
2.117964814279957e-06	1.005138e-09
2.195117187500000e-06	1.005138e-09
2.200000000000000e-06	2.556065e-05
2.200014244879076e-06	2.085025e-05
2.200042734637227e-06	5.848136e-06
2.200049628387325e-06	1.654254e-06
2.200058353798448e-06	-3.965872e-06
2.200074920327462e-06	-5.167008e-06
2.200104133805269e-06	-1.024702e-06
2.200162560760883e-06	-1.337768e-06
2.200279414672110e-06	-6.450294e-07
2.200513122494565e-06	-6.012177e-07
2.200793361005481e-06	-1.052251e-05
2.200845932009629e-06	-8.383605e-06
2.200951074017924e-06	-2.487480e-07
2.201161358034514e-06	-2.805686e-07
2.201213929038661e-06	-1.576590e-07
2.201227071789698e-06	-1.120239e-07
2.201253357291772e-06	-7.530163e-08
2.201259928667290e-06	-6.847154e-08
2.201273071418327e-06	-6.022714e-08
2.201299356920401e-06	-4.893568e-08
2.201351927924549e-06	-3.412375e-08
2.201457069932844e-06	-1.425489e-08
2.201667353949434e-06	1.203085e-08
2.202087921982614e-06	3.895554e-08
2.202884693613700e-06	4.949688e-08
2.203932460387524e-06	3.436391e-08
2.206027993935172e-06	-3.679768e-09
2.208136928149446e-06	-2.119648e-08
2.210863088182487e-06	-1.931452e-08
2.212556882261991e-06	-1.278640e-08
2.214652377306956e-06	-5.551276e-09
2.216990547512360e-06	-1.496434e-09
2.220861519051339e-06	7.153687e-10
2.223133873970747e-06	1.109770e-09
2.223701962700599e-06	-7.840633e-10
2.224838140160303e-06	-3.637474e-07
2.225243070016311e-06	-2.325901e-06
2.225506203223946e-06	-7.118212e-06
2.225664477735030e-06	-1.501167e-05
2.225804598230236e-06	-3.384934e-05
2.225910914491979e-06	-6.814342e-05
2.226030189581404e-06	-1.353509e-04
2.226164697633600e-06	-2.419682e-04
2.226259006842048e-06	1.405697e-03
2.226382080710959e-06	1.022340e-02
2.226398303141563e-06	1.789813e-02
2.226430748002771e-06	5.165894e-02
2.226438859218072e-06	6.751297e-02
2.226455081648676e-06	1.282980e-01
2.226473429051928e-06	2.366236e-01
2.226476322514459e-06	2.626614e-01
2.226482109439519e-06	3.320024e-01
2.226493683289641e-06	4.900840e-01
2.226508052772389e-06	7.053855e-01
2.226522383235504e-06	9.358693e-01
2.226524300102210e-06	9.700904e-01
2.226528133835622e-06	1.048988e+00
2.226534541014475e-06	1.205181e+00
2.226540041873887e-06	1.374196e+00
2.226546891454173e-06	1.618594e+00
2.226549746827408e-06	1.706950e+00
2.226552456106129e-06	1.756604e+00
2.226555621004761e-06	1.781330e+00
2.226559137901177e-06	1.791517e+00
2.226562820746888e-06	1.795703e+00
2.226568468465062e-06	1.798334e+00
2.226575276407648e-06	1.799245e+00
2.226582791447207e-06	1.799469e+00
2.226593361159888e-06	1.799753e+00
2.226609708858744e-06	1.800050e+00
2.226632994362902e-06	1.800175e+00
2.226664966070109e-06	1.800185e+00
2.226721704360442e-06	1.800178e+00
2.226831606781421e-06	1.800158e+00
2.227051411623380e-06	1.800126e+00
2.227283435294886e-06	1.800101e+00
2.227571678296999e-06	1.800079e+00
2.227882931952145e-06	1.800056e+00
2.227902311903804e-06	1.800057e+00
2.227941071807122e-06	1.800061e+00
2.227950761782952e-06	1.800061e+00
2.227970141734611e-06	1.800060e+00
2.227987099192312e-06	1.800060e+00
2.227993155427206e-06	1.800060e+00
2.228000422909078e-06	1.800059e+00
2.228010112884908e-06	1.800059e+00
2.228012535378865e-06	1.800059e+00
2.228017380366780e-06	1.800059e+00
2.228027070342609e-06	1.800059e+00
2.228046450294268e-06	1.800058e+00
2.228085210197586e-06	1.800055e+00
2.228162730004222e-06	1.800051e+00
2.228317769617495e-06	1.800044e+00
2.228627848844039e-06	1.800034e+00
2.229107761095802e-06	1.800025e+00
2.229772794214432e-06	1.800016e+00
2.231057520582205e-06	1.800008e+00
2.233001425608242e-06	1.800003e+00
2.235160544973394e-06	1.800001e+00
2.238111924346668e-06	1.800000e+00
2.242272310578658e-06	1.800000e+00
2.247155123078658e-06	1.800000e+00
2.252037935578658e-06	1.800000e+00
2.256920748078657e-06	1.800000e+00
2.261803560578657e-06	1.800000e+00
2.266686373078657e-06	1.800000e+00
2.271569185578657e-06	1.800000e+00
2.276451998078657e-06	1.800000e+00
2.281334810578656e-06	1.800000e+00
2.286217623078656e-06	1.800000e+00
2.291100435578656e-06	1.800000e+00
2.295117187600000e-06	1.800000e+00
2.300000000100000e-06	1.799695e+00
2.300012069445201e-06	1.799836e+00
2.300036208135602e-06	1.800267e+00
2.300042164363917e-06	1.800170e+00
2.300049217814228e-06	1.800050e+00
2.300059166474351e-06	1.800070e+00
2.300069607390016e-06	1.800040e+00
2.300086274272811e-06	1.800037e+00
2.300111458155022e-06	1.800017e+00
2.300146188062080e-06	1.800010e+00
2.300211093069495e-06	1.800002e+00
2.300303409570889e-06	1.800001e+00
2.300473539380434e-06	1.800000e+00
2.300683822294880e-06	1.800000e+00
2.300956256447086e-06	1.800000e+00
2.301296799378617e-06	1.800000e+00
2.301844683660587e-06	1.800000e+00
2.302693097071988e-06	1.800000e+00
2.303796051860869e-06	1.800000e+00
2.304951112576982e-06	1.800000e+00
2.306286722545942e-06	1.800000e+00
2.307774954084732e-06	1.800000e+00
2.309190648058565e-06	1.800000e+00
2.309892213504819e-06	1.800000e+00
2.310475842828826e-06	1.800000e+00
2.311116283731971e-06	1.800000e+00
2.311530469634421e-06	1.800000e+00
2.312010987847787e-06	1.800000e+00
2.312654399344959e-06	1.800000e+00
2.313358514427950e-06	1.800000e+00
2.314214169711320e-06	1.800000e+00
2.315222940895339e-06	1.800000e+00
2.316764176249655e-06	1.800000e+00
2.319068671262080e-06	1.800000e+00
2.323677661286929e-06	1.800000e+00
2.328463673610614e-06	1.800000e+00
2.333346486110614e-06	1.800000e+00
2.338229298610614e-06	1.800000e+00
2.343112111110614e-06	1.800000e+00
2.345117187500001e-06	1.800000e+00
2.345989847221227e-06	1.800000e+00
2.347735166663679e-06	1.800000e+00
2.350000000000000e-06	1.800027e+00
2.350001105875653e-06	1.800020e+00
2.350003317626958e-06	1.800001e+00
2.350003870231241e-06	1.800000e+00
2.350004536047725e-06	1.800000e+00
2.350005867680692e-06	1.800000e+00
2.350007375848746e-06	1.800000e+00
2.350010392184854e-06	1.800000e+00
2.350016424857071e-06	1.800000e+00
2.350025758977520e-06	1.800000e+00
2.350036161469116e-06	1.800000e+00
2.350050744094910e-06	1.800000e+00
2.350072076988151e-06	1.800000e+00
2.350114742774633e-06	1.800000e+00
2.350200074347597e-06	1.800000e+00
2.350320176836800e-06	1.800000e+00
2.350445293876750e-06	1.800000e+00
2.350641812885187e-06	1.800000e+00
2.350864998404585e-06	1.800000e+00
2.351114684760526e-06	1.800000e+00
2.351349646513364e-06	1.800000e+00
2.351542044103570e-06	1.800000e+00
2.351759581803629e-06	1.800000e+00
2.351986885478173e-06	1.800000e+00
2.352182116469989e-06	1.800000e+00
2.352421342273456e-06	1.800000e+00
2.352689268286159e-06	1.800000e+00
2.353059429751965e-06	1.800000e+00
2.353430465339094e-06	1.800000e+00
2.353846427080397e-06	1.800000e+00
2.354320725256167e-06	1.800000e+00
2.354824524962706e-06	1.800000e+00
2.355395797842706e-06	1.800000e+00
2.356080840485739e-06	1.800000e+00
2.356763701369752e-06	1.800000e+00
2.357390276523928e-06	1.800000e+00
2.358154996766227e-06	1.800000e+00
2.358975352274336e-06	1.800000e+00
2.359847577088959e-06	1.800000e+00
2.361120284745137e-06	1.800000e+00
2.362271359940181e-06	1.800000e+00
2.363754204731014e-06	1.800000e+00
2.365358873294972e-06	1.800000e+00
2.367346105671421e-06	1.800000e+00
2.369765995586132e-06	1.800000e+00
2.373016349530204e-06	1.800000e+00
2.376638147325539e-06	1.800000e+00
2.381520959825539e-06	1.800000e+00
2.386403772325539e-06	1.800000e+00
2.391286584825539e-06	1.800000e+00
2.396169397325538e-06	1.800000e+00
2.401052209825538e-06	1.800000e+00
2.405935022325538e-06	1.800000e+00
2.410817834825538e-06	1.800000e+00
2.415700647325538e-06	1.800000e+00
2.420583459825537e-06	1.800000e+00
2.425466272325537e-06	1.800000e+00
2.430349084825537e-06	1.800000e+00
2.435231897325537e-06	1.800000e+00
2.440114709825537e-06	1.800000e+00
2.444997522325536e-06	1.800000e+00
2.445356517848929e-06	1.800000e+00
2.445835178546785e-06	1.800000e+00
2.446792499942498e-06	1.800000e+00
2.448085357208575e-06	1.800000e+00
2.450000000000000e-06	1.800000e+00
2.450005351360508e-06	1.800000e+00
2.450016054081523e-06	1.800000e+00
2.450018660832561e-06	1.800000e+00
2.450021939440206e-06	1.800000e+00
2.450028496655497e-06	1.800000e+00
2.450039781530766e-06	1.800000e+00
2.450052260362527e-06	1.800000e+00
2.450070176353237e-06	1.800000e+00
2.450094937680778e-06	1.800000e+00
2.450144460335862e-06	1.800000e+00
2.450243505646028e-06	1.800000e+00
2.450399330037389e-06	1.800000e+00
2.450567469908738e-06	1.800000e+00
2.450753019009902e-06	1.800000e+00
2.451004963496077e-06	1.800000e+00
2.451293935981192e-06	1.800000e+00
2.451620301190750e-06	1.800000e+00
2.452095927352610e-06	1.800000e+00
2.452905136179915e-06	1.800000e+00
2.453772294690510e-06	1.800000e+00
2.454889668433229e-06	1.800000e+00
2.456204928640190e-06	1.800000e+00
2.457213331842539e-06	1.800000e+00
2.458226639149978e-06	1.800000e+00
2.459361428663729e-06	1.800000e+00
2.459871601744514e-06	1.800000e+00
2.460339789350014e-06	1.800000e+00
2.460856662776906e-06	1.800000e+00
2.461198379923570e-06	1.800000e+00
2.461602390875511e-06	1.800000e+00
2.462165260753297e-06	1.800000e+00
2.462782283443303e-06	1.800000e+00
2.463494924732158e-06	1.800000e+00
2.464347188005044e-06	1.800000e+00
2.465501350889647e-06	1.800000e+00
2.466953419133036e-06	1.800000e+00
2.469303345921215e-06	1.800000e+00
2.471849294341921e-06	1.800000e+00
2.474631111030922e-06	1.800000e+00
2.479513923530922e-06	1.800000e+00
2.484396736030922e-06	1.800000e+00
2.489279548530921e-06	1.800000e+00
2.494162361030921e-06	1.800000e+00
2.499045173530921e-06	1.800000e+00
2.548436256586916e-06	1.800000e+00
2.550000000100000e-06	1.800000e+00
2.553127487126168e-06	1.800000e+00
2.555117187600001e-06	1.800000e+00
2.556020599152335e-06	1.800000e+00
2.557827422257003e-06	1.800000e+00
2.560000000100000e-06	1.800000e+00
2.560005918141818e-06	1.800000e+00
2.560017754225452e-06	1.800000e+00
2.560020645122004e-06	1.800000e+00
2.560024167513995e-06	1.800000e+00
2.560031212297975e-06	1.800000e+00
2.560038356798502e-06	1.800000e+00
2.560052645799558e-06	1.800000e+00
2.560079352977327e-06	1.800000e+00
2.560109624236114e-06	1.800000e+00
2.560170166753687e-06	1.800000e+00
2.560291251788834e-06	1.800000e+00
2.560510506396282e-06	1.800000e+00
2.560885433010333e-06	1.800000e+00
2.561445908017384e-06	1.800000e+00
2.562047278160409e-06	1.800000e+00
2.563250018446457e-06	1.800000e+00
2.564681962339199e-06	1.800000e+00
2.566373426163086e-06	1.800000e+00
2.569126587351504e-06	1.800000e+00
2.573361573764377e-06	1.800000e+00
2.578244386264376e-06	1.800000e+00
2.583127198764376e-06	1.800000e+00
2.695431886264372e-06	1.800000e+00
2.700000000000000e-06	1.798047e+00
2.700009536743165e-06	1.798891e+00
2.700028610229493e-06	1.802052e+00
2.700033381981847e-06	1.800750e+00
2.700038979523549e-06	1.799194e+00
2.700044443254757e-06	1.799815e+00
2.700050560747637e-06	1.799967e+00
2.700058903790338e-06	1.799935e+00
2.700068993504341e-06	1.800020e+00
2.700083562311825e-06	1.799981e+00
2.700104186908770e-06	1.799766e+00
2.700108018111967e-06	1.799909e+00
2.700108975912765e-06	1.799970e+00
2.700110891514364e-06	1.800000e+00
2.700114722717560e-06	1.800005e+00
2.700115680518359e-06	1.800005e+00
2.700117596119957e-06	1.800006e+00
2.700121427323154e-06	1.800007e+00
2.700129089729546e-06	1.800007e+00
2.700144414542332e-06	1.800007e+00
2.700175064167902e-06	1.800007e+00
2.700236363419043e-06	1.800006e+00
2.700338554331467e-06	1.800005e+00
2.700450713110257e-06	1.800004e+00
2.700580806954012e-06	1.800004e+00
2.700744063715103e-06	1.800003e+00
2.700995391256486e-06	1.800003e+00
2.701407200220383e-06	1.800002e+00
2.702230818148177e-06	1.800001e+00
2.703878054003766e-06	1.800000e+00
2.705619999855683e-06	1.800000e+00
2.707795820712288e-06	1.800000e+00
2.709278614292132e-06	1.800000e+00
2.711249625873135e-06	1.800000e+00
2.713370296290546e-06	1.800000e+00
2.716920856975419e-06	1.800000e+00
2.719799006506721e-06	1.800000e+00
2.720409358069221e-06	1.800000e+00
2.721630061194221e-06	1.800001e+00
2.722733600861224e-06	1.800006e+00
2.722795346971267e-06	1.800009e+00
2.722918839191352e-06	1.800032e+00
2.723046298884787e-06	1.800042e+00
2.723178905166907e-06	1.796404e+00
2.723274521492216e-06	1.774666e+00
2.723337473820168e-06	1.724492e+00
2.723396521674464e-06	1.649836e+00
2.723437659535162e-06	1.600428e+00
2.723479618359610e-06	1.536975e+00
2.723499046011496e-06	1.458427e+00
2.723528342770811e-06	1.210754e+00
2.723546342162260e-06	9.271830e-01
2.723567672717848e-06	4.350657e-01
2.723579032567417e-06	1.696745e-01
2.723586706262052e-06	5.823261e-02
2.723597103224268e-06	8.750692e-03
2.723604123493767e-06	2.277125e-03
2.723614534673660e-06	1.628233e-03
2.723628400916753e-06	9.966900e-04
2.723656133402939e-06	5.337303e-04
2.723685696505220e-06	3.627133e-04
2.723723706702542e-06	2.754266e-04
2.723772002615561e-06	2.156084e-04
2.723868594441600e-06	1.525282e-04
2.723968030757718e-06	8.965685e-05
2.724035175186772e-06	3.733835e-05
2.724123817276350e-06	-9.028493e-06
2.724182939169060e-06	-1.374638e-05
2.724263812706608e-06	-1.057631e-05
2.724359753187713e-06	-9.444799e-06
2.724551634149924e-06	-7.354578e-06
2.724935396074345e-06	-8.921257e-06
2.724940973537916e-06	-7.236340e-06
2.724952128465056e-06	-3.459882e-06
2.724954917196842e-06	-3.493570e-06
2.724960494660412e-06	-3.699676e-06
2.724974438319338e-06	-3.602386e-06
2.724980015782908e-06	-3.598150e-06
2.725058100272892e-06	-3.215330e-06
2.725147339690016e-06	-2.837688e-06
2.725325818524264e-06	-2.227148e-06
2.725593802355350e-06	-1.549132e-06
2.725887981203192e-06	-1.051053e-06
2.726328102405848e-06	-6.137160e-07
2.727083371922778e-06	-2.330761e-07
2.728027659903450e-06	-3.804677e-08
2.729320352353898e-06	3.607938e-08
2.731131327373635e-06	3.783002e-08
2.733909975667517e-06	4.155440e-09
2.737074345199663e-06	-1.283195e-08
2.740943171966037e-06	-1.228695e-08
2.745825984466037e-06	-9.536142e-09
2.750708796966037e-06	-6.996505e-09
2.755591609466037e-06	-4.674977e-09
2.760474421966036e-06	-2.996712e-09
2.765357234466036e-06	-1.731308e-09
2.770240046966036e-06	-8.737157e-10
2.775122859466036e-06	-2.598666e-10
2.780005671966036e-06	1.472737e-10
2.784888484466035e-06	4.320808e-10
2.789771296966035e-06	6.191055e-10
2.794654109466035e-06	7.360753e-10
2.796043343867932e-06	7.850746e-10
2.797895656403796e-06	8.136535e-10
2.800000000100001e-06	-5.495815e-05
2.800006248127745e-06	-2.225014e-05
2.800018744183232e-06	7.802209e-05
2.800021762417859e-06	4.180728e-05
2.800025576020623e-06	-1.092722e-05
2.800033203226151e-06	-2.962062e-06
2.800045491136047e-06	-1.214001e-06
2.800070066955840e-06	-3.260562e-07
2.800103841438284e-06	-9.714679e-08
2.800145949510332e-06	-9.160216e-09
2.800184863817978e-06	-7.165361e-09
2.800236445848164e-06	3.974192e-09
2.800295883146566e-06	-3.530224e-09
2.800382605400676e-06	3.098166e-09
2.800494687637646e-06	-2.132060e-09
2.800718414696518e-06	1.187306e-09
2.800953742524262e-06	8.090367e-10
2.801204165719691e-06	1.464941e-09
2.801506794359137e-06	2.219763e-10
2.801991081153951e-06	1.444864e-09
2.802727898896027e-06	7.961712e-10
2.803710426730931e-06	1.242893e-09
2.805305036700296e-06	8.490885e-10
2.808014455938463e-06	9.865384e-10
2.810511697890833e-06	9.848552e-10
2.813236247526622e-06	1.037399e-09
2.816425516101857e-06	9.966419e-10
2.819763688722480e-06	1.061860e-09
2.824646501222480e-06	1.004995e-09
2.829529313722479e-06	1.004949e-09
2.839294938722479e-06	1.004867e-09
2.844177751222479e-06	1.513676e-09
2.846996060055045e-06	8.873463e-10
2.850000000000001e-06	-1.643255e-07
2.850001192092896e-06	-1.295874e-07
2.850003576278687e-06	-1.593846e-08
2.850004173081575e-06	-3.903237e-09
2.850004890854591e-06	-2.078431e-09
2.850006326400623e-06	-3.515788e-10
2.850008256722795e-06	4.545220e-10
2.850012117367138e-06	7.188906e-10
2.850018553309177e-06	7.770988e-10
2.850025761129987e-06	8.480329e-10
2.850036185027198e-06	9.545614e-10
2.850051395130358e-06	1.032841e-09
2.850074207775381e-06	1.052223e-09
2.850100147974346e-06	1.036665e-09
2.850140808223778e-06	1.019494e-09
2.850197351786405e-06	1.011559e-09
2.850290213892774e-06	1.007825e-09
2.850410041224306e-06	1.006326e-09
2.850580275358773e-06	1.005650e-09
2.850783512261212e-06	1.005213e-09
2.851059241512441e-06	1.004848e-09
2.851455668903722e-06	1.004725e-09
2.851932430428575e-06	1.004869e-09
2.852379885667877e-06	1.004995e-09
2.852883260270472e-06	1.005121e-09
2.853340416422600e-06	1.005228e-09
2.853890753318679e-06	1.005291e-09
2.854301724945097e-06	1.005262e-09
2.854815424866320e-06	1.005153e-09
2.855288840916642e-06	1.005078e-09
2.855899461359844e-06	1.005063e-09
2.856488070044498e-06	1.005099e-09
2.857145923362423e-06	1.005151e-09
2.857907041649525e-06	1.005177e-09
2.858634686455547e-06	1.005157e-09
2.859438905492834e-06	1.005125e-09
2.860376524034629e-06	1.005121e-09
2.861338450660814e-06	1.005140e-09
2.862395427458541e-06	1.005148e-09
2.863635383922263e-06	1.005138e-09
2.864928671962360e-06	1.005133e-09
2.866729832665624e-06	1.005140e-09
2.868365081322184e-06	1.005141e-09
2.871051417912950e-06	1.005137e-09
2.873652480369455e-06	1.005138e-09
2.877648800082895e-06	1.005138e-09
2.882247034946790e-06	1.005138e-09
2.887129847446789e-06	1.005138e-09
2.892012659946789e-06	1.005138e-09
2.896895472446789e-06	1.005138e-09
2.901778284946789e-06	1.005138e-09
2.906661097446789e-06	1.005138e-09
2.911543909946788e-06	1.005138e-09
2.916426722446788e-06	1.005138e-09
2.921309534946788e-06	1.005138e-09
2.926192347446788e-06	1.005138e-09
2.931075159946788e-06	1.005138e-09
2.935957972446787e-06	1.005138e-09
2.940840784946787e-06	1.005138e-09
2.945117187500001e-06	1.005138e-09
2.950000000000001e-06	9.971899e-10
2.950014633158349e-06	9.902387e-10
2.950043899475046e-06	9.658536e-10
2.950050969686246e-06	9.670106e-10
2.950059964270206e-06	9.804522e-10
2.950072382710509e-06	1.000825e-09
2.950088565623112e-06	1.014076e-09
2.950120931448319e-06	1.017977e-09
2.950159670092865e-06	1.014857e-09
2.950205237924293e-06	1.011246e-09
2.950263541722322e-06	1.008803e-09
2.950342994743189e-06	1.007128e-09
2.950444019361690e-06	1.006153e-09
2.950574514487815e-06	1.005607e-09
2.950740201346962e-06	1.005304e-09
2.950961362778875e-06	1.005097e-09
2.951259697034069e-06	1.004966e-09
2.951691299872410e-06	1.004944e-09
2.952287549267385e-06	1.005026e-09
2.952866229961868e-06	1.005091e-09
2.953550427838759e-06	1.005135e-09
2.954291567935757e-06	1.005156e-09
2.955355416953693e-06	1.005150e-09
2.956324560336752e-06	1.005138e-09
2.957564153165999e-06	1.005135e-09
2.958692510948349e-06	1.005139e-09
2.959877798599445e-06	1.005140e-09
2.961531956614631e-06	1.005138e-09
2.963185264303057e-06	1.005138e-09
2.964705631279710e-06	1.005138e-09
2.966867243509272e-06	1.005138e-09
2.971190467968398e-06	1.005138e-09
2.975354963496229e-06	1.005138e-09
2.980237775996229e-06	1.005138e-09
3.047194301892452e-06	1.005138e-09
3.050000000100000e-06	1.005138e-09
3.054882812600000e-06	1.005141e-09
3.055117187600001e-06	1.005140e-09
3.055585937600002e-06	1.005137e-09
3.056523437600005e-06	1.005137e-09
3.058125000099995e-06	1.005138e-09
3.060000000100001e-06	8.960258e-10
3.060004875698957e-06	8.862946e-10
3.060014626896869e-06	9.949281e-10
3.060017024684541e-06	1.073829e-09
3.060019885526836e-06	1.133280e-09
3.060024291651501e-06	1.121396e-09
3.060028878872527e-06	1.091841e-09
3.060037222574512e-06	1.053504e-09
3.060049688152039e-06	1.023011e-09
3.060070488559227e-06	1.007843e-09
3.060112089373604e-06	1.004683e-09
3.060181730325074e-06	1.005347e-09
3.060321012228014e-06	1.005314e-09
3.060599576033893e-06	1.005184e-09
3.060982061365731e-06	1.005148e-09
3.061555112081645e-06	1.005134e-09
3.062641753410275e-06	1.005133e-09
3.063729389990390e-06	1.005133e-09
3.065184322312235e-06	1.005136e-09
3.067205785883744e-06	1.005137e-09
3.069677989742171e-06	1.005138e-09
3.074198893090873e-06	1.005138e-09
3.079081705590873e-06	1.005138e-09
3.083964518090873e-06	1.005138e-09
3.088847330590872e-06	1.005138e-09
3.093730143090872e-06	1.005138e-09
3.103495768090872e-06	1.005138e-09
3.108378580590872e-06	1.005138e-09
3.113261393090871e-06	1.005138e-09
3.118144205590871e-06	1.005138e-09
3.195117187500001e-06	1.005138e-09
3.200000000000001e-06	2.368884e-05
3.200014263178088e-06	1.888778e-05
3.200042789534263e-06	5.513688e-06
3.200049691408027e-06	1.977884e-06
3.200058428113157e-06	-3.278592e-06
3.200075901523418e-06	-4.203234e-06
3.200100551820227e-06	-7.081180e-07
3.200149852413844e-06	-1.334146e-06
3.200248453601078e-06	-5.516434e-07
3.200445655975545e-06	-6.059595e-07
3.200715327579111e-06	-3.171571e-07
3.201079556050031e-06	9.591983e-06
3.201151285923603e-06	2.308915e-06
3.201169218391996e-06	-3.913583e-08
3.201205083328782e-06	-1.094965e-07
3.201276813202354e-06	-7.625383e-08
3.201294745670747e-06	-6.994616e-08
3.201299228787846e-06	-6.771949e-08
3.201308195022042e-06	-5.958672e-08
3.201326127490435e-06	-4.433564e-08
3.201361992427221e-06	-2.473326e-08
3.201433722300793e-06	-5.310288e-09
3.201577182047938e-06	1.521477e-08
3.201864101542227e-06	3.838240e-08
3.202437940530805e-06	5.428027e-08
3.203493537242105e-06	4.388301e-08
3.205106305425884e-06	8.476606e-09
3.206986242645104e-06	-1.838538e-08
3.208876021455843e-06	-2.401167e-08
3.210349172901554e-06	-1.967140e-08
3.212080295230904e-06	-1.233573e-08
3.214128632959425e-06	-5.785544e-09
3.216671584548702e-06	-1.613830e-09
3.220096002626095e-06	3.216157e-10
3.224978815126094e-06	8.149964e-10
3.229861627626094e-06	-9.699883e-10
3.232991790504221e-06	4.532291e-09
3.233325324502508e-06	6.394943e-09
3.233992392499081e-06	-1.989961e-08
3.234153019584479e-06	-7.295259e-08
3.234193176355829e-06	-1.235660e-07
3.234273489898528e-06	-3.372879e-07
3.234434116983926e-06	-1.337775e-06
3.234755371154722e-06	-5.800432e-06
3.234939522353034e-06	-1.211579e-05
3.235108751350782e-06	-2.767943e-05
3.235232065899856e-06	-5.591996e-05
3.235365269811272e-06	-1.093608e-04
3.235519677950606e-06	-1.935030e-04
3.235625200855204e-06	2.523964e-04
3.235767439506633e-06	2.951618e-03
3.235785172918941e-06	5.548191e-03
3.235820639743555e-06	2.387245e-02
3.235866407961146e-06	7.086695e-02
3.235875169536452e-06	8.927435e-02
3.235892692687063e-06	1.628721e-01
3.235914137311737e-06	3.231104e-01
3.235934219704739e-06	5.446708e-01
3.235950944043138e-06	7.707667e-01
3.235963232755355e-06	9.575287e-01
3.235965113724778e-06	9.905303e-01
3.235968875663624e-06	1.068417e+00
3.235974715127328e-06	1.213697e+00
3.235979944268369e-06	1.378712e+00
3.235986453653470e-06	1.617175e+00
3.235989165234069e-06	1.703790e+00
3.235991784766885e-06	1.754183e+00
3.235994856368156e-06	1.780066e+00
3.235998237917938e-06	1.790799e+00
3.236001842966129e-06	1.795288e+00
3.236007174453799e-06	1.798056e+00
3.236014643167216e-06	1.799208e+00
3.236021701631945e-06	1.799453e+00
3.236032679834198e-06	1.799744e+00
3.236047680269820e-06	1.800028e+00
3.236071636056803e-06	1.800169e+00
3.236101402561147e-06	1.800183e+00
3.236157685597732e-06	1.800177e+00
3.236259012346622e-06	1.800159e+00
3.236461665844403e-06	1.800131e+00
3.236866972839964e-06	1.800081e+00
3.236966848748989e-06	1.800074e+00
3.237166600567039e-06	1.800067e+00
3.237216538521551e-06	1.800064e+00
3.237341383407832e-06	1.800058e+00
3.237403805850972e-06	1.800055e+00
3.237447501561171e-06	1.800054e+00
3.237522408492939e-06	1.800051e+00
3.237622284401964e-06	1.800047e+00
3.237822036220013e-06	1.800041e+00
3.238221539856113e-06	1.800031e+00
3.238853627094835e-06	1.800021e+00
3.239579245543313e-06	1.800014e+00
3.240929018217778e-06	1.800007e+00
3.242811606792887e-06	1.800002e+00
3.244835256403292e-06	1.800001e+00
3.247109966439464e-06	1.800000e+00
3.249996692023012e-06	1.800000e+00
3.254531904735270e-06	1.800000e+00
3.259414717235270e-06	1.800000e+00
3.263038824568012e-06	1.800000e+00
3.263528889494903e-06	1.800000e+00
3.264018954421795e-06	1.800000e+00
3.264509019348687e-06	1.800000e+00
3.264999084275579e-06	1.800000e+00
3.265489149202471e-06	1.800000e+00
3.265979214129363e-06	1.800000e+00
3.266469279056255e-06	1.800000e+00
3.268201419574830e-06	1.800000e+00
3.270231721044461e-06	1.800000e+00
3.272916375532949e-06	1.800000e+00
3.277799188032949e-06	1.800000e+00
3.282682000532949e-06	1.800000e+00
3.287564813032949e-06	1.800000e+00
3.292447625532948e-06	1.800000e+00
3.295117187600001e-06	1.800000e+00
3.300000000100000e-06	1.799710e+00
3.300012087557269e-06	1.799854e+00
3.300036262471807e-06	1.800285e+00
3.300042224739931e-06	1.800184e+00
3.300049303452271e-06	1.800060e+00
3.300059634040661e-06	1.800077e+00
3.300070388900802e-06	1.800046e+00
3.300087336162437e-06	1.800041e+00
3.300113928857655e-06	1.800019e+00
3.300148748132436e-06	1.800011e+00
3.300215759839521e-06	1.800002e+00
3.300308615759207e-06	1.800001e+00
3.300479005416470e-06	1.800000e+00
3.300683791749355e-06	1.800000e+00
3.300969425735534e-06	1.800000e+00
3.301341869901740e-06	1.800000e+00
3.301972335926217e-06	1.800000e+00
3.303021481122616e-06	1.800000e+00
3.303998334655994e-06	1.800000e+00
3.305323904593911e-06	1.800000e+00
3.306862522540664e-06	1.800000e+00
3.308065161901670e-06	1.800000e+00
3.309415711097336e-06	1.800000e+00
3.310747292526395e-06	1.800000e+00
3.311430743914405e-06	1.800000e+00
3.311936453579222e-06	1.800000e+00
3.312400760453568e-06	1.800000e+00
3.312979613200102e-06	1.800000e+00
3.313340867384423e-06	1.800000e+00
3.313722537902994e-06	1.800000e+00
3.314144798602336e-06	1.800000e+00
3.314740426091803e-06	1.800000e+00
3.315447605202908e-06	1.800000e+00
3.316199647207395e-06	1.800000e+00
3.317153156158021e-06	1.800000e+00
3.318416444588437e-06	1.800000e+00
3.320424922577625e-06	1.800000e+00
3.323497472329380e-06	1.800000e+00
3.326884540934430e-06	1.800000e+00
3.331767353434430e-06	1.800000e+00
3.336650165934430e-06	1.800000e+00
3.341532978434429e-06	1.800000e+00
3.345117187500001e-06	1.800000e+00
3.350000000000001e-06	1.799980e+00
3.350009536743165e-06	1.799986e+00
3.350028610229493e-06	1.800001e+00
3.350033271863698e-06	1.800000e+00
3.350038845095054e-06	1.800000e+00
3.350049512675946e-06	1.800000e+00
3.350059491193273e-06	1.800000e+00
3.350078469073538e-06	1.800000e+00
3.350107069714906e-06	1.800000e+00
3.350151861075368e-06	1.800000e+00
3.350241443796294e-06	1.800000e+00
3.350385136770800e-06	1.800000e+00
3.350520365350729e-06	1.800000e+00
3.350769520202973e-06	1.800000e+00
3.351016520757158e-06	1.800000e+00
3.351229181702725e-06	1.800000e+00
3.351433959244268e-06	1.800000e+00
3.351655624805610e-06	1.800000e+00
3.351956180842628e-06	1.800000e+00
3.352237201309311e-06	1.800000e+00
3.352541709774205e-06	1.800000e+00
3.352879435389373e-06	1.800000e+00
3.353217804626835e-06	1.800000e+00
3.353598095510230e-06	1.800000e+00
3.353943631883613e-06	1.800000e+00
3.354317780538385e-06	1.800000e+00
3.354770538814077e-06	1.800000e+00
3.355251656275783e-06	1.800000e+00
3.355786481153947e-06	1.800000e+00
3.356374210267523e-06	1.800000e+00
3.356970665918368e-06	1.800000e+00
3.357674976087078e-06	1.800000e+00
3.358417647471609e-06	1.800000e+00
3.359201617765822e-06	1.800000e+00
3.360172022197186e-06	1.800000e+00
3.361240510816043e-06	1.800000e+00
3.362480333668761e-06	1.800000e+00
3.364192072010043e-06	1.800000e+00
3.365804126182752e-06	1.800000e+00
3.368218420755737e-06	1.800000e+00
3.370687658074077e-06	1.800000e+00
3.373965978221173e-06	1.800000e+00
3.378848790721173e-06	1.800000e+00
3.383731603221172e-06	1.800000e+00
3.388614415721172e-06	1.800000e+00
3.393497228221172e-06	1.800000e+00
3.398380040721172e-06	1.800000e+00
3.403262853221172e-06	1.800000e+00
3.408145665721171e-06	1.800000e+00
3.413028478221171e-06	1.800000e+00
3.417911290721171e-06	1.800000e+00
3.422794103221171e-06	1.800000e+00
3.437442540721170e-06	1.800000e+00
3.442325353221170e-06	1.800000e+00
3.445117187500001e-06	1.800000e+00
3.450000000000001e-06	1.800000e+00
3.450011730429562e-06	1.800000e+00
3.450035191288683e-06	1.800000e+00
3.450041023535898e-06	1.800000e+00
3.450048147967242e-06	1.800000e+00
3.450056151672844e-06	1.800000e+00
3.450072159084049e-06	1.800000e+00
3.450091125478967e-06	1.800000e+00
3.450126008966513e-06	1.800000e+00
3.450181265746312e-06	1.800000e+00
3.450291779305910e-06	1.800000e+00
3.450464446671807e-06	1.800000e+00
3.450661845832382e-06	1.800000e+00
3.450860329412651e-06	1.800000e+00
3.451110531122874e-06	1.800000e+00
3.451420084059377e-06	1.800000e+00
3.451757473979478e-06	1.800000e+00
3.452268804522424e-06	1.800000e+00
3.453031389377467e-06	1.800000e+00
3.454056275628089e-06	1.800000e+00
3.455105542376864e-06	1.800000e+00
3.456593586289372e-06	1.800000e+00
3.457512682048622e-06	1.800000e+00
3.458263412142543e-06	1.800000e+00
3.459142425494216e-06	1.800000e+00
3.460090817585478e-06	1.800000e+00
3.460727841890274e-06	1.800000e+00
3.461139932540965e-06	1.800000e+00
3.461479999841237e-06	1.800000e+00
3.461865009947611e-06	1.800000e+00
3.462280320414876e-06	1.800000e+00
3.462547772612821e-06	1.800000e+00
3.462918518518797e-06	1.800000e+00
3.463261530104647e-06	1.800000e+00
3.463733011484339e-06	1.800000e+00
3.464291049603878e-06	1.800000e+00
3.464966776893425e-06	1.800000e+00
3.465777093377220e-06	1.800000e+00
3.466870937447878e-06	1.800000e+00
3.468248693149415e-06	1.800000e+00
3.470764525821784e-06	1.800000e+00
3.473198578086456e-06	1.800000e+00
3.475948963276348e-06	1.800000e+00
3.480831775776348e-06	1.800000e+00
3.485714588276347e-06	1.800000e+00
3.490597400776347e-06	1.800000e+00
3.495480213276347e-06	1.800000e+00
3.500363025776347e-06	1.800000e+00
3.505245838276347e-06	1.800000e+00
3.545117187600000e-06	1.800000e+00
3.546734886247311e-06	1.800000e+00
3.546824035921514e-06	1.800000e+00
3.546942902153783e-06	1.800000e+00
3.547180634618323e-06	1.800000e+00
3.548607029405561e-06	1.800000e+00
3.550000000100000e-06	1.800000e+00
3.552785941488879e-06	1.800000e+00
3.555117187600001e-06	1.800000e+00
3.555337507877757e-06	1.800000e+00
3.555778148433269e-06	1.800000e+00
3.556659429544293e-06	1.800000e+00
3.558237437877952e-06	1.800000e+00
3.560000000100001e-06	1.800000e+00
3.560004907362597e-06	1.800000e+00
3.560014721887790e-06	1.800000e+00
3.560017113073576e-06	1.800000e+00
3.560020062956779e-06	1.800000e+00
3.560025962723184e-06	1.800000e+00
3.560032876006892e-06	1.800000e+00
3.560046702574308e-06	1.800000e+00
3.560070873016873e-06	1.800000e+00
3.560098640945344e-06	1.800000e+00
3.560154176802284e-06	1.800000e+00
3.560265248516164e-06	1.800000e+00
3.560472379713548e-06	1.800000e+00
3.560775461042339e-06	1.800000e+00
3.561285354941794e-06	1.800000e+00
3.561827987823556e-06	1.800000e+00
3.562767870943171e-06	1.800000e+00
3.564078873114347e-06	1.800000e+00
3.565478848679412e-06	1.800000e+00
3.567444708951957e-06	1.800000e+00
3.570676727466059e-06	1.800000e+00
3.574672172721634e-06	1.800000e+00
3.579554985221633e-06	1.800000e+00
3.584437797721633e-06	1.800000e+00
3.695117187500001e-06	1.800000e+00
3.700000000000001e-06	1.797973e+00
3.700009536743165e-06	1.798747e+00
3.700028610229493e-06	1.801686e+00
3.700033385678616e-06	1.800440e+00
3.700038973405714e-06	1.799016e+00
3.700045479295264e-06	1.799742e+00
3.700052526494864e-06	1.799901e+00
3.700062793822260e-06	1.799909e+00
3.700074198999454e-06	1.799987e+00
3.700090826938198e-06	1.800337e+00
3.700093606576508e-06	1.800272e+00
3.700099165853127e-06	1.799941e+00
3.700100555672282e-06	1.799943e+00
3.700103335310592e-06	1.799980e+00
3.700108894587211e-06	1.799983e+00
3.700110284406366e-06	1.799984e+00
3.700113064044675e-06	1.799988e+00
3.700113758954253e-06	1.799988e+00
3.700115148773407e-06	1.799988e+00
3.700117928411717e-06	1.799989e+00
3.700123487688336e-06	1.799990e+00
3.700134606241575e-06	1.799993e+00
3.700156843348052e-06	1.799996e+00
3.700201317561006e-06	1.800001e+00
3.700290265986914e-06	1.800006e+00
3.700402562256374e-06	1.800009e+00
3.700522410106216e-06	1.800010e+00
3.700669651732947e-06	1.800009e+00
3.700874933794906e-06	1.800009e+00
3.701208534251338e-06	1.800007e+00
3.701814961810877e-06	1.800005e+00
3.703027816929954e-06	1.800003e+00
3.704713740690035e-06	1.800001e+00
3.705810010192132e-06	1.800002e+00
3.705962081123863e-06	1.800002e+00
3.706266222987325e-06	1.800003e+00
3.706777597675540e-06	1.800010e+00
3.706862085945177e-06	1.800022e+00
3.707031062484451e-06	1.800053e+00
3.707162795227537e-06	1.798108e+00
3.707249077434800e-06	1.785822e+00
3.707313119648412e-06	1.748509e+00
3.707375989145076e-06	1.680253e+00
3.707424693756461e-06	1.619913e+00
3.707475850797891e-06	1.542025e+00
3.707497512794842e-06	1.470063e+00
3.707522520728041e-06	1.299799e+00
3.707543123788418e-06	1.044498e+00
3.707559741779939e-06	7.095407e-01
3.707578223535273e-06	2.552065e-01
3.707587126314630e-06	8.851341e-02
3.707596093667606e-06	1.875323e-02
3.707605533361688e-06	3.480258e-03
3.707614550239534e-06	1.820108e-03
3.707626804521197e-06	1.145135e-03
3.707651313084523e-06	6.120377e-04
3.707680457967406e-06	3.923459e-04
3.707716625910898e-06	2.936259e-04
3.707761886445028e-06	2.289075e-04
3.707852407513287e-06	1.640473e-04
3.707964875338301e-06	9.292777e-05
3.708037631086030e-06	3.859839e-05
3.708127275626531e-06	-8.615301e-06
3.708189984428365e-06	-1.360093e-05
3.708271630791566e-06	-1.036400e-05
3.708366248317633e-06	-9.333416e-06
3.708549797661568e-06	-7.360001e-06
3.708916774255598e-06	-4.457596e-06
3.709386504035127e-06	-2.278900e-06
3.709812909865756e-06	-1.273712e-06
3.710311498763751e-06	1.344018e-05
3.710363219130432e-06	2.608895e-06
3.710376149222102e-06	-4.966807e-07
3.710402009405443e-06	-5.317324e-07
3.710422328120924e-06	-5.187501e-07
3.710442646836406e-06	-5.059033e-07
3.710462965551888e-06	-4.931919e-07
3.710483284267370e-06	-4.806161e-07
3.710503602982851e-06	-4.681757e-07
3.710523921698333e-06	-4.558708e-07
3.710544240413815e-06	-4.437015e-07
3.710647681147176e-06	-3.889930e-07
3.710854562613899e-06	-3.015297e-07
3.711268325547345e-06	-1.768675e-07
3.711688279947689e-06	-9.994437e-08
3.712408325808871e-06	-3.770213e-08
3.713628153204743e-06	-1.614128e-10
3.716067807996487e-06	1.337581e-08
3.719524888263507e-06	1.061140e-08
3.724407700763507e-06	3.996634e-09
3.729290513263507e-06	1.229156e-09
3.734173325763507e-06	9.606334e-10
3.743938950763507e-06	9.779968e-10
3.753704575763506e-06	9.926433e-10
3.768353013263506e-06	1.001903e-09
3.797856020005117e-06	1.004924e-09
3.800000000100000e-06	-5.325199e-05
3.800006383216647e-06	-2.118747e-05
3.800019149449941e-06	7.510271e-05
3.800022231811992e-06	3.917095e-05
3.800026134035682e-06	-1.199059e-05
3.800033938483063e-06	-3.065391e-06
3.800049034242741e-06	-1.086060e-06
3.800076870140440e-06	-2.376803e-07
3.800119367896818e-06	-5.954311e-08
3.800168608261951e-06	3.768983e-09
3.800220292531285e-06	-7.792151e-09
3.800287601518871e-06	7.227599e-09
3.800377706356407e-06	-4.896730e-09
3.800521885370478e-06	4.813086e-09
3.800769801246106e-06	5.930880e-10
3.801036767724820e-06	1.890275e-09
3.801365107657952e-06	-1.851190e-10
3.801851420786225e-06	1.411287e-09
3.802433438424703e-06	5.194645e-10
3.803201025177482e-06	1.432992e-09
3.804274328896142e-06	6.399673e-10
3.805909879207305e-06	1.147749e-09
3.807966838442306e-06	8.682991e-10
3.810706065374669e-06	9.981563e-10
3.813395693081604e-06	8.774301e-10
3.817270809679692e-06	1.042485e-09
3.821716332647118e-06	9.821429e-10
3.826599145147117e-06	1.004111e-09
3.836364770147117e-06	1.003841e-09
3.845117187500001e-06	1.063473e-09
3.850000000000000e-06	2.240902e-07
3.850009536743164e-06	1.522143e-07
3.850028610229492e-06	-8.587944e-09
3.850033383647871e-06	-4.961081e-09
3.850039026504626e-06	2.694579e-09
3.850048881123871e-06	7.314219e-10
3.850061391282502e-06	1.206708e-09
3.850084534249397e-06	9.615745e-10
3.850120385023231e-06	1.039541e-09
3.850174102252768e-06	9.952598e-10
3.850251484810104e-06	1.016478e-09
3.850366462110430e-06	9.996758e-10
3.850544890752074e-06	1.008821e-09
3.850802577844833e-06	1.003221e-09
3.851148841265829e-06	1.006623e-09
3.851653130093928e-06	1.004663e-09
3.852197128953346e-06	1.005304e-09
3.852784622993100e-06	1.005270e-09
3.853348675574757e-06	1.005353e-09
3.853933800454666e-06	1.005011e-09
3.854558041708590e-06	1.005458e-09
3.855259483552144e-06	1.004991e-09
3.855990376938842e-06	1.005311e-09
3.856788310776717e-06	1.004552e-09
3.857888539411002e-06	1.005051e-09
3.858916208134783e-06	1.004961e-09
3.860068142859223e-06	1.005432e-09
3.861522303199448e-06	1.005217e-09
3.862879691739669e-06	1.005451e-09
3.864695173117120e-06	1.005111e-09
3.866561126947883e-06	1.005442e-09
3.869420401625247e-06	1.005019e-09
3.873032918481798e-06	1.005224e-09
3.877498656182581e-06	1.005107e-09
3.882381468682581e-06	1.005138e-09
3.887264281182581e-06	1.005138e-09
3.892147093682581e-06	1.005138e-09
3.897029906182580e-06	1.005138e-09
3.901912718682580e-06	1.005138e-09
3.906795531182580e-06	1.005138e-09
3.911678343682580e-06	1.005138e-09
3.916561156182580e-06	1.005138e-09
3.921443968682579e-06	1.005138e-09
3.926326781182579e-06	1.005138e-09
3.931209593682579e-06	1.005138e-09
3.936092406182579e-06	1.005138e-09
3.940975218682579e-06	1.005079e-09
3.945117187500000e-06	1.005079e-09
3.950000000000000e-06	6.772742e-10
3.950014556274150e-06	7.795038e-10
3.950043668822449e-06	9.947068e-10
3.950050702570804e-06	9.922242e-10
3.950059649868721e-06	9.931239e-10
3.950071610355708e-06	1.004172e-09
3.950088061802891e-06	1.008381e-09
3.950120964697257e-06	1.010873e-09
3.950171696160270e-06	1.009543e-09
3.950224264691215e-06	1.008094e-09
3.950303044448290e-06	1.006698e-09
3.950407106248275e-06	1.005949e-09
3.950589349183064e-06	1.005387e-09
3.950818994996407e-06	1.005176e-09
3.951131657953691e-06	1.005054e-09
3.951464425517664e-06	1.005023e-09
3.951911361200209e-06	1.005029e-09
3.952592015237711e-06	1.005085e-09
3.953247839260364e-06	1.005119e-09
3.954172871679745e-06	1.005153e-09
3.955289366077641e-06	1.005155e-09
3.956470956124173e-06	1.005138e-09
3.957642301209798e-06	1.005132e-09
3.958954711965031e-06	1.005138e-09
3.960410994822580e-06	1.005138e-09
3.962228694281555e-06	1.005140e-09
3.965864093199504e-06	1.005138e-09
3.969868777355281e-06	1.005138e-09
3.974751589855281e-06	1.005138e-09
3.979634402355280e-06	1.005138e-09
3.984517214855280e-06	1.005138e-09
3.989400027355280e-06	1.005138e-09
3.994282839855280e-06	1.005138e-09
3.999165652355280e-06	1.005138e-09
4.008931277355279e-06	1.005138e-09
4.047728288631665e-06	1.005139e-09
4.050000000100000e-06	1.005137e-09
4.054543423036670e-06	1.005131e-09
4.055117187600000e-06	1.005134e-09
4.056264716726660e-06	1.005138e-09
4.057704941846680e-06	1.005137e-09
4.060000000100000e-06	9.003497e-10
4.060006206034479e-06	9.064030e-10
4.060018617903438e-06	1.074677e-09
4.060021652256615e-06	1.141546e-09
4.060025335315057e-06	1.157416e-09
4.060032701431943e-06	1.087997e-09
4.060039957163643e-06	1.046115e-09
4.060054468627043e-06	1.016879e-09
4.060080489520754e-06	1.004144e-09
4.060114059981618e-06	1.004056e-09
4.060181200903344e-06	1.004976e-09
4.060315482746796e-06	1.005153e-09
4.060584046433701e-06	1.005138e-09
4.060975740623900e-06	1.005148e-09
4.061646758092385e-06	1.005132e-09
4.062912665549746e-06	1.005134e-09
4.064095961833970e-06	1.005134e-09
4.065868816275133e-06	1.005137e-09
4.068064528040702e-06	1.005137e-09
4.071499894824907e-06	1.005138e-09
4.076382707324907e-06	1.005138e-09
4.081265519824907e-06	1.005138e-09
4.188687394824903e-06	1.005138e-09
4.193570207324902e-06	1.005140e-09
4.196906039649804e-06	1.005137e-09
4.200000000000000e-06	2.587417e-05
4.200009536743164e-06	4.387266e-05
4.200009674745751e-06	3.738757e-05
4.200009950750926e-06	1.572651e-05
4.200010502761275e-06	-5.606476e-06
4.200011606781974e-06	-1.338466e-05
4.200013814823371e-06	-2.803686e-06
4.200018230906165e-06	1.161795e-05
4.200027063071754e-06	1.304190e-05
4.200044591294587e-06	4.985573e-06
4.200064018024755e-06	1.451583e-06
4.200097465620329e-06	3.252928e-07
4.200143200027705e-06	-1.033100e-07
4.200217319977372e-06	-3.703053e-07
4.200330393335441e-06	-5.655718e-07
4.200551910119012e-06	-5.265804e-07
4.200776795950402e-06	-4.012876e-07
4.201226567613182e-06	-2.070869e-07
4.201899465562385e-06	-6.650775e-08
4.203245261460793e-06	1.864795e-08
4.204838672663732e-06	1.971230e-08
4.207278068492164e-06	-3.322595e-09
4.210813445729560e-06	-1.365986e-08
4.215696258229559e-06	-1.452488e-08
4.220579070729559e-06	-1.243861e-08
4.225461883229559e-06	-9.196292e-09
4.230344695729559e-06	-6.364917e-09
4.235227508229559e-06	-4.152781e-09
4.240110320729558e-06	-2.560927e-09
4.244993133229558e-06	-1.430486e-09
4.249875945729558e-06	-6.503065e-10
4.254758758229558e-06	-1.130118e-10
4.259641570729558e-06	2.521858e-10
4.264524383229557e-06	4.995258e-10
4.269407195729557e-06	6.665424e-10
4.274290008229557e-06	7.783640e-10
4.279172820729557e-06	8.535608e-10
4.284055633229557e-06	9.031353e-10
4.288938445729556e-06	9.367547e-10
4.295117187600000e-06	7.157699e-10
4.297408141359112e-06	1.009064e-09
4.300000000100000e-06	-4.270436e-05
4.300007433813548e-06	-1.519132e-05
4.300022301240643e-06	5.524735e-05
4.300025909042031e-06	2.188410e-05
4.300030432149421e-06	-1.747419e-05
4.300039478364199e-06	-2.674113e-06
4.300053394155151e-06	-1.163495e-06
4.300081225737054e-06	-1.449294e-07
4.300120763461188e-06	-4.030113e-08
4.300157619170245e-06	2.698620e-08
4.300201762279741e-06	-1.529625e-08
4.300251580796027e-06	2.402701e-08
4.300319680785249e-06	-1.027588e-08
4.300404198640507e-06	1.407050e-08
4.300529504066292e-06	-9.820644e-09
4.300751158236010e-06	1.899085e-09
4.300985894701135e-06	-6.416246e-11
4.301240172507496e-06	2.816340e-09
4.301541049798703e-06	-2.210200e-09
4.302000117219384e-06	3.330684e-09
4.302750215729685e-06	4.336793e-11
4.303770066887318e-06	2.043114e-09
4.305447679554991e-06	3.415071e-10
4.308316067158606e-06	9.984817e-10
4.311159965627271e-06	1.081303e-09
4.313788781825401e-06	1.138937e-09
4.316813403396786e-06	9.123992e-10
4.320194114316410e-06	1.247304e-09
4.325076926816410e-06	1.003400e-09
4.329959739316410e-06	1.002121e-09
4.339725364316409e-06	1.002121e-09
4.344608176816409e-06	5.618093e-09
4.346135208867184e-06	-1.298754e-10
4.347963957265634e-06	1.151516e-09
4.350000000000001e-06	7.514128e-07
4.350000994161492e-06	6.069631e-07
4.350002982484475e-06	1.209515e-07
4.350003479823009e-06	6.122627e-08
4.350004079659463e-06	4.119191e-08
4.350005279332370e-06	1.994959e-08
4.350007108385483e-06	7.164366e-09
4.350010766491709e-06	1.613120e-09
4.350016568638808e-06	7.443720e-10
4.350023013839141e-06	8.095509e-10
4.350031994686832e-06	8.910377e-10
4.350044817024185e-06	1.017843e-09
4.350067311402397e-06	1.073886e-09
4.350088585025819e-06	1.060846e-09
4.350124635518488e-06	1.028946e-09
4.350169044885063e-06	1.016390e-09
4.350252013126511e-06	1.009437e-09
4.350351569171228e-06	1.007188e-09
4.350510021687201e-06	1.006013e-09
4.350686755648995e-06	1.005552e-09
4.350934303341351e-06	1.005003e-09
4.351207478521577e-06	1.004707e-09
4.351604099847028e-06	1.004660e-09
4.352139211558320e-06	1.004894e-09
4.352715021143121e-06	1.005049e-09
4.353257936397110e-06	1.005181e-09
4.353831037855021e-06	1.005271e-09
4.354458990290393e-06	1.005256e-09
4.354942090969924e-06	1.005177e-09
4.355499429692540e-06	1.005076e-09
4.356028043234471e-06	1.005044e-09
4.356694074043113e-06	1.005092e-09
4.357396095975780e-06	1.005147e-09
4.358167929422962e-06	1.005181e-09
4.358978905668353e-06	1.005156e-09
4.359843909435232e-06	1.005125e-09
4.360826585657789e-06	1.005119e-09
4.361926173823925e-06	1.005144e-09
4.363066290378575e-06	1.005145e-09
4.364482526881269e-06	1.005135e-09
4.365918584064917e-06	1.005131e-09
4.367810195489302e-06	1.005141e-09
4.369720827159364e-06	1.005136e-09
4.372452030589249e-06	1.005137e-09
4.375280922380518e-06	1.005137e-09
4.379328625947177e-06	1.005139e-09
4.384211438447177e-06	1.005138e-09
4.389094250947177e-06	1.005138e-09
4.393977063447177e-06	1.005138e-09
4.398859875947177e-06	1.005138e-09
4.403742688447176e-06	1.005138e-09
4.408625500947176e-06	1.005138e-09
4.413508313447176e-06	1.005138e-09
4.418391125947176e-06	1.005138e-09
4.423273938447176e-06	1.005138e-09
4.428156750947175e-06	1.005138e-09
4.433039563447175e-06	1.005138e-09
4.437922375947175e-06	1.005138e-09
4.442805188447175e-06	1.005142e-09
4.445117187500001e-06	1.005077e-09
4.445376001894349e-06	1.005103e-09
4.445893630683044e-06	1.005154e-09
4.446928888260435e-06	1.005139e-09
4.447929484845219e-06	1.004915e-09
4.448137450800863e-06	1.005196e-09
4.448414738741722e-06	1.005111e-09
4.448969314623439e-06	1.005151e-09
4.450000000000001e-06	1.007817e-09
4.450003129743152e-06	1.004916e-09
4.450009389229453e-06	9.928385e-10
4.450010898229704e-06	9.891540e-10
4.450012823695171e-06	9.831713e-10
4.450016674626104e-06	9.715115e-10
4.450024376487969e-06	9.565637e-10
4.450035699922334e-06	9.544240e-10
4.450051216143719e-06	9.738523e-10
4.450068570144812e-06	9.993564e-10
4.450092623124651e-06	1.017571e-09
4.450122827456374e-06	1.020444e-09
4.450164215948540e-06	1.015851e-09
4.450215777278703e-06	1.011521e-09
4.450285449545476e-06	1.008627e-09
4.450370432077645e-06	1.006990e-09
4.450478534916453e-06	1.006070e-09
4.450606829781933e-06	1.005591e-09
4.450780958096604e-06	1.005291e-09
4.451025520198822e-06	1.005067e-09
4.451411509690824e-06	1.004930e-09
4.452016554691677e-06	1.004966e-09
4.452599430641967e-06	1.005056e-09
4.453229658271790e-06	1.005113e-09
4.453946169345538e-06	1.005152e-09
4.454769228751082e-06	1.005160e-09
4.455748098469518e-06	1.005143e-09
4.456724008054826e-06	1.005133e-09
4.458251136890249e-06	1.005137e-09
4.459972258912161e-06	1.005142e-09
4.461835578421335e-06	1.005138e-09
4.464058932132655e-06	1.005137e-09
4.466326704785349e-06	1.005138e-09
4.468711205834546e-06	1.005138e-09
4.473480207932939e-06	1.005138e-09
4.478363020432939e-06	1.005138e-09
4.483245832932939e-06	1.005138e-09
4.488128645432939e-06	1.005138e-09
4.493011457932939e-06	1.005138e-09
4.497894270432938e-06	1.005138e-09
4.502777082932938e-06	1.005138e-09
4.508825669313947e-06	1.005138e-09
4.514874255694956e-06	1.005138e-09
4.520922842075965e-06	1.005138e-09
4.526971428456974e-06	1.005138e-09
4.533020014837983e-06	1.005138e-09
4.539068601218991e-06	1.005138e-09
4.545117187600001e-06	1.005138e-09
4.550000000100000e-06	1.005138e-09
4.554882812600000e-06	1.005139e-09
4.555117187600000e-06	1.005139e-09
4.555585937600001e-06	1.005138e-09
4.556523437600002e-06	1.005137e-09
4.558125000099998e-06	1.005139e-09
4.560000000100000e-06	8.985666e-10
4.560004812928807e-06	8.873897e-10
4.560014438586420e-06	9.855338e-10
4.560016809637159e-06	1.062302e-09
4.560019621569793e-06	1.123413e-09
4.560023721796128e-06	1.117815e-09
4.560028030916231e-06	1.092616e-09
4.560035631516774e-06	1.057887e-09
4.560046497645821e-06	1.028783e-09
4.560066530227777e-06	1.010432e-09
4.560106595391688e-06	1.005009e-09
4.560170896581402e-06	1.005441e-09
4.560299498960829e-06	1.005427e-09
4.560556703719683e-06	1.005214e-09
4.560926793946796e-06	1.005155e-09
4.561436017362321e-06	1.005133e-09
4.562309623501990e-06	1.005133e-09
4.563521867584283e-06	1.005133e-09
4.564687163624545e-06	1.005136e-09
4.566763834409723e-06	1.005137e-09
4.569182749797148e-06	1.005138e-09
4.574020580571997e-06	1.005138e-09
4.578903393071997e-06	1.005138e-09
4.583786205571997e-06	1.005138e-09
4.588669018071997e-06	1.005138e-09
4.598434643071996e-06	1.005138e-09
4.603317455571996e-06	1.005138e-09
4.608200268071996e-06	1.005138e-09
4.613083080571996e-06	1.005138e-09
4.617965893071996e-06	1.005138e-09
4.695117187500001e-06	1.005138e-09
4.700000000000001e-06	2.559852e-05
4.700014244521530e-06	2.089050e-05
4.700042733564589e-06	5.859682e-06
4.700049627154508e-06	1.653951e-06
4.700058352342836e-06	-3.972616e-06
4.700074913031178e-06	-4.788215e-06
4.700099148455135e-06	-9.751999e-07
4.700147619303051e-06	-1.472813e-06
4.700244560998882e-06	-6.588122e-07
4.700438444390542e-06	-7.004286e-07
4.700713350972926e-06	-3.808515e-07
4.701077621844404e-06	9.390408e-06
4.701150333151936e-06	2.240759e-06
4.701168510978819e-06	-6.986414e-08
4.701204866632585e-06	-1.360337e-07
4.701213955546027e-06	-1.289659e-07
4.701232133372910e-06	-1.072662e-07
4.701245766743073e-06	-9.086384e-08
4.701263944569956e-06	-7.198002e-08
4.701300300223722e-06	-4.925446e-08
4.701373011531254e-06	-2.773601e-08
4.701518434146319e-06	-3.713661e-09
4.701809279376450e-06	2.500302e-08
4.702390969836712e-06	4.693490e-08
4.703471919752141e-06	4.191862e-08
4.705262295285784e-06	7.405807e-09
4.706954482813267e-06	-1.535922e-08
4.709329671773991e-06	-2.295838e-08
4.711249377766914e-06	-1.799552e-08
4.713015846785413e-06	-1.071128e-08
4.715046503087562e-06	-4.607597e-09
4.717677243465043e-06	-9.527469e-10
4.721694630031918e-06	1.374967e-09
4.722304981594418e-06	1.429065e-09
4.723525684719418e-06	1.390616e-09
4.723830860500669e-06	1.630266e-09
4.724441212063168e-06	-1.519284e-07
4.725100059155878e-06	-1.386206e-06
4.725241598218162e-06	-3.700341e-06
4.725524676342731e-06	-1.712225e-05
4.725662095062439e-06	-3.709590e-05
4.725774917997222e-06	-7.723604e-05
4.725904673520778e-06	-1.566329e-04
4.726041865499926e-06	-2.470904e-04
4.726147530374008e-06	8.727964e-03
4.726266643944954e-06	4.301357e-02
4.726277047837252e-06	5.593322e-02
4.726297855621848e-06	1.220077e-01
4.726318069209722e-06	2.329938e-01
4.726321269313790e-06	2.613626e-01
4.726327669521926e-06	3.383879e-01
4.726340469938198e-06	5.146112e-01
4.726354852168414e-06	7.358589e-01
4.726370472952518e-06	1.014420e+00
4.726378648388940e-06	1.201987e+00
4.726384905136127e-06	1.390944e+00
4.726392654019830e-06	1.653606e+00
4.726395571099788e-06	1.730449e+00
4.726398816722313e-06	1.772399e+00
4.726402282776576e-06	1.788687e+00
4.726405563735992e-06	1.794144e+00
4.726410100955442e-06	1.797368e+00
4.726415968548255e-06	1.798917e+00
4.726423504604848e-06	1.799362e+00
4.726432660585804e-06	1.799614e+00
4.726445370444981e-06	1.799921e+00
4.726464956392951e-06	1.800137e+00
4.726490367743880e-06	1.800185e+00
4.726533018260232e-06	1.800183e+00
4.726618319292935e-06	1.800169e+00
4.726783998101240e-06	1.800142e+00
4.727115355717849e-06	1.800104e+00
4.727440943209229e-06	1.800078e+00
4.727825961705259e-06	1.800048e+00
4.727881473359273e-06	1.800054e+00
4.727895351272776e-06	1.800056e+00
4.727907494447091e-06	1.800056e+00
4.727910963925467e-06	1.800056e+00
4.727917902882218e-06	1.800056e+00
4.727919637621405e-06	1.800056e+00
4.727923107099781e-06	1.800056e+00
4.727930046056533e-06	1.800056e+00
4.727943923970036e-06	1.800056e+00
4.727971679797042e-06	1.800054e+00
4.728027191451056e-06	1.800051e+00
4.728138214759081e-06	1.800046e+00
4.728360261375131e-06	1.800038e+00
4.728804354607233e-06	1.800027e+00
4.729297547470665e-06	1.800020e+00
4.730236427428411e-06	1.800012e+00
4.732114187343903e-06	1.800004e+00
4.734211700424935e-06	1.800001e+00
4.737186226710522e-06	1.800000e+00
4.740926325534402e-06	1.800000e+00
4.745809138034402e-06	1.800000e+00
4.750691950534401e-06	1.800000e+00
4.755574763034401e-06	1.800000e+00
4.760457575534401e-06	1.800000e+00
4.765340388034401e-06	1.800000e+00
4.770223200534401e-06	1.800000e+00
4.775106013034400e-06	1.800000e+00
4.779988825534400e-06	1.800000e+00
4.784871638034400e-06	1.800000e+00
4.789754450534400e-06	1.800000e+00
4.794637263034400e-06	1.800000e+00
4.796077036731203e-06	1.800000e+00
4.797996734993607e-06	1.800000e+00
4.800000000100000e-06	1.799218e+00
4.800005034696340e-06	1.799458e+00
4.800015103889018e-06	1.800616e+00
4.800017577793297e-06	1.800503e+00
4.800020586557997e-06	1.800174e+00
4.800024611197346e-06	1.800173e+00
4.800029052647044e-06	1.800147e+00
4.800037935546439e-06	1.800115e+00
4.800051817496672e-06	1.800080e+00
4.800073741949583e-06	1.800046e+00
4.800098849286757e-06	1.800026e+00
4.800148869984846e-06	1.800010e+00
4.800247982520382e-06	1.800001e+00
4.800435037332364e-06	1.800000e+00
4.800619605103275e-06	1.800000e+00
4.800872658951477e-06	1.800000e+00
4.801166729633117e-06	1.800000e+00
4.801679507761300e-06	1.800000e+00
4.802377953323528e-06	1.800000e+00
4.803348536870250e-06	1.800000e+00
4.804456171564100e-06	1.800000e+00
4.805870504600609e-06	1.800000e+00
4.807210148132435e-06	1.800000e+00
4.808666393597196e-06	1.800000e+00
4.809366369271645e-06	1.800000e+00
4.809876610289318e-06	1.800000e+00
4.810482430820368e-06	1.800000e+00
4.810993858206802e-06	1.800000e+00
4.811389327345069e-06	1.800000e+00
4.811844738025466e-06	1.800000e+00
4.812525401173214e-06	1.800000e+00
4.813251780817222e-06	1.800000e+00
4.814073764550909e-06	1.800000e+00
4.815056761086078e-06	1.800000e+00
4.816507895600874e-06	1.800000e+00
4.818750132311520e-06	1.800000e+00
4.823234605732813e-06	1.800000e+00
4.828070291688142e-06	1.800000e+00
4.832953104188142e-06	1.800000e+00
4.837835916688141e-06	1.800000e+00
4.842718729188141e-06	1.800000e+00
4.845117187500001e-06	1.800000e+00
4.845203083376281e-06	1.800000e+00
4.845374875128840e-06	1.800000e+00
4.845718458633959e-06	1.800000e+00
4.846405625644197e-06	1.800000e+00
4.847779959664672e-06	1.800000e+00
4.850000000000001e-06	1.799999e+00
4.850001084004071e-06	1.799999e+00
4.850003252012211e-06	1.800000e+00
4.850003793642484e-06	1.800000e+00
4.850004446503849e-06	1.800000e+00
4.850005752226579e-06	1.800000e+00
4.850007255064761e-06	1.800000e+00
4.850010260741125e-06	1.800000e+00
4.850016272093854e-06	1.800000e+00
4.850025566041466e-06	1.800000e+00
4.850035925595460e-06	1.800000e+00
4.850050415209098e-06	1.800000e+00
4.850071568156527e-06	1.800000e+00
4.850113874051384e-06	1.800000e+00
4.850198485841099e-06	1.800000e+00
4.850318688669651e-06	1.800000e+00
4.850443194478832e-06	1.800000e+00
4.850638683231084e-06	1.800000e+00
4.850859536142225e-06	1.800000e+00
4.851109342025541e-06	1.800000e+00
4.851349589024936e-06	1.800000e+00
4.851543267318500e-06	1.800000e+00
4.851758700185112e-06	1.800000e+00
4.851985355623200e-06	1.800000e+00
4.852181129286392e-06	1.800000e+00
4.852419877919296e-06	1.800000e+00
4.852687856347498e-06	1.800000e+00
4.853055100584811e-06	1.800000e+00
4.853429585923326e-06	1.800000e+00
4.853845264898217e-06	1.800000e+00
4.854319991856868e-06	1.800000e+00
4.854822694172396e-06	1.800000e+00
4.855394204334931e-06	1.800000e+00
4.856080578028464e-06	1.800000e+00
4.856766020773795e-06	1.800000e+00
4.857389939996418e-06	1.800000e+00
4.858156871453985e-06	1.800000e+00
4.858978277426770e-06	1.800000e+00
4.859847936556960e-06	1.800000e+00
4.861119059398928e-06	1.800000e+00
4.862275094427641e-06	1.800000e+00
4.863749814173008e-06	1.800000e+00
4.865364266151062e-06	1.800000e+00
4.867336642872477e-06	1.800000e+00
4.869775916188126e-06	1.800000e+00
4.873014432643768e-06	1.800000e+00
4.876761533942579e-06	1.800000e+00
4.881644346442579e-06	1.800000e+00
4.886527158942578e-06	1.800000e+00
4.891409971442578e-06	1.800000e+00
4.896292783942578e-06	1.800000e+00
4.901175596442578e-06	1.800000e+00
4.906058408942578e-06	1.800000e+00
4.910941221442577e-06	1.800000e+00
4.915824033942577e-06	1.800000e+00
4.920706846442577e-06	1.800000e+00
4.925589658942577e-06	1.800000e+00
4.930472471442577e-06	1.800000e+00
4.935355283942576e-06	1.800000e+00
4.940238096442576e-06	1.800000e+00
4.945120908942576e-06	1.800000e+00
4.950000000000001e-06	1.800000e+00
4.950013306213825e-06	1.800000e+00
4.950039918641472e-06	1.800000e+00
4.950046419283484e-06	1.800000e+00
4.950054561329749e-06	1.800000e+00
4.950064314450742e-06	1.800000e+00
4.950083444508304e-06	1.800000e+00
4.950105985404329e-06	1.800000e+00
4.950150005864591e-06	1.800000e+00
4.950226945161435e-06	1.800000e+00
4.950380823755125e-06	1.800000e+00
4.950546277883453e-06	1.800000e+00
4.950731642011718e-06	1.800000e+00
4.951019814755789e-06	1.800000e+00
4.951299457349711e-06	1.800000e+00
4.951634734501277e-06	1.800000e+00
4.952089738204772e-06	1.800000e+00
4.952791634703957e-06	1.800000e+00
4.953555215625592e-06	1.800000e+00
4.954414029508266e-06	1.800000e+00
4.955322302147809e-06	1.800000e+00
4.956526812530250e-06	1.800000e+00
4.957514202402256e-06	1.800000e+00
4.958787542796599e-06	1.800000e+00
4.959498452652632e-06	1.800000e+00
4.959944984925536e-06	1.800000e+00
4.960524627337415e-06	1.800000e+00
4.960892769657765e-06	1.800000e+00
4.961244282151756e-06	1.800000e+00
4.961628012154806e-06	1.800000e+00
4.962176109305210e-06	1.800000e+00
4.962820557760830e-06	1.800000e+00
4.963538973898437e-06	1.800000e+00
4.964438832856176e-06	1.800000e+00
4.965592245154030e-06	1.800000e+00
4.967155670223843e-06	1.800000e+00
4.969293353761533e-06	1.800000e+00
4.971855106820165e-06	1.800000e+00
4.974675280423534e-06	1.800000e+00
4.979558092923533e-06	1.800000e+00
4.984440905423533e-06	1.800000e+00
4.989323717923533e-06	1.800000e+00
4.994206530423533e-06	1.800000e+00
4.996938501652936e-06	1.800000e+00
5.000000000000000e-06	1.800000e+00
