time	V(comp_out)
0.000000000000000e+00	1.005148e-09
2.000000000000000e-18	1.005148e-09
3.940000000000000e-16	1.005231e-09
5.900000000000000e-16	1.005263e-09
2.299100000000001e-13	1.024275e-09
4.592300000000003e-13	1.040851e-09
6.885500000000004e-13	1.054993e-09
9.178700000000004e-13	1.066699e-09
1.147190000000000e-12	1.075970e-09
1.376510000000001e-12	1.082805e-09
1.605830000000000e-12	1.087206e-09
1.806534000000000e-12	1.091148e-09
2.207942000000000e-12	1.094140e-09
3.010758000000000e-12	1.095873e-09
3.211462000000000e-12	1.095384e-09
3.612870000000001e-12	1.092994e-09
4.415686000000000e-12	1.086837e-09
6.021318000000000e-12	1.073312e-09
9.232582000000001e-12	1.050576e-09
1.565511000000000e-11	1.023578e-09
2.850016600000000e-11	1.002398e-09
4.672365507724925e-11	9.959625e-10
7.163994891675439e-11	9.971239e-10
1.034901709591037e-10	9.997252e-10
1.447235247478512e-10	1.002085e-09
1.963433326248462e-10	1.003692e-09
2.685370195502590e-10	1.004618e-09
3.802182700404762e-10	1.005036e-09
5.487710251200066e-10	1.005142e-09
7.725176139738047e-10	1.005148e-09
1.012661826176581e-09	1.005148e-09
1.314946225286659e-09	1.005148e-09
1.753773503499714e-09	1.005148e-09
2.497763743241706e-09	1.005148e-09
3.285379325557202e-09	1.005153e-09
3.305883276492164e-09	1.005151e-09
3.346891178362088e-09	1.005148e-09
3.377647104764531e-09	1.005148e-09
3.418655006634455e-09	1.005148e-09
3.428906982101936e-09	1.005148e-09
3.454536920770638e-09	1.005148e-09
3.464788896238119e-09	1.005148e-09
3.485292847173081e-09	1.005148e-09
3.526300749043004e-09	1.005148e-09
3.608316552782852e-09	1.005148e-09
3.772348160262548e-09	1.005148e-09
4.100411375221938e-09	1.005148e-09
4.756537805140718e-09	1.005148e-09
5.489693255472226e-09	1.005148e-09
6.377262421990192e-09	1.005148e-09
7.073689420036007e-09	1.005148e-09
8.153794490030892e-09	1.005148e-09
9.179111655184547e-09	1.005148e-09
1.035804417511203e-08	1.005148e-09
1.051170558939930e-08	1.005148e-09
1.081902841797384e-08	1.005148e-09
1.087641545568598e-08	1.005148e-09
1.089076221511402e-08	1.005148e-09
1.091945573397009e-08	1.005148e-09
1.094097587311214e-08	1.005148e-09
1.096966939196821e-08	1.005148e-09
1.102705642968036e-08	1.005148e-09
1.114183050510464e-08	1.005148e-09
1.137137865595322e-08	1.005148e-09
1.183047495765036e-08	1.005148e-09
1.237307156413003e-08	1.005148e-09
1.327847836180474e-08	1.005148e-09
1.506463540352482e-08	1.005148e-09
1.766096993799499e-08	1.005148e-09
2.010943458484792e-08	1.005148e-09
2.336367256359190e-08	1.005148e-09
2.743692556951201e-08	1.005148e-09
3.114647073583034e-08	1.005148e-09
3.567276065976079e-08	1.005148e-09
4.055557315976079e-08	1.005148e-09
4.543838565976079e-08	1.005148e-09
5.032119815976079e-08	1.005148e-09
5.520401065976079e-08	1.005148e-09
6.008682315976078e-08	1.005148e-09
6.496963565976078e-08	1.005148e-09
6.985244815976078e-08	1.005148e-09
7.473526065976078e-08	1.005148e-09
7.961807315976078e-08	1.005148e-09
8.450088565976078e-08	1.005148e-09
8.938369815976078e-08	1.005148e-09
9.426651065976078e-08	1.005148e-09
9.681854148047845e-08	1.005148e-09
1.000000001000000e-07	1.005148e-09
1.007412029644712e-07	1.005148e-09
1.010865688064453e-07	1.005148e-09
1.023621794788779e-07	1.005148e-09
1.036377901513106e-07	1.005148e-09
1.049134008237433e-07	1.005148e-09
1.061890114961760e-07	1.005148e-09
1.074646221686086e-07	1.005148e-09
1.087402328410413e-07	1.005148e-09
1.100158435134740e-07	1.005148e-09
1.988002941237727e-07	1.005148e-09
2.000000000000000e-07	1.005148e-09
2.000000000100000e-07	1.813522e-05
2.000000003700000e-07	1.055327e-03
2.000000005500000e-07	1.265707e-03
2.000000136642863e-07	1.232827e-03
2.000000267785725e-07	1.200788e-03
2.000000398928587e-07	1.169589e-03
2.000000530071449e-07	1.139231e-03
2.000000661214312e-07	1.109713e-03
2.000000792357174e-07	1.081036e-03
2.000000923500036e-07	1.053200e-03
2.000001845100072e-07	8.764166e-04
2.000003688300144e-07	6.047933e-04
2.000007374700287e-07	2.699154e-04
2.000014747500574e-07	-1.223726e-05
2.000029493101148e-07	-1.201535e-04
2.000058984302296e-07	-7.518521e-05
2.000105132943679e-07	-2.101572e-05
2.000197430226446e-07	1.888056e-07
2.000382024791979e-07	1.911339e-06
2.000751213923046e-07	3.373635e-07
2.001489592185180e-07	1.273485e-07
2.002650796488872e-07	6.702388e-08
2.004973205096255e-07	6.360016e-08
2.008333139352050e-07	1.587978e-09
2.015053007863640e-07	-5.286253e-08
2.025852757240365e-07	-1.059507e-07
2.039411874813831e-07	-1.575819e-07
2.057499299989654e-07	-2.625250e-07
2.090804886251298e-07	-5.695243e-07
2.139633011251298e-07	-2.393251e-06
2.158868686204877e-07	-4.990857e-06
2.178266016760099e-07	-9.545280e-06
2.198637933325703e-07	-4.117825e-06
2.215578236109034e-07	1.089916e-03
2.233083641375007e-07	6.561468e-03
2.237057751721587e-07	1.507770e-02
2.245005972414747e-07	5.408317e-02
2.246869700310278e-07	7.729819e-02
2.250597156101339e-07	1.604748e-01
2.251064817599687e-07	1.819136e-01
2.252000140596382e-07	2.511949e-01
2.252233971345555e-07	2.746720e-01
2.252701632843903e-07	3.314546e-01
2.252818548218490e-07	3.466204e-01
2.253052378967664e-07	3.797418e-01
2.253520040466011e-07	4.522029e-01
2.253636955840598e-07	4.739730e-01
2.253870786589772e-07	5.256146e-01
2.253929244277065e-07	5.410163e-01
2.254046159651652e-07	5.833722e-01
2.254279990400826e-07	7.030922e-01
2.254400114417333e-07	7.903431e-01
2.254430145421460e-07	8.210397e-01
2.254490207429713e-07	9.012764e-01
2.254563872420466e-07	1.028968e+00
2.254621525664072e-07	1.163919e+00
2.254666648138767e-07	1.306107e+00
2.254717063586753e-07	1.499662e+00
2.254755590886138e-07	1.649847e+00
2.254778838537831e-07	1.716959e+00
2.254812561110699e-07	1.767052e+00
2.254844135887560e-07	1.785954e+00
2.254878815349076e-07	1.792905e+00
2.254917591251584e-07	1.796373e+00
2.254978061858422e-07	1.798683e+00
2.255045356296881e-07	1.799379e+00
2.255125169049074e-07	1.799541e+00
2.255238473316803e-07	1.799796e+00
2.255410659397289e-07	1.800068e+00
2.255642029350076e-07	1.800174e+00
2.255969664753105e-07	1.800178e+00
2.256563773000632e-07	1.800172e+00
2.257695034502453e-07	1.800152e+00
2.259957557506095e-07	1.800123e+00
2.260523188257006e-07	1.800116e+00
2.261654449758827e-07	1.800103e+00
2.261937265134282e-07	1.800100e+00
2.262644303572920e-07	1.800094e+00
2.262997822792239e-07	1.800091e+00
2.263129129930843e-07	1.800090e+00
2.263260437069447e-07	1.800089e+00
2.263391744208052e-07	1.800088e+00
2.263523051346656e-07	1.800087e+00
2.263654358485260e-07	1.800086e+00
2.263785665623864e-07	1.800085e+00
2.263916972762468e-07	1.800084e+00
2.264482603513379e-07	1.800081e+00
2.265613865015200e-07	1.800074e+00
2.267876388018842e-07	1.800062e+00
2.271782871305417e-07	1.800047e+00
2.275922118888762e-07	1.800035e+00
2.282123325923436e-07	1.800024e+00
2.292498068605096e-07	1.800013e+00
2.305815152024314e-07	1.800006e+00
2.321420541388461e-07	1.800003e+00
2.341132123859876e-07	1.800001e+00
2.361116562905385e-07	1.800000e+00
2.383829239092105e-07	1.800000e+00
2.414199530055652e-07	1.800000e+00
2.463027655055652e-07	1.800000e+00
2.511855780055652e-07	1.800000e+00
2.560683905055652e-07	1.800000e+00
2.609512030055652e-07	1.800000e+00
2.639488988788467e-07	1.800000e+00
2.645879848048178e-07	1.800000e+00
2.652270707307890e-07	1.800000e+00
2.658661566567602e-07	1.800000e+00
2.665052425827313e-07	1.800000e+00
2.671443285087025e-07	1.800000e+00
2.677834144346737e-07	1.800000e+00
2.684225003606449e-07	1.800000e+00
2.702686564707976e-07	1.800000e+00
2.726942721758876e-07	1.800000e+00
2.775455035860674e-07	1.800000e+00
2.824283160860674e-07	1.800001e+00
2.873111285860675e-07	1.800000e+00
2.921939410860675e-07	1.800000e+00
2.951171876000000e-07	1.800000e+00
2.962664896151131e-07	1.800000e+00
2.977013960697739e-07	1.800000e+00
3.000000001000000e-07	1.799322e+00
3.000058092476671e-07	1.799554e+00
3.000174275430014e-07	1.800588e+00
3.000202782755193e-07	1.800467e+00
3.000237732284531e-07	1.800169e+00
3.000288913888406e-07	1.800179e+00
3.000344537111870e-07	1.800146e+00
3.000455783558799e-07	1.800109e+00
3.000572273022496e-07	1.800079e+00
3.000787713269361e-07	1.800045e+00
3.001007440635770e-07	1.800025e+00
3.001446895368589e-07	1.800011e+00
3.002316120826296e-07	1.800003e+00
3.003916930736563e-07	1.800001e+00
3.006741440506111e-07	1.800000e+00
3.009769141928518e-07	1.800000e+00
3.013118016179333e-07	1.800000e+00
3.017106396505601e-07	1.800000e+00
3.022037103668833e-07	1.800000e+00
3.029096844680388e-07	1.800000e+00
3.037417716542992e-07	1.800000e+00
3.046696964156209e-07	1.800000e+00
3.056624737844612e-07	1.800000e+00
3.069940130207271e-07	1.800000e+00
3.083375523134094e-07	1.800000e+00
3.095774808521498e-07	1.800000e+00
3.113773014585070e-07	1.800000e+00
3.134677915718702e-07	1.800000e+00
3.160408279361067e-07	1.800000e+00
3.181254461774629e-07	1.800000e+00
3.206008642870444e-07	1.800000e+00
3.217747165802278e-07	1.800000e+00
3.229907447197309e-07	1.800000e+00
3.242183675879602e-07	1.800000e+00
3.254876811106134e-07	1.800000e+00
3.263227087321996e-07	1.800000e+00
3.270151911522895e-07	1.800000e+00
3.277162169581554e-07	1.800000e+00
3.284772108847418e-07	1.800000e+00
3.289462015449539e-07	1.800000e+00
3.295213106203096e-07	1.800000e+00
3.301281893775810e-07	1.800000e+00
3.309079781060906e-07	1.800000e+00
3.317583828105413e-07	1.800000e+00
3.327486202574074e-07	1.800000e+00
3.339290259304854e-07	1.800000e+00
3.355252781197849e-07	1.800000e+00
3.380382125065242e-07	1.800000e+00
3.406375022864523e-07	1.800000e+00
3.445674563967372e-07	1.800000e+00
3.451269123920604e-07	1.800000e+00
3.462458243827068e-07	1.800000e+00
3.477621760187072e-07	1.800000e+00
3.500000000000000e-07	1.799998e+00
3.500000000110000e-07	1.799998e+00
3.500000000120000e-07	1.799998e+00
3.500000002773752e-07	1.799998e+00
3.510000002773752e-07	1.799999e+00
3.520000002773752e-07	1.800000e+00
3.530000002773752e-07	1.800000e+00
3.540000002773753e-07	1.800000e+00
3.556155951174186e-07	1.800000e+00
3.572596534804056e-07	1.800000e+00
3.597338084397580e-07	1.800000e+00
3.624831932006026e-07	1.800000e+00
3.667225856823279e-07	1.800000e+00
3.716053981823279e-07	1.800000e+00
3.764882106823279e-07	1.800000e+00
4.500000000000000e-07	1.800000e+00
4.500000000100001e-07	1.800000e+00
4.500000000300000e-07	1.800000e+00
4.500000000310000e-07	1.800000e+00
4.500000000330000e-07	1.800000e+00
4.500000003010002e-07	1.800000e+00
4.500000004350003e-07	1.800000e+00
4.500000199990124e-07	1.800000e+00
4.500000395630245e-07	1.800000e+00
4.500000591270366e-07	1.800000e+00
4.500000786910487e-07	1.800000e+00
4.500000982550607e-07	1.800000e+00
4.500001178190728e-07	1.800000e+00
4.500001373830849e-07	1.800000e+00
4.500002745991698e-07	1.800000e+00
4.500005490313395e-07	1.800000e+00
4.500010978956789e-07	1.800000e+00
4.500021956243577e-07	1.800000e+00
4.500043910817153e-07	1.800000e+00
4.500078458646938e-07	1.800000e+00
4.500111099982452e-07	1.800000e+00
4.500153350991977e-07	1.800000e+00
4.500200292689479e-07	1.800000e+00
4.500265001319083e-07	1.800000e+00
4.500339783538667e-07	1.800000e+00
4.500443573872783e-07	1.800000e+00
4.500574642905401e-07	1.800000e+00
4.500779112837023e-07	1.800000e+00
4.501096909520292e-07	1.800000e+00
4.501732502886830e-07	1.800000e+00
4.503003689619905e-07	1.800000e+00
4.504870612264566e-07	1.800000e+00
4.506717011380594e-07	1.800000e+00
4.508971195543426e-07	1.800000e+00
4.511513949410106e-07	1.800000e+00
4.514572791042249e-07	1.800000e+00
4.517813545534582e-07	1.800000e+00
4.522643140709650e-07	1.800000e+00
4.529374838719737e-07	1.800000e+00
4.540460458145237e-07	1.800000e+00
4.550482535060733e-07	1.800000e+00
4.566119579482468e-07	1.800000e+00
4.576501215962655e-07	1.800000e+00
4.585756598360705e-07	1.800000e+00
4.594490738521368e-07	1.800000e+00
4.602004128913039e-07	1.800000e+00
4.610330509103128e-07	1.800000e+00
4.620631193586884e-07	1.800000e+00
4.625700621989423e-07	1.800000e+00
4.629433746080171e-07	1.800000e+00
4.633164595918223e-07	1.800000e+00
4.637433842071795e-07	1.800000e+00
4.640103467425628e-07	1.800000e+00
4.643325241768620e-07	1.800000e+00
4.646757850174259e-07	1.800000e+00
4.651443417051466e-07	1.800000e+00
4.657074347458633e-07	1.800000e+00
4.663206118751777e-07	1.800000e+00
4.671010896990083e-07	1.800000e+00
4.680692326818218e-07	1.800000e+00
4.693933591206087e-07	1.800000e+00
4.711149984799186e-07	1.800000e+00
4.730805366510510e-07	1.800000e+00
4.754503871262560e-07	1.800000e+00
4.790325923398839e-07	1.800000e+00
4.839154048398839e-07	1.800000e+00
4.887982173398839e-07	1.800000e+00
4.936810298398839e-07	1.800000e+00
4.985638423398839e-07	1.800000e+00
5.034466548398839e-07	1.800000e+00
5.132122798398840e-07	1.800000e+00
5.451171876000001e-07	1.800000e+00
5.500000001000001e-07	1.800000e+00
5.512055881772341e-07	1.800000e+00
5.517460621270343e-07	1.800000e+00
5.521271765534479e-07	1.800000e+00
5.525802641107455e-07	1.800000e+00
5.534864392253407e-07	1.800000e+00
5.551171342396488e-07	1.800000e+00
5.573647195599534e-07	1.800000e+00
5.600000001000000e-07	1.800000e+00
5.600074643637489e-07	1.800000e+00
5.600223928912467e-07	1.800000e+00
5.600260179711700e-07	1.800000e+00
5.600305265915954e-07	1.800000e+00
5.600395438324461e-07	1.800000e+00
5.600537080275019e-07	1.800000e+00
5.600759315966045e-07	1.800000e+00
5.601169774168815e-07	1.800000e+00
5.601790594722392e-07	1.800000e+00
5.603032235829546e-07	1.800000e+00
5.605515518043856e-07	1.800000e+00
5.609655895062443e-07	1.800000e+00
5.617461461768419e-07	1.800000e+00
5.632248716218760e-07	1.800000e+00
5.646195582678340e-07	1.800000e+00
5.668737915267871e-07	1.800000e+00
5.699624116237832e-07	1.800000e+00
5.745990570232432e-07	1.800000e+00
5.918159328056370e-07	1.800000e+00
6.090328085880308e-07	1.800000e+00
6.262496843704247e-07	1.800000e+00
6.434665601528186e-07	1.800000e+00
6.606834359352124e-07	1.800000e+00
6.779003117176063e-07	1.800000e+00
6.951171875000001e-07	1.800000e+00
7.000000000000001e-07	1.790173e+00
7.000011920928955e-07	1.788207e+00
7.000035762786866e-07	1.792443e+00
7.000041690386964e-07	1.798332e+00
7.000048898510781e-07	1.803954e+00
7.000061755700641e-07	1.805421e+00
7.000073809420152e-07	1.804687e+00
7.000097916859173e-07	1.802851e+00
7.000139732352317e-07	1.801022e+00
7.000209076157777e-07	1.799776e+00
7.000284711681349e-07	1.799449e+00
7.000403432250540e-07	1.799547e+00
7.000582205387832e-07	1.799843e+00
7.000743177983780e-07	1.800050e+00
7.000896144148685e-07	1.800167e+00
7.001069875046444e-07	1.800235e+00
7.001113307770883e-07	1.800237e+00
7.001124165951994e-07	1.800236e+00
7.001145882314213e-07	1.800235e+00
7.001189315038653e-07	1.800236e+00
7.001200173219763e-07	1.800236e+00
7.001221889581983e-07	1.800237e+00
7.001265322306423e-07	1.800236e+00
7.001352187755302e-07	1.800197e+00
7.001525918653061e-07	1.799389e+00
7.001873380448578e-07	1.793260e+00
7.002116905238712e-07	1.780622e+00
7.002297374438414e-07	1.757743e+00
7.002448992164004e-07	1.716209e+00
7.002588700830710e-07	1.636723e+00
7.002790201298331e-07	1.426785e+00
7.002970732886407e-07	1.106358e+00
7.003080274104521e-07	7.857433e-01
7.003172243139329e-07	4.287060e-01
7.003235700890695e-07	1.974098e-01
7.003290081629861e-07	7.394882e-02
7.003353895523142e-07	1.609310e-02
7.003406401813928e-07	3.688267e-03
7.003482100126898e-07	1.273350e-03
7.003567436845338e-07	7.555640e-04
7.003738110282218e-07	5.522610e-04
7.004079457155980e-07	3.710497e-04
7.004582897960497e-07	2.667579e-04
7.005283387669435e-07	1.934975e-04
7.006058522015267e-07	1.506401e-04
7.006898806172470e-07	9.773560e-05
7.007498298414121e-07	4.809763e-05
7.008340932518757e-07	-4.652568e-06
7.008951252790650e-07	-1.200194e-05
7.009741128037240e-07	-8.722713e-06
7.010565716114847e-07	-7.858755e-06
7.012214892270062e-07	-6.200478e-06
7.015114890339381e-07	-4.100237e-06
7.018949109110573e-07	-2.447690e-06
7.022893841167857e-07	-1.472246e-06
7.027841307608388e-07	-8.360362e-07
7.034232829219148e-07	-3.876331e-07
7.042417239255878e-07	-1.664927e-07
7.052793558809808e-07	-2.107270e-05
7.054605049250393e-07	-1.650127e-05
7.058228030131563e-07	1.551651e-08
7.059133775351856e-07	1.201792e-08
7.060945265792442e-07	-1.034000e-08
7.064115374063466e-07	-6.603642e-09
7.067738354944636e-07	-3.227818e-09
7.074984316706977e-07	1.009146e-09
7.089367798781859e-07	5.115396e-09
7.107166926878081e-07	7.059936e-09
7.142765183070527e-07	8.337204e-09
7.191593308070527e-07	8.849855e-09
7.240421433070527e-07	7.979185e-09
7.289249558070527e-07	5.981295e-09
7.338077683070527e-07	4.016869e-09
7.386905808070527e-07	2.785601e-09
7.435733933070527e-07	2.107816e-09
7.484562058070527e-07	1.710279e-09
7.533390183070528e-07	1.463524e-09
7.582218308070528e-07	1.304114e-09
7.631046433070528e-07	1.201003e-09
7.679874558070528e-07	1.133316e-09
7.728702683070528e-07	1.089248e-09
7.777530808070528e-07	1.060237e-09
7.826358933070528e-07	1.041312e-09
7.875187058070528e-07	1.028845e-09
7.951171876000000e-07	1.017195e-09
8.000000001000000e-07	-2.935107e-05
8.000095368431641e-07	-8.589087e-06
8.000286103294922e-07	2.840108e-05
8.000333970980635e-07	1.306512e-06
8.000391316750266e-07	-1.993342e-05
8.000506008289527e-07	-7.012066e-07
8.000735391368049e-07	-8.944648e-07
8.001194157525095e-07	3.674758e-08
8.001743333146819e-07	-8.237358e-08
8.002433307719716e-07	4.968592e-08
8.003255044974370e-07	-7.821412e-08
8.004569046729012e-07	5.780881e-08
8.007007773780128e-07	-8.099718e-09
8.009828903841404e-07	4.934488e-09
8.012844993637400e-07	-1.551495e-08
8.017349550495608e-07	5.263184e-09
8.022501326003219e-07	-3.335523e-09
8.028566381162850e-07	5.566396e-09
8.036042214784476e-07	-5.006620e-09
8.046932321779154e-07	5.230188e-09
8.062991832022644e-07	-3.051953e-10
8.081861694370406e-07	2.127503e-09
8.103998138150335e-07	-4.681531e-10
8.132859663600057e-07	2.312696e-09
8.172177649026100e-07	3.210995e-10
8.221005774026100e-07	1.018520e-09
8.269833899026100e-07	1.015451e-09
8.451171875000001e-07	-1.275466e-10
8.500000000000001e-07	-2.899748e-06
8.500095367431641e-07	-1.962785e-06
8.500286102294923e-07	1.242240e-07
8.500333862706212e-07	7.551709e-08
8.500390666452042e-07	-2.387832e-08
8.500496163140665e-07	4.205083e-09
8.500626917428662e-07	-1.642107e-09
8.500888426004656e-07	1.702233e-09
8.501296972576061e-07	6.631182e-10
8.501914495200498e-07	1.185409e-09
8.502798811024212e-07	8.522274e-10
8.504314331778054e-07	1.069206e-09
8.506512197925398e-07	9.622557e-10
8.509721544590615e-07	1.031317e-09
8.514228951133493e-07	9.939877e-10
8.519668176900279e-07	1.010433e-09
8.525708638334707e-07	1.009896e-09
8.531158558023474e-07	1.013250e-09
8.537615291421708e-07	1.003493e-09
8.544311573398460e-07	1.014065e-09
8.552877415619495e-07	1.008481e-09
8.560587398765633e-07	1.015583e-09
8.571601202897698e-07	1.006207e-09
8.582124140393970e-07	1.010911e-09
8.595756657130023e-07	1.000282e-09
8.613942827623846e-07	1.004730e-09
8.631601542751920e-07	1.000214e-09
8.658041040569859e-07	1.005736e-09
8.686162058338115e-07	1.002727e-09
8.724167796403337e-07	1.006656e-09
8.772995921403337e-07	1.005135e-09
8.821824046403337e-07	1.005141e-09
8.870652171403337e-07	1.005135e-09
8.919480296403338e-07	1.005141e-09
8.968308421403338e-07	1.005135e-09
9.017136546403338e-07	1.005141e-09
9.065964671403338e-07	1.005135e-09
9.114792796403338e-07	1.005141e-09
9.163620921403338e-07	1.005135e-09
9.212449046403338e-07	1.005141e-09
9.246552307631433e-07	1.005170e-09
9.280655568859528e-07	1.005157e-09
9.314758830087622e-07	1.005104e-09
9.348862091315717e-07	1.005010e-09
9.382965352543812e-07	1.004875e-09
9.417068613771907e-07	1.004699e-09
9.451171875000001e-07	1.004482e-09
9.500000000000001e-07	-4.106736e-09
9.500145089721580e-07	-2.438009e-09
9.500435269164738e-07	1.133033e-09
9.500505383280970e-07	1.071434e-09
9.500594564900107e-07	9.691045e-10
9.500734242001636e-07	1.011670e-09
9.500896830225451e-07	9.984721e-10
9.501222006673081e-07	1.010422e-09
9.501872359568341e-07	1.006827e-09
9.502543835138256e-07	1.007357e-09
9.503706284580244e-07	1.005228e-09
9.505511471751943e-07	1.005538e-09
9.508139287528532e-07	1.005164e-09
9.510581533802689e-07	1.005300e-09
9.514514289927702e-07	1.004939e-09
9.521168674293590e-07	1.005104e-09
9.528264806222011e-07	1.005087e-09
9.536953944292184e-07	1.005180e-09
9.548269953039626e-07	1.005144e-09
9.560182820790937e-07	1.005149e-09
9.573399104342857e-07	1.005132e-09
9.586964678045634e-07	1.005157e-09
9.603860640200772e-07	1.005117e-09
9.627725232045264e-07	1.005157e-09
9.665020139634229e-07	1.005130e-09
9.713848264634229e-07	1.005138e-09
9.762676389634229e-07	1.005138e-09
9.811504514634229e-07	1.005138e-09
9.860332639634229e-07	1.005138e-09
9.909160764634229e-07	1.005138e-09
9.957988889634229e-07	1.005138e-09
1.000681701463423e-06	1.005138e-09
1.048058229419463e-06	1.005137e-09
1.050000000100000e-06	1.005107e-09
1.053883541461075e-06	1.005073e-09
1.055117187600000e-06	1.005090e-09
1.057584479877850e-06	1.005137e-09
1.060000000100000e-06	9.331067e-10
1.060006719973461e-06	9.357306e-10
1.060020159720383e-06	1.095923e-09
1.060023432132542e-06	1.153776e-09
1.060027463163473e-06	1.153580e-09
1.060035525225335e-06	1.074539e-09
1.060045573324715e-06	1.029187e-09
1.060065465619220e-06	1.007806e-09
1.060105250208229e-06	1.003406e-09
1.060155644153959e-06	1.004804e-09
1.060256432045417e-06	1.004969e-09
1.060458007828335e-06	1.005113e-09
1.060821019173595e-06	1.005129e-09
1.061376964995698e-06	1.005143e-09
1.062488856639905e-06	1.005134e-09
1.063852403511292e-06	1.005136e-09
1.065399693305885e-06	1.005136e-09
1.067601522122036e-06	1.005139e-09
1.070629543438717e-06	1.005137e-09
1.074748543904248e-06	1.005138e-09
1.079631356404248e-06	1.005138e-09
1.089396981404248e-06	1.005138e-09
1.187053231404248e-06	1.005138e-09
1.195117187500000e-06	1.005137e-09
1.200000000000000e-06	1.565126e-05
1.200014279422670e-06	1.230878e-05
1.200042838268008e-06	1.449300e-05
1.200049750319442e-06	1.411596e-05
1.200058494261495e-06	7.415662e-06
1.200075982145601e-06	1.539651e-06
1.200106279850248e-06	2.235573e-06
1.200166875259544e-06	-4.677302e-08
1.200243061414180e-06	-4.631363e-07
1.200345184205713e-06	-8.661880e-07
1.200474761102059e-06	-6.095623e-07
1.200695131509101e-06	-6.437921e-07
1.201121641907664e-06	-3.064430e-07
1.201861993041188e-06	-1.514717e-07
1.202957292416518e-06	-1.636674e-08
1.204210197943476e-06	-3.599487e-09
1.206018503963488e-06	4.886417e-09
1.208679812984393e-06	-1.469112e-08
1.213562625484393e-06	-9.255928e-09
1.218445437984393e-06	-6.915343e-09
1.223328250484393e-06	-4.935828e-09
1.228211062984393e-06	-3.427431e-09
1.233093875484393e-06	-2.318757e-09
1.237976687984393e-06	-1.510671e-09
1.242859500484393e-06	-9.340511e-10
1.247742312984393e-06	-5.265974e-10
1.252625125484393e-06	-2.369234e-10
1.257507937984393e-06	-3.910827e-11
1.262390750484393e-06	1.036824e-10
1.267273562984393e-06	1.964509e-10
1.272156375484393e-06	2.683009e-10
1.277039187984393e-06	3.110472e-10
1.281922000484393e-06	3.478817e-10
1.286804812984393e-06	3.656169e-10
1.291687625484393e-06	-2.674959e-09
1.295117187600000e-06	-2.671207e-09
1.300000000100000e-06	-2.738653e-05
1.300014111270971e-06	-1.113414e-05
1.300042333612912e-06	4.389532e-06
1.300049172108545e-06	-9.925172e-06
1.300057771371964e-06	-1.401065e-05
1.300074969898802e-06	9.289124e-07
1.300098376247840e-06	-1.286235e-06
1.300145188945916e-06	7.922429e-09
1.300190603338794e-06	-3.489584e-07
1.300262479929426e-06	2.029258e-08
1.300334526703700e-06	-2.143821e-07
1.300462734097660e-06	7.093937e-08
1.300636833225281e-06	-6.494020e-08
1.300908381780755e-06	1.053142e-08
1.301202108929451e-06	-3.055099e-08
1.301623993048056e-06	2.678692e-08
1.302286520298700e-06	3.311042e-09
1.302914346123490e-06	1.941070e-08
1.303950342805246e-06	-4.946544e-09
1.305267274922008e-06	9.549058e-09
1.307417605034927e-06	-1.429788e-09
1.310057041964258e-06	1.550289e-09
1.312820032296668e-06	-1.512474e-09
1.316492056268931e-06	2.006775e-09
1.320674006746017e-06	7.317087e-11
1.325556819246017e-06	1.057742e-09
1.330439631746017e-06	1.051149e-09
1.340205256746017e-06	1.050921e-09
1.345088069246017e-06	-8.850781e-07
1.345117187500000e-06	-4.641975e-07
1.345175424007966e-06	1.989689e-07
1.345291897023898e-06	-9.026015e-08
1.345524843055762e-06	4.487144e-08
1.345990735119490e-06	-2.045302e-08
1.346922519246946e-06	6.001032e-09
1.348136431745088e-06	-4.639876e-09
1.350000000000000e-06	-4.375048e-06
1.350005145754706e-06	-3.028765e-06
1.350015437264118e-06	3.077777e-07
1.350017943418998e-06	2.606710e-07
1.350021038759765e-06	1.080602e-08
1.350027229441299e-06	6.936098e-10
1.350034342295139e-06	1.122691e-09
1.350048568002818e-06	9.769680e-10
1.350072459732044e-06	1.023640e-09
1.350100506168150e-06	1.009145e-09
1.350143425011765e-06	1.014735e-09
1.350201595515817e-06	1.005410e-09
1.350302678646514e-06	1.007526e-09
1.350436104910619e-06	1.004642e-09
1.350656257868502e-06	1.005680e-09
1.350948543743618e-06	1.004710e-09
1.351339136110376e-06	1.005119e-09
1.351858254461445e-06	1.004947e-09
1.352392255399199e-06	1.005134e-09
1.352973023007027e-06	1.005186e-09
1.353553529426264e-06	1.005257e-09
1.354157590097443e-06	1.005155e-09
1.354803932120285e-06	1.005177e-09
1.355529795891575e-06	1.005051e-09
1.356335935161145e-06	1.005106e-09
1.357110359412091e-06	1.005069e-09
1.358077535318857e-06	1.005174e-09
1.359108954029563e-06	1.005098e-09
1.360291882157155e-06	1.005175e-09
1.361725432197261e-06	1.005143e-09
1.363132699522151e-06	1.005212e-09
1.365217554969400e-06	1.005129e-09
1.367418055534672e-06	1.005181e-09
1.370631251769581e-06	1.005126e-09
1.374368511940889e-06	1.005156e-09
1.379251324440889e-06	1.005138e-09
1.384134136940889e-06	1.005138e-09
1.389016949440889e-06	1.005138e-09
1.393899761940889e-06	1.005138e-09
1.398782574440889e-06	1.005138e-09
1.403665386940889e-06	1.005138e-09
1.408548199440889e-06	1.005138e-09
1.413431011940889e-06	1.005138e-09
1.418313824440889e-06	1.005138e-09
1.423196636940889e-06	1.005138e-09
1.428079449440889e-06	1.005138e-09
1.432962261940889e-06	1.005138e-09
1.437845074440889e-06	1.005138e-09
1.442727886940889e-06	1.005075e-09
1.445117187500000e-06	1.007761e-09
1.445221398881777e-06	1.006527e-09
1.445429821645332e-06	1.004476e-09
1.445846667172442e-06	1.005463e-09
1.446680358226661e-06	1.004978e-09
1.448347740335099e-06	1.005137e-09
1.450000000000000e-06	1.063021e-09
1.450004997301278e-06	1.042392e-09
1.450014991903834e-06	9.858927e-10
1.450017401653577e-06	9.830671e-10
1.450020475759114e-06	9.828351e-10
1.450026623970189e-06	9.808174e-10
1.450038920392338e-06	9.857117e-10
1.450053933405075e-06	9.956614e-10
1.450073963202305e-06	1.005554e-09
1.450098475591060e-06	1.010344e-09
1.450133049774560e-06	1.010893e-09
1.450175968736134e-06	1.009509e-09
1.450237150157940e-06	1.007809e-09
1.450317424933977e-06	1.006595e-09
1.450437900621956e-06	1.005792e-09
1.450616028286855e-06	1.005355e-09
1.450863313319201e-06	1.005147e-09
1.451183236235804e-06	1.005045e-09
1.451585470218978e-06	1.005017e-09
1.452152321458827e-06	1.005051e-09
1.452814576078979e-06	1.005098e-09
1.453536305596533e-06	1.005133e-09
1.454521459801083e-06	1.005156e-09
1.455691894749907e-06	1.005150e-09
1.456766795927732e-06	1.005136e-09
1.458097449081496e-06	1.005134e-09
1.459555037388813e-06	1.005139e-09
1.460955667985329e-06	1.005139e-09
1.463656980518412e-06	1.005138e-09
1.466382252354729e-06	1.005138e-09
1.471265064854729e-06	1.005138e-09
1.476147877354729e-06	1.005138e-09
1.481030689854729e-06	1.005138e-09
1.485913502354729e-06	1.005138e-09
1.495679127354729e-06	1.005138e-09
1.500561939854729e-06	1.005138e-09
1.505444752354730e-06	1.005138e-09
1.511461253321042e-06	1.005138e-09
1.517477754287355e-06	1.005138e-09
1.523494255253667e-06	1.005138e-09
1.529510756219980e-06	1.005138e-09
1.535527257186292e-06	1.005138e-09
1.541543758152605e-06	1.005138e-09
1.547560259118918e-06	1.005138e-09
1.550000000100000e-06	1.005138e-09
1.554879482062165e-06	1.005142e-09
1.555117187600000e-06	1.005141e-09
1.555592598675670e-06	1.005137e-09
1.556543420827008e-06	1.005137e-09
1.558098355797323e-06	1.005139e-09
1.560000000100000e-06	8.895923e-10
1.560005134756801e-06	8.848591e-10
1.560015404070402e-06	1.025702e-09
1.560017916051412e-06	1.108744e-09
1.560020967850257e-06	1.158973e-09
1.560027071447946e-06	1.118336e-09
1.560032816739481e-06	1.076944e-09
1.560044307322552e-06	1.034924e-09
1.560065432187996e-06	1.007871e-09
1.560091728320291e-06	1.003313e-09
1.560144320584883e-06	1.004673e-09
1.560249505114065e-06	1.005155e-09
1.560459874172429e-06	1.005139e-09
1.560791178486116e-06	1.005150e-09
1.561320145639750e-06	1.005135e-09
1.562270318772175e-06	1.005135e-09
1.563539905160033e-06	1.005135e-09
1.564899606578381e-06	1.005137e-09
1.566967722452655e-06	1.005137e-09
1.569959822418793e-06	1.005138e-09
1.573740914547446e-06	1.005138e-09
1.578623727047446e-06	1.005138e-09
1.583506539547446e-06	1.005138e-09
1.588389352047446e-06	1.005138e-09
1.695117187500000e-06	1.005138e-09
1.700000000000000e-06	2.578246e-05
1.700009536743164e-06	4.363147e-05
1.700009674748449e-06	3.714444e-05
1.700009950759018e-06	1.548602e-05
1.700010502780157e-06	-5.824106e-06
1.700011606822434e-06	-1.352860e-05
1.700013814906988e-06	-2.838098e-06
1.700018231076096e-06	1.159405e-05
1.700027063414312e-06	1.282775e-05
1.700044036419954e-06	4.780890e-06
1.700062723414559e-06	1.313004e-06
1.700094796567898e-06	2.499440e-07
1.700139133327029e-06	-1.286254e-07
1.700212964753777e-06	-3.590289e-07
1.700323110079772e-06	-5.404223e-07
1.700543400731761e-06	-5.081671e-07
1.700776444334337e-06	-3.838758e-07
1.701235391744470e-06	-1.921287e-07
1.701900426005509e-06	-5.837972e-08
1.703230494527587e-06	2.106808e-08
1.704862029825173e-06	2.042461e-08
1.707324906471904e-06	-3.151609e-09
1.710903879765285e-06	-1.381229e-08
1.715786692265285e-06	-1.488428e-08
1.720669504765285e-06	-1.278142e-08
1.725552317265285e-06	-9.455452e-09
1.730435129765285e-06	-6.562821e-09
1.735317942265285e-06	-4.293465e-09
1.740200754765285e-06	-2.662166e-09
1.745083567265285e-06	-1.501064e-09
1.749966379765285e-06	-6.997745e-10
1.754849192265285e-06	-1.473062e-10
1.759732004765285e-06	2.285780e-10
1.764614817265285e-06	4.831655e-10
1.769497629765285e-06	6.554544e-10
1.774380442265285e-06	7.706369e-10
1.779263254765285e-06	8.484697e-10
1.784146067265285e-06	8.996395e-10
1.789028879765285e-06	9.345733e-10
1.795117187600000e-06	6.707263e-10
1.797528178269432e-06	9.773246e-10
1.800000000100000e-06	-4.577964e-05
1.800007088373227e-06	-1.687253e-05
1.800021264919679e-06	6.109831e-05
1.800024705144892e-06	2.670478e-05
1.800029018536084e-06	-1.619070e-05
1.800037645318467e-06	-2.869384e-06
1.800050918733961e-06	-1.196167e-06
1.800077465564950e-06	-2.042897e-07
1.800111917650770e-06	-8.111940e-08
1.800151077406388e-06	1.809038e-09
1.800191079086472e-06	-1.933568e-08
1.800241489642234e-06	1.223300e-08
1.800302037789414e-06	-1.101763e-08
1.800384651794814e-06	8.175519e-09
1.800492975565497e-06	-7.667803e-09
1.800680871644163e-06	1.351060e-09
1.800872022798824e-06	-2.118796e-09
1.801140115008320e-06	6.722560e-10
1.801393881507191e-06	-1.938563e-09
1.801803965597570e-06	2.100947e-09
1.802337814679430e-06	-6.172524e-10
1.803323821418906e-06	1.373292e-09
1.804544663666472e-06	2.432993e-10
1.806986348161604e-06	1.005756e-09
1.809426547304973e-06	9.072464e-10
1.812227150991597e-06	1.030342e-09
1.815135399829252e-06	8.702502e-10
1.818830193867023e-06	1.031444e-09
1.822726710363809e-06	9.100029e-10
1.827609522863809e-06	1.005546e-09
1.832492335363809e-06	1.004224e-09
1.845117187500000e-06	1.268793e-09
1.850000000000000e-06	5.154519e-07
1.850001192092896e-06	4.073359e-07
1.850003576278687e-06	5.385201e-08
1.850004172855087e-06	1.638375e-08
1.850004890800785e-06	1.057444e-08
1.850006326692179e-06	4.882035e-09
1.850008206383132e-06	2.102939e-09
1.850011965765038e-06	9.778893e-10
1.850018221467590e-06	7.535508e-10
1.850025137957478e-06	8.030485e-10
1.850035151218015e-06	9.287233e-10
1.850049566921698e-06	1.046699e-09
1.850070902468679e-06	1.077726e-09
1.850094876796655e-06	1.054116e-09
1.850131934729589e-06	1.026613e-09
1.850182879570671e-06	1.014584e-09
1.850266843212724e-06	1.008997e-09
1.850377308316283e-06	1.006899e-09
1.850537453276439e-06	1.005949e-09
1.850729071629135e-06	1.005453e-09
1.850974509209415e-06	1.004948e-09
1.851256574375035e-06	1.004648e-09
1.851628529548039e-06	1.004656e-09
1.852197455335891e-06	1.004902e-09
1.852712662126530e-06	1.005043e-09
1.853263006129085e-06	1.005178e-09
1.853842737720585e-06	1.005270e-09
1.854490718379942e-06	1.005260e-09
1.854971264214978e-06	1.005182e-09
1.855494890067330e-06	1.005085e-09
1.856047015496670e-06	1.005051e-09
1.856732421424017e-06	1.005090e-09
1.857463105066524e-06	1.005149e-09
1.858230910460768e-06	1.005181e-09
1.859048895491162e-06	1.005157e-09
1.859936228103559e-06	1.005122e-09
1.860912632901554e-06	1.005120e-09
1.862037444715945e-06	1.005144e-09
1.863201676460394e-06	1.005147e-09
1.864643922839737e-06	1.005135e-09
1.866136501825560e-06	1.005133e-09
1.868078831185563e-06	1.005141e-09
1.870091644459100e-06	1.005138e-09
1.872888264178820e-06	1.005138e-09
1.875798172501714e-06	1.005139e-09
1.879662934674516e-06	1.005138e-09
1.884545747174516e-06	1.005138e-09
1.889428559674516e-06	1.005138e-09
1.894311372174516e-06	1.005138e-09
1.899194184674516e-06	1.005138e-09
1.904076997174516e-06	1.005138e-09
1.908959809674516e-06	1.005138e-09
1.913842622174516e-06	1.005138e-09
1.918725434674516e-06	1.005138e-09
1.923608247174516e-06	1.005138e-09
1.928491059674515e-06	1.005138e-09
1.933373872174515e-06	1.005138e-09
1.938256684674515e-06	1.005138e-09
1.943139497174515e-06	1.005140e-09
1.945117187500000e-06	1.005134e-09
1.946044619349029e-06	1.005135e-09
1.947899483047087e-06	1.005138e-09
1.950000000000000e-06	1.002687e-09
1.950006400858652e-06	9.967697e-10
1.950019202575956e-06	9.703048e-10
1.950022288346633e-06	9.623529e-10
1.950026226090619e-06	9.538512e-10
1.950034101578591e-06	9.506704e-10
1.950049811083957e-06	9.690605e-10
1.950069286466543e-06	9.982436e-10
1.950094357293003e-06	1.018346e-09
1.950124475166097e-06	1.020996e-09
1.950166571236323e-06	1.015952e-09
1.950220117681210e-06	1.011473e-09
1.950293078736079e-06	1.008523e-09
1.950381959540740e-06	1.006906e-09
1.950495876296674e-06	1.006008e-09
1.950631102891550e-06	1.005548e-09
1.950807447127317e-06	1.005261e-09
1.951036370019425e-06	1.005053e-09
1.951352012100948e-06	1.004920e-09
1.951778372752018e-06	1.004921e-09
1.952352282302417e-06	1.005018e-09
1.952935835418472e-06	1.005091e-09
1.953634018349813e-06	1.005138e-09
1.954405397376503e-06	1.005161e-09
1.955265044885463e-06	1.005153e-09
1.956305157378695e-06	1.005135e-09
1.957413034632957e-06	1.005132e-09
1.958908288452689e-06	1.005141e-09
1.960158488608426e-06	1.005142e-09
1.961474567405067e-06	1.005138e-09
1.962817920097950e-06	1.005137e-09
1.964463191544180e-06	1.005138e-09
1.966063466548007e-06	1.005138e-09
1.969001798871252e-06	1.005138e-09
1.973884611371252e-06	1.005138e-09
1.978767423871252e-06	1.005138e-09
1.983650236371252e-06	1.005138e-09
1.988533048871251e-06	1.005138e-09
2.045117187600000e-06	1.005138e-09
2.050000000100000e-06	1.005138e-09
2.054882812600000e-06	1.005140e-09
2.055117187600001e-06	1.005140e-09
2.055585937600002e-06	1.005138e-09
2.056523437600005e-06	1.005137e-09
2.058125000099995e-06	1.005138e-09
2.060000000100000e-06	8.991197e-10
2.060004800445153e-06	8.876581e-10
2.060014401135458e-06	9.837042e-10
2.060016766801669e-06	1.060018e-09
2.060019569092977e-06	1.121416e-09
2.060023613030479e-06	1.116975e-09
2.060027870802972e-06	1.092633e-09
2.060035338230649e-06	1.058662e-09
2.060045927374862e-06	1.029906e-09
2.060065810111578e-06	1.010977e-09
2.060105575585011e-06	1.005087e-09
2.060168982329263e-06	1.005458e-09
2.060295795817766e-06	1.005451e-09
2.060549422794773e-06	1.005220e-09
2.060917688394534e-06	1.005156e-09
2.061416970060012e-06	1.005133e-09
2.062263275858912e-06	1.005133e-09
2.063506332181417e-06	1.005133e-09
2.064629798037810e-06	1.005136e-09
2.066700314839688e-06	1.005136e-09
2.069149165944052e-06	1.005138e-09
2.074031978444052e-06	1.005138e-09
2.078914790944051e-06	1.005138e-09
2.083797603444051e-06	1.005138e-09
2.088680415944051e-06	1.005138e-09
2.098446040944051e-06	1.005138e-09
2.103328853444050e-06	1.005138e-09
2.108211665944050e-06	1.005138e-09
2.113094478444050e-06	1.005138e-09
2.122860103444050e-06	1.005138e-09
2.195117187500000e-06	1.005138e-09
2.200000000000000e-06	2.606904e-05
2.200014239589890e-06	2.140390e-05
2.200042718769670e-06	6.064230e-06
2.200049610148336e-06	1.696199e-06
2.200058332279971e-06	-4.041498e-06
2.200074841086919e-06	-5.277514e-06
2.200104043890288e-06	-1.094130e-06
2.200162449497027e-06	-1.370086e-06
2.200279260710506e-06	-6.693435e-07
2.200512883137462e-06	-6.209177e-07
2.200798241677374e-06	-1.052360e-05
2.200851467806790e-06	-8.377251e-06
2.200957920065622e-06	-2.537902e-07
2.201170824583286e-06	-2.807285e-07
2.201224050712702e-06	-1.574565e-07
2.201237357245056e-06	-1.117204e-07
2.201263970309764e-06	-7.452769e-08
2.201270623575941e-06	-6.794395e-08
2.201283930108295e-06	-6.054759e-08
2.201310543173003e-06	-5.022179e-08
2.201363769302419e-06	-3.593212e-08
2.201470221561251e-06	-1.614315e-08
2.201683126078914e-06	1.006216e-08
2.202108935114241e-06	3.673009e-08
2.202898446790894e-06	4.685191e-08
2.203960090359337e-06	3.230774e-08
2.206083377496222e-06	-3.610636e-09
2.208348749616412e-06	-2.115052e-08
2.210943105905901e-06	-1.929589e-08
2.212578383742931e-06	-1.300159e-08
2.214661194960822e-06	-5.760628e-09
2.217018705464975e-06	-1.544617e-09
2.220750350164812e-06	1.254319e-09
2.221317237626045e-06	1.356678e-09
2.222451012548510e-06	-2.944201e-09
2.222599923969666e-06	-3.892156e-08
2.222897746811978e-06	-1.023485e-06
2.223364387904775e-06	-7.931572e-06
2.223556205403148e-06	-1.904038e-05
2.223686988756344e-06	-4.203608e-05
2.223795004465003e-06	-8.488484e-05
2.223932323319330e-06	-1.766539e-04
2.224071202046104e-06	-8.101378e-05
2.224185010973119e-06	1.250124e-02
2.224271944829027e-06	4.761510e-02
2.224280037503442e-06	5.866314e-02
2.224296222852270e-06	1.084757e-01
2.224314768994042e-06	2.004054e-01
2.224317976749793e-06	2.254415e-01
2.224324392261296e-06	2.959519e-01
2.224337223284300e-06	4.655961e-01
2.224350049164628e-06	6.555622e-01
2.224364092762366e-06	8.767138e-01
2.224366267649594e-06	9.135315e-01
2.224370617424050e-06	9.965302e-01
2.224377954906608e-06	1.161382e+00
2.224383708600198e-06	1.326405e+00
2.224389421116013e-06	1.526924e+00
2.224393483079325e-06	1.669504e+00
2.224396010549726e-06	1.732101e+00
2.224399499189282e-06	1.774113e+00
2.224402369510780e-06	1.787787e+00
2.224406221505692e-06	1.794113e+00
2.224410313858245e-06	1.797226e+00
2.224416472346553e-06	1.798888e+00
2.224424264683806e-06	1.799379e+00
2.224432927834003e-06	1.799603e+00
2.224445518013467e-06	1.799913e+00
2.224464214736219e-06	1.800131e+00
2.224489368523910e-06	1.800184e+00
2.224530946170771e-06	1.800183e+00
2.224614101464495e-06	1.800169e+00
2.224779738693325e-06	1.800142e+00
2.225013037850355e-06	1.800113e+00
2.225258643457612e-06	1.800099e+00
2.225295448596727e-06	1.800094e+00
2.225369058874957e-06	1.800081e+00
2.225516279431417e-06	1.800072e+00
2.225810720544338e-06	1.800057e+00
2.225837985436154e-06	1.800057e+00
2.225892515219787e-06	1.800057e+00
2.225906147665695e-06	1.800057e+00
2.225933412557511e-06	1.800056e+00
2.225940228780465e-06	1.800056e+00
2.225953861226373e-06	1.800055e+00
2.225957269337850e-06	1.800055e+00
2.225965789616543e-06	1.800055e+00
2.225969197728020e-06	1.800055e+00
2.225976013950974e-06	1.800055e+00
2.225989646396882e-06	1.800054e+00
2.226016911288698e-06	1.800053e+00
2.226071441072331e-06	1.800050e+00
2.226180500639597e-06	1.800045e+00
2.226398619774128e-06	1.800037e+00
2.226834858043190e-06	1.800027e+00
2.227352034480153e-06	1.800019e+00
2.228286468721286e-06	1.800012e+00
2.230155337203553e-06	1.800004e+00
2.232153971709172e-06	1.800001e+00
2.234953510719425e-06	1.800000e+00
2.238392086952850e-06	1.800000e+00
2.243274899452850e-06	1.800000e+00
2.248157711952849e-06	1.800000e+00
2.253040524452849e-06	1.800000e+00
2.257923336952849e-06	1.800000e+00
2.262806149452849e-06	1.800000e+00
2.267688961952849e-06	1.800000e+00
2.272571774452848e-06	1.800000e+00
2.277454586952848e-06	1.800000e+00
2.282337399452848e-06	1.800000e+00
2.287220211952848e-06	1.800000e+00
2.292103024452848e-06	1.800000e+00
2.295117187600000e-06	1.800000e+00
2.300000000100000e-06	1.799694e+00
2.300012067059202e-06	1.799835e+00
2.300036200977606e-06	1.800266e+00
2.300042156621262e-06	1.800169e+00
2.300049205503606e-06	1.800049e+00
2.300059081348721e-06	1.800070e+00
2.300069463324129e-06	1.800040e+00
2.300086084306915e-06	1.800037e+00
2.300111017120800e-06	1.800017e+00
2.300145780638293e-06	1.800010e+00
2.300210358809697e-06	1.800002e+00
2.300302772000505e-06	1.800001e+00
2.300473273172642e-06	1.800000e+00
2.300685641712642e-06	1.800000e+00
2.300956471790890e-06	1.800000e+00
2.301292671304414e-06	1.800000e+00
2.301817720535837e-06	1.800000e+00
2.302620895400303e-06	1.800000e+00
2.303760467861877e-06	1.800000e+00
2.304881737396714e-06	1.800000e+00
2.306204348533437e-06	1.800000e+00
2.307674789947198e-06	1.800000e+00
2.308800929215831e-06	1.800000e+00
2.309402217081678e-06	1.800000e+00
2.310022416593938e-06	1.800000e+00
2.310572990715938e-06	1.800000e+00
2.310987960520169e-06	1.800000e+00
2.311464550724330e-06	1.800000e+00
2.312132886638557e-06	1.800000e+00
2.312898724278123e-06	1.800000e+00
2.313747038764866e-06	1.800000e+00
2.314797455885686e-06	1.800000e+00
2.316311486030642e-06	1.800000e+00
2.318777091457982e-06	1.800000e+00
2.323659903957981e-06	1.800000e+00
2.328542716457981e-06	1.800000e+00
2.333425528957981e-06	1.800000e+00
2.338308341457981e-06	1.800000e+00
2.343191153957981e-06	1.800000e+00
2.345117187500001e-06	1.800000e+00
2.346147932915960e-06	1.800000e+00
2.347938509168081e-06	1.800000e+00
2.350000000000000e-06	1.800021e+00
2.350005297634233e-06	1.800014e+00
2.350015892902698e-06	1.799999e+00
2.350018401285225e-06	1.799999e+00
2.350021561463380e-06	1.800000e+00
2.350026084820190e-06	1.800000e+00
2.350030864458860e-06	1.800000e+00
2.350039707389678e-06	1.800000e+00
2.350052799693052e-06	1.800000e+00
2.350078984299799e-06	1.800000e+00
2.350119615973916e-06	1.800000e+00
2.350200879322149e-06	1.800000e+00
2.350319900935077e-06	1.800000e+00
2.350447311156221e-06	1.800000e+00
2.350656733006585e-06	1.800000e+00
2.350897247713923e-06	1.800000e+00
2.351149466783456e-06	1.800000e+00
2.351390636641024e-06	1.800000e+00
2.351586696950681e-06	1.800000e+00
2.351807167162697e-06	1.800000e+00
2.352039142670706e-06	1.800000e+00
2.352238583482191e-06	1.800000e+00
2.352492330830608e-06	1.800000e+00
2.352770968674839e-06	1.800000e+00
2.353149238274199e-06	1.800000e+00
2.353520903615248e-06	1.800000e+00
2.353961564598120e-06	1.800000e+00
2.354434638351734e-06	1.800000e+00
2.354947493807454e-06	1.800000e+00
2.355533610567180e-06	1.800000e+00
2.356144153888749e-06	1.800000e+00
2.356742437412286e-06	1.800000e+00
2.357369082429884e-06	1.800000e+00
2.358271972756470e-06	1.800000e+00
2.359093392059642e-06	1.800000e+00
2.359977196421501e-06	1.800000e+00
2.361054348689248e-06	1.800000e+00
2.362246503124596e-06	1.800000e+00
2.363605473089258e-06	1.800000e+00
2.365350981098086e-06	1.800000e+00
2.367159898888552e-06	1.800000e+00
2.369710399144854e-06	1.800000e+00
2.372935358856082e-06	1.800000e+00
2.376134231092156e-06	1.800000e+00
2.381017043592156e-06	1.800000e+00
2.385899856092156e-06	1.800000e+00
2.390782668592156e-06	1.800000e+00
2.395665481092155e-06	1.800000e+00
2.400548293592155e-06	1.800000e+00
2.405431106092155e-06	1.800000e+00
2.410313918592155e-06	1.800000e+00
2.415196731092155e-06	1.800000e+00
2.420079543592154e-06	1.800000e+00
2.424962356092154e-06	1.800000e+00
2.429845168592154e-06	1.800000e+00
2.434727981092154e-06	1.800000e+00
2.439610793592154e-06	1.800000e+00
2.444493606092153e-06	1.800000e+00
2.445117187500000e-06	1.800000e+00
2.446364350315695e-06	1.800000e+00
2.447505674368612e-06	1.800000e+00
2.447717351894166e-06	1.800000e+00
2.448140706945276e-06	1.800000e+00
2.448987417047494e-06	1.800000e+00
2.450000000000000e-06	1.800000e+00
2.450003015868677e-06	1.800000e+00
2.450009047606032e-06	1.800000e+00
2.450010504473959e-06	1.800000e+00
2.450012358627917e-06	1.800000e+00
2.450016066935833e-06	1.800000e+00
2.450023483551664e-06	1.800000e+00
2.450031249611266e-06	1.800000e+00
2.450041921373831e-06	1.800000e+00
2.450054099290695e-06	1.800000e+00
2.450073869999908e-06	1.800000e+00
2.450101611293133e-06	1.800000e+00
2.450157093879583e-06	1.800000e+00
2.450268059052482e-06	1.800000e+00
2.450439609020808e-06	1.800000e+00
2.450594271753266e-06	1.800000e+00
2.450803434567955e-06	1.800000e+00
2.451027962727861e-06	1.800000e+00
2.451321583471023e-06	1.800000e+00
2.451664417019210e-06	1.800000e+00
2.452212771166520e-06	1.800000e+00
2.453102638015191e-06	1.800000e+00
2.454079682444017e-06	1.800000e+00
2.455234118847108e-06	1.800000e+00
2.456687771387822e-06	1.800000e+00
2.457907055668398e-06	1.800000e+00
2.458967089322058e-06	1.800000e+00
2.459492297548425e-06	1.800000e+00
2.460054104943174e-06	1.800000e+00
2.460476715432732e-06	1.800000e+00
2.460842175758732e-06	1.800000e+00
2.461247043597589e-06	1.800000e+00
2.461822990644396e-06	1.800000e+00
2.462503181249655e-06	1.800000e+00
2.463247373937220e-06	1.800000e+00
2.464183963631674e-06	1.800000e+00
2.465378104905752e-06	1.800000e+00
2.467036997376172e-06	1.800000e+00
2.469179258118953e-06	1.800000e+00
2.471761244755209e-06	1.800000e+00
2.474891674643462e-06	1.800000e+00
2.479774487143462e-06	1.800000e+00
2.484657299643462e-06	1.800000e+00
2.494422924643462e-06	1.800000e+00
2.547698926926163e-06	1.800000e+00
2.550000000100000e-06	1.800000e+00
2.554602146447675e-06	1.800000e+00
2.555117187600001e-06	1.800000e+00
2.556147269904652e-06	1.800000e+00
2.557939835490697e-06	1.800000e+00
2.560000000100000e-06	1.800000e+00
2.560005580882077e-06	1.800000e+00
2.560016742446231e-06	1.800000e+00
2.560019471044974e-06	1.800000e+00
2.560022787617056e-06	1.800000e+00
2.560029420761221e-06	1.800000e+00
2.560035836010693e-06	1.800000e+00
2.560048666509636e-06	1.800000e+00
2.560072062446406e-06	1.800000e+00
2.560098878799740e-06	1.800000e+00
2.560152511506410e-06	1.800000e+00
2.560257154690642e-06	1.800000e+00
2.560463215870209e-06	1.800000e+00
2.560768611752498e-06	1.800000e+00
2.561298450907684e-06	1.800000e+00
2.561854845124473e-06	1.800000e+00
2.562896652869706e-06	1.800000e+00
2.564440513892569e-06	1.800000e+00
2.565928447408837e-06	1.800000e+00
2.568534711295589e-06	1.800000e+00
2.572105070974132e-06	1.800000e+00
2.576987883474132e-06	1.800000e+00
2.581870695974132e-06	1.800000e+00
2.689292570974127e-06	1.800000e+00
2.694175383474127e-06	1.800000e+00
2.697000795551747e-06	1.800000e+00
2.700000000000000e-06	1.797444e+00
2.700007537295364e-06	1.794881e+00
2.700007637734107e-06	1.794857e+00
2.700007838611592e-06	1.795084e+00
2.700008240366563e-06	1.796189e+00
2.700009043876504e-06	1.798679e+00
2.700010650896385e-06	1.801697e+00
2.700013018564587e-06	1.802630e+00
2.700016864668593e-06	1.801664e+00
2.700022015596194e-06	1.800651e+00
2.700032317451396e-06	1.800025e+00
2.700042927622761e-06	1.799923e+00
2.700063561970599e-06	1.799974e+00
2.700088401774230e-06	1.799999e+00
2.700117888044065e-06	1.800006e+00
2.700122390615510e-06	1.800007e+00
2.700123516258372e-06	1.800007e+00
2.700125767544094e-06	1.800008e+00
2.700129707294109e-06	1.800007e+00
2.700134209865554e-06	1.800007e+00
2.700143215008445e-06	1.800007e+00
2.700161225294226e-06	1.800007e+00
2.700197245865788e-06	1.800006e+00
2.700269287008911e-06	1.800005e+00
2.700372615684455e-06	1.800004e+00
2.700494288378581e-06	1.800004e+00
2.700631046537063e-06	1.800003e+00
2.700817889798764e-06	1.800003e+00
2.701098266118589e-06	1.800002e+00
2.701600884562996e-06	1.800002e+00
2.702606121451808e-06	1.800001e+00
2.704187277857463e-06	1.800000e+00
2.705936604500686e-06	1.800000e+00
2.707791677207578e-06	1.800000e+00
2.709540133744632e-06	1.800000e+00
2.711631228216966e-06	1.800000e+00
2.714008253713093e-06	1.800000e+00
2.717700122390665e-06	1.800000e+00
2.722582934890665e-06	1.800000e+00
2.723193286453165e-06	1.800000e+00
2.724413989578165e-06	1.800001e+00
2.725634424471151e-06	1.800002e+00
2.725803164187317e-06	1.800005e+00
2.726140643619651e-06	1.800019e+00
2.726170108651182e-06	1.800025e+00
2.726229038714244e-06	1.800050e+00
2.726346898840367e-06	1.799953e+00
2.726437595952004e-06	1.794069e+00
2.726535445381385e-06	1.758465e+00
2.726595874201173e-06	1.698644e+00
2.726667022630415e-06	1.596230e+00
2.726724369357513e-06	1.495528e+00
2.726749149711623e-06	1.405934e+00
2.726769058129253e-06	1.244407e+00
2.726786074533092e-06	9.784101e-01
2.726803116115499e-06	5.710646e-01
2.726814975592751e-06	2.462145e-01
2.726822169363650e-06	9.820343e-02
2.726830582871283e-06	2.299747e-02
2.726839184733774e-06	4.073300e-03
2.726847863606985e-06	1.800266e-03
2.726858422596284e-06	1.176451e-03
2.726879540574883e-06	6.713838e-04
2.726910321517270e-06	4.100632e-04
2.726945967179718e-06	3.006516e-04
2.726988178466508e-06	2.361744e-04
2.727072601040089e-06	1.709997e-04
2.727178941886034e-06	1.075803e-04
2.727252383833404e-06	5.221364e-05
2.727337675817793e-06	-2.249703e-06
2.727412868547968e-06	-1.339610e-05
2.727493481698257e-06	-1.048265e-05
2.727575369667588e-06	-9.768660e-06
2.727739145606250e-06	2.113996e-06
2.727757043798313e-06	-2.413631e-07
2.727792840182440e-06	-7.164362e-06
2.727801789278472e-06	-7.036148e-06
2.727819687470535e-06	-6.782949e-06
2.727835348388591e-06	-6.610325e-06
2.727866670224702e-06	-6.300324e-06
2.727902466608828e-06	-5.964952e-06
2.727974059377082e-06	-5.354023e-06
2.728117244913590e-06	-4.337182e-06
2.728373855407606e-06	-2.976117e-06
2.728642541766946e-06	-2.032588e-06
2.729027264885563e-06	-1.236479e-06
2.729576174451568e-06	-6.124019e-07
2.730291573735983e-06	-2.249715e-07
2.731203805118606e-06	-2.937339e-08
2.732454664115632e-06	4.567443e-08
2.734288225274170e-06	4.108533e-08
2.736798906649312e-06	5.219215e-09
2.740073637946554e-06	-1.363627e-08
2.743740884313994e-06	-1.464071e-08
2.748623696813994e-06	-1.278746e-08
2.753506509313994e-06	-9.813029e-09
2.758389321813994e-06	-6.823450e-09
2.763272134313994e-06	-4.536027e-09
2.768154946813993e-06	-2.814641e-09
2.773037759313993e-06	-1.620927e-09
2.777920571813993e-06	-7.737265e-10
2.782803384313993e-06	-2.017127e-10
2.787686196813993e-06	1.947538e-10
2.792569009313992e-06	4.763854e-10
2.795117187600001e-06	5.790872e-10
2.800000000100001e-06	-2.948681e-05
2.800009536843165e-06	-8.716912e-06
2.800028610329493e-06	2.844336e-05
2.800033397739877e-06	1.291047e-06
2.800039107924072e-06	-1.993345e-05
2.800050528292462e-06	-1.073538e-06
2.800065451717505e-06	-1.244874e-06
2.800095298567591e-06	-4.870253e-08
2.800126370396778e-06	-1.814857e-07
2.800168559786881e-06	4.342318e-09
2.800209029686682e-06	-9.803490e-08
2.800267401707533e-06	2.206055e-08
2.800330746241620e-06	-5.657920e-08
2.800429614483475e-06	2.253097e-08
2.800556225071618e-06	-2.677817e-08
2.800767629603614e-06	5.293870e-09
2.801002159347003e-06	-4.699526e-10
2.801244462583337e-06	8.816284e-09
2.801559846461893e-06	-7.050056e-09
2.802025391297460e-06	8.052048e-09
2.802835454455364e-06	-8.043555e-10
2.803836711424907e-06	4.336700e-09
2.805624450372420e-06	-4.956354e-10
2.808402967139665e-06	7.298654e-10
2.810919040680267e-06	7.853934e-10
2.813636223846665e-06	1.361832e-09
2.816750828321977e-06	8.188084e-10
2.820130533416739e-06	1.688277e-09
2.825013345916739e-06	1.007777e-09
2.829896158416739e-06	1.009369e-09
2.839661783416738e-06	1.009369e-09
2.844544595916738e-06	1.236337e-08
2.846262370666527e-06	-3.398198e-10
2.847709633666949e-06	2.865929e-09
2.850000000000001e-06	2.080713e-06
2.850001118342937e-06	1.656290e-06
2.850003355028809e-06	2.532191e-07
2.850003914673857e-06	9.611567e-08
2.850004588612332e-06	6.124350e-08
2.850005936489282e-06	2.638162e-08
2.850007798778305e-06	8.422026e-09
2.850011523356350e-06	1.548921e-09
2.850017705579934e-06	6.721176e-10
2.850024475410524e-06	8.233985e-10
2.850034228073658e-06	9.156083e-10
2.850048120518248e-06	1.035977e-09
2.850070229873737e-06	1.068597e-09
2.850093572251299e-06	1.052158e-09
2.850131124120842e-06	1.025032e-09
2.850180707302402e-06	1.014629e-09
2.850266544717641e-06	1.008730e-09
2.850375023210360e-06	1.006932e-09
2.850537144202993e-06	1.005863e-09
2.850725254930109e-06	1.005462e-09
2.850977807044114e-06	1.004910e-09
2.851276802225974e-06	1.004703e-09
2.851710700016029e-06	1.004708e-09
2.852288817732161e-06	1.004940e-09
2.852837687935549e-06	1.005077e-09
2.853420878398296e-06	1.005217e-09
2.853963732415703e-06	1.005296e-09
2.854454806895296e-06	1.005265e-09
2.854934826117671e-06	1.005164e-09
2.855461055831699e-06	1.005076e-09
2.855991585526990e-06	1.005043e-09
2.856617789011942e-06	1.005095e-09
2.857322881918428e-06	1.005145e-09
2.858086627642175e-06	1.005182e-09
2.858915309289929e-06	1.005155e-09
2.859761069439207e-06	1.005129e-09
2.860770129908838e-06	1.005119e-09
2.861870547277071e-06	1.005145e-09
2.863008655994840e-06	1.005142e-09
2.864442051585776e-06	1.005134e-09
2.865852694638920e-06	1.005128e-09
2.867787158676339e-06	1.005140e-09
2.869662787106568e-06	1.005134e-09
2.872383080273685e-06	1.005138e-09
2.875220567148292e-06	1.005137e-09
2.878916047918262e-06	1.005140e-09
2.883798860418262e-06	1.005138e-09
2.888681672918262e-06	1.005138e-09
2.893564485418262e-06	1.005138e-09
2.898447297918262e-06	1.005138e-09
2.903330110418261e-06	1.005138e-09
2.908212922918261e-06	1.005138e-09
2.913095735418261e-06	1.005138e-09
2.917978547918261e-06	1.005138e-09
2.922861360418261e-06	1.005138e-09
2.927744172918260e-06	1.005138e-09
2.932626985418260e-06	1.005138e-09
2.937509797918260e-06	1.005138e-09
2.942392610418260e-06	1.005143e-09
2.945117187500001e-06	1.005143e-09
2.950000000000001e-06	1.002880e-09
2.950014654475067e-06	9.928838e-10
2.950043963425198e-06	9.598904e-10
2.950051043805779e-06	9.606509e-10
2.950060051381143e-06	9.752411e-10
2.950075244112114e-06	1.003400e-09
2.950089700221184e-06	1.016982e-09
2.950118612439325e-06	1.020255e-09
2.950168331281080e-06	1.015376e-09
2.950216963581674e-06	1.011325e-09
2.950286340953709e-06	1.008549e-09
2.950364257247129e-06	1.007030e-09
2.950474716826558e-06	1.006083e-09
2.950600168088636e-06	1.005597e-09
2.950778390729702e-06	1.005288e-09
2.950991646296055e-06	1.005081e-09
2.951302823647614e-06	1.004939e-09
2.951700016538369e-06	1.004921e-09
2.952260645457962e-06	1.005010e-09
2.952812388999328e-06	1.005082e-09
2.953419235114348e-06	1.005128e-09
2.954046580226608e-06	1.005155e-09
2.954916372571249e-06	1.005157e-09
2.955981972445792e-06	1.005140e-09
2.956995831280686e-06	1.005132e-09
2.958212377951374e-06	1.005138e-09
2.959306337662491e-06	1.005142e-09
2.960553442832827e-06	1.005140e-09
2.962152348904179e-06	1.005137e-09
2.963655785510063e-06	1.005138e-09
2.965239353794619e-06	1.005139e-09
2.967411651505603e-06	1.005138e-09
2.971756246927572e-06	1.005138e-09
2.976201019930080e-06	1.005138e-09
2.981083832430080e-06	1.005138e-09
2.985966644930079e-06	1.005138e-09
2.990849457430079e-06	1.005138e-09
2.995732269930079e-06	1.005138e-09
3.047772829420307e-06	1.005138e-09
3.050000000100000e-06	1.005138e-09
3.054454341459388e-06	1.005139e-09
3.055117187600001e-06	1.005138e-09
3.056442879881227e-06	1.005138e-09
3.057348615537549e-06	1.005139e-09
3.058188528787356e-06	1.005135e-09
3.058320173600386e-06	1.005136e-09
3.058583463226446e-06	1.005139e-09
3.059110042478565e-06	1.005137e-09
3.060000000100001e-06	8.891380e-10
3.060002349253868e-06	8.341752e-10
3.060007047561602e-06	7.263249e-10
3.060008199276944e-06	7.788291e-10
3.060009597884091e-06	8.921535e-10
3.060011637220009e-06	1.006677e-09
3.060013814028012e-06	1.067209e-09
3.060018167644016e-06	1.101707e-09
3.060026874876026e-06	1.090030e-09
3.060044289340045e-06	1.040889e-09
3.060076042340234e-06	1.007629e-09
3.060121687429731e-06	1.004286e-09
3.060212859160967e-06	1.005648e-09
3.060395202623439e-06	1.005256e-09
3.060711334217059e-06	1.005188e-09
3.061123785779031e-06	1.005130e-09
3.061748182003555e-06	1.005141e-09
3.062786899197061e-06	1.005132e-09
3.063828090003682e-06	1.005137e-09
3.065370009175236e-06	1.005134e-09
3.067546155605225e-06	1.005139e-09
3.070721292301106e-06	1.005137e-09
3.075495218628375e-06	1.005138e-09
3.080378031128375e-06	1.005138e-09
3.085260843628375e-06	1.005138e-09
3.090143656128375e-06	1.005138e-09
3.095026468628375e-06	1.005138e-09
3.099909281128374e-06	1.005138e-09
3.109674906128374e-06	1.005138e-09
3.192682718628371e-06	1.005136e-09
3.195117187500001e-06	1.005397e-09
3.195131062256740e-06	1.005315e-09
3.195158811770219e-06	1.005145e-09
3.195214310797177e-06	1.005140e-09
3.195325308851092e-06	1.005137e-09
3.195547304958922e-06	1.005138e-09
3.195991297174582e-06	1.005138e-09
3.196879281605902e-06	1.005138e-09
3.198224031137361e-06	1.005138e-09
3.200000000000001e-06	2.571030e-04
3.200000867172297e-06	2.250004e-04
3.200002601516889e-06	-9.633680e-05
3.200003036766581e-06	-1.361675e-04
3.200003560064026e-06	-9.152684e-05
3.200004606658917e-06	-4.587446e-05
3.200006699848697e-06	-1.364765e-06
3.200010886228258e-06	2.810860e-05
3.200019258987379e-06	2.543560e-05
3.200031940087439e-06	5.197123e-06
3.200045349921608e-06	-3.243171e-06
3.200062067561361e-06	-3.381755e-06
3.200079147373397e-06	-2.352680e-06
3.200113306997468e-06	-1.305360e-06
3.200170353759624e-06	-8.981986e-07
3.200284447283935e-06	-7.654991e-07
3.200512634332558e-06	-5.545929e-07
3.200796145314745e-06	-3.404239e-07
3.201212477195831e-06	-6.111367e-08
3.201222788514591e-06	-7.556482e-08
3.201243411152111e-06	-1.070260e-07
3.201284656427149e-06	-7.672587e-08
3.201294967745909e-06	-6.729707e-08
3.201315590383429e-06	-4.927480e-08
3.201356835658468e-06	-1.827475e-08
3.201367146977227e-06	-1.460789e-08
3.201387769614747e-06	-1.146096e-08
3.201429014889786e-06	-3.408993e-09
3.201511505439863e-06	9.297866e-09
3.201676486540019e-06	2.653913e-08
3.202006448740330e-06	4.543057e-08
3.202666373140953e-06	5.463983e-08
3.203658018713568e-06	4.118109e-08
3.205641309858797e-06	2.499394e-09
3.207828402517098e-06	-2.080980e-08
3.209897831254032e-06	-2.286260e-08
3.211312575169211e-06	-1.785446e-08
3.213027624606674e-06	-1.065531e-08
3.215067470041596e-06	-4.678501e-09
3.217772521923846e-06	-9.287101e-10
3.221341897702515e-06	7.229143e-10
3.224380450270077e-06	1.516017e-09
3.224990801832578e-06	-7.148143e-10
3.226211504957577e-06	-4.711443e-07
3.226650500967937e-06	-3.084512e-06
3.226935014009330e-06	-1.004991e-05
3.227106389970031e-06	-2.312567e-05
3.227224696684790e-06	-4.863157e-05
3.227332686367362e-06	-9.678573e-05
3.227483961404614e-06	-2.016013e-04
3.227592525130636e-06	-1.140047e-04
3.227702880132802e-06	1.327159e-02
3.227795807587011e-06	5.347520e-02
3.227804869962357e-06	6.744739e-02
3.227822994713050e-06	1.340923e-01
3.227842608392482e-06	2.540350e-01
3.227845518721254e-06	2.816375e-01
3.227851339378798e-06	3.542119e-01
3.227862980693885e-06	5.154668e-01
3.227875664854305e-06	7.080353e-01
3.227892001188409e-06	9.896582e-01
3.227900026069631e-06	1.164811e+00
3.227906452028349e-06	1.354303e+00
3.227912881236825e-06	1.583089e+00
3.227916227748488e-06	1.693092e+00
3.227918862319757e-06	1.748102e+00
3.227922110299278e-06	1.778664e+00
3.227925051957899e-06	1.789439e+00
3.227928949943695e-06	1.794838e+00
3.227933668110143e-06	1.797785e+00
3.227940291986611e-06	1.799106e+00
3.227947559970476e-06	1.799421e+00
3.227957510787852e-06	1.799676e+00
3.227970854533194e-06	1.799971e+00
3.227992059857996e-06	1.800155e+00
3.228018352650232e-06	1.800186e+00
3.228065862249323e-06	1.800182e+00
3.228155602304815e-06	1.800166e+00
3.228335082415800e-06	1.800138e+00
3.228663126222955e-06	1.800101e+00
3.228992383099006e-06	1.800087e+00
3.229026645995702e-06	1.800082e+00
3.229095171789093e-06	1.800071e+00
3.229112303237442e-06	1.800071e+00
3.229146566134137e-06	1.800069e+00
3.229157273289355e-06	1.800069e+00
3.229161556151442e-06	1.800069e+00
3.229172263306659e-06	1.800068e+00
3.229176546168746e-06	1.800068e+00
3.229185111892920e-06	1.800068e+00
3.229187253323964e-06	1.800068e+00
3.229191536186051e-06	1.800067e+00
3.229200101910224e-06	1.800067e+00
3.229217233358572e-06	1.800066e+00
3.229251496255268e-06	1.800064e+00
3.229320022048660e-06	1.800060e+00
3.229457073635443e-06	1.800052e+00
3.229731176809010e-06	1.800042e+00
3.230241951753044e-06	1.800029e+00
3.230850515377822e-06	1.800020e+00
3.232039795784369e-06	1.800010e+00
3.233799323277676e-06	1.800004e+00
3.236047862565349e-06	1.800001e+00
3.238852610191043e-06	1.800000e+00
3.243033525969177e-06	1.800000e+00
3.247916338469177e-06	1.800000e+00
3.252799150969176e-06	1.800000e+00
3.257681963469176e-06	1.800000e+00
3.262564775969176e-06	1.800000e+00
3.267447588469176e-06	1.800000e+00
3.272330400969176e-06	1.800000e+00
3.277213213469175e-06	1.800000e+00
3.282096025969175e-06	1.800000e+00
3.286978838469175e-06	1.800000e+00
3.291861650969175e-06	1.800000e+00
3.295117187600001e-06	1.800000e+00
3.300000000100000e-06	1.799696e+00
3.300012070769620e-06	1.799837e+00
3.300036212108858e-06	1.800268e+00
3.300042168715261e-06	1.800171e+00
3.300049224351613e-06	1.800050e+00
3.300059208110712e-06	1.800070e+00
3.300069677082200e-06	1.800040e+00
3.300086358591313e-06	1.800037e+00
3.300111658863839e-06	1.800017e+00
3.300146347408906e-06	1.800010e+00
3.300211364364261e-06	1.800002e+00
3.300303551654347e-06	1.800001e+00
3.300473293382719e-06	1.800000e+00
3.300682293994647e-06	1.800000e+00
3.300955645141046e-06	1.800000e+00
3.301299149328619e-06	1.800000e+00
3.301862597171688e-06	1.800000e+00
3.302742377989369e-06	1.800000e+00
3.303824435824873e-06	1.800000e+00
3.305003012155430e-06	1.800000e+00
3.306349389922414e-06	1.800000e+00
3.307838701536729e-06	1.800000e+00
3.309219020466362e-06	1.800018e+00
3.309352923332081e-06	1.800013e+00
3.309620729063520e-06	1.800000e+00
3.310071727783886e-06	1.800000e+00
3.310560434581194e-06	1.800000e+00
3.311143567834178e-06	1.800000e+00
3.311525137815727e-06	1.800000e+00
3.311993954940900e-06	1.800000e+00
3.312526287646864e-06	1.800000e+00
3.313201191560231e-06	1.800000e+00
3.313956576724919e-06	1.800000e+00
3.314878267027485e-06	1.800000e+00
3.316081000843816e-06	1.800000e+00
3.317915889922122e-06	1.800000e+00
3.321393676038438e-06	1.800000e+00
3.325740165340333e-06	1.800000e+00
3.330622977840333e-06	1.800000e+00
3.335505790340332e-06	1.800000e+00
3.340388602840332e-06	1.800000e+00
3.345271415340332e-06	1.800000e+00
3.350000000000001e-06	1.800000e+00
3.350001192092896e-06	1.800000e+00
3.350003576278687e-06	1.800000e+00
3.350004172178940e-06	1.800000e+00
3.350004888958387e-06	1.800000e+00
3.350006322517281e-06	1.800000e+00
3.350007858460697e-06	1.800000e+00
3.350010930347529e-06	1.800000e+00
3.350017074121192e-06	1.800000e+00
3.350026486824793e-06	1.800000e+00
3.350037047313263e-06	1.800000e+00
3.350051912611238e-06	1.800000e+00
3.350074018074625e-06	1.800000e+00
3.350118229001399e-06	1.800000e+00
3.350206650854946e-06	1.800000e+00
3.350326875899794e-06	1.800000e+00
3.350454358355281e-06	1.800000e+00
3.350654512770927e-06	1.800000e+00
3.350885423874078e-06	1.800000e+00
3.351134898037889e-06	1.800000e+00
3.351344877707044e-06	1.800000e+00
3.351532848593544e-06	1.800000e+00
3.351767983627895e-06	1.800000e+00
3.352003506241914e-06	1.800000e+00
3.352195889357628e-06	1.800000e+00
3.352441560192425e-06	1.800000e+00
3.352711663023155e-06	1.800000e+00
3.353074025365108e-06	1.800000e+00
3.353433499793961e-06	1.800000e+00
3.353837567375499e-06	1.800000e+00
3.354303385606925e-06	1.800000e+00
3.354812920492694e-06	1.800000e+00
3.355379135654793e-06	1.800000e+00
3.356057147142908e-06	1.800000e+00
3.356715380703670e-06	1.800000e+00
3.357364618044171e-06	1.800000e+00
3.358120453976591e-06	1.800000e+00
3.358930543017555e-06	1.800000e+00
3.359827090447773e-06	1.800000e+00
3.360944530517630e-06	1.800000e+00
3.362099102757105e-06	1.800000e+00
3.363510131998682e-06	1.800000e+00
3.365064909141860e-06	1.800000e+00
3.366987179562559e-06	1.800000e+00
3.369216473644357e-06	1.800000e+00
3.372448486134037e-06	1.800000e+00
3.375746790584333e-06	1.800000e+00
3.380605643376342e-06	1.800000e+00
3.385488455876342e-06	1.800000e+00
3.390371268376342e-06	1.800000e+00
3.395254080876341e-06	1.800000e+00
3.400136893376341e-06	1.800000e+00
3.405019705876341e-06	1.800000e+00
3.409902518376341e-06	1.800000e+00
3.414785330876341e-06	1.800000e+00
3.419668143376340e-06	1.800000e+00
3.424550955876340e-06	1.800000e+00
3.429433768376340e-06	1.800000e+00
3.434316580876340e-06	1.800000e+00
3.439199393376340e-06	1.800000e+00
3.444082205876339e-06	1.800000e+00
3.445117187500001e-06	1.800000e+00
3.447187150747324e-06	1.800000e+00
3.450000000000001e-06	1.800000e+00
3.450007521583604e-06	1.800000e+00
3.450022564750810e-06	1.800000e+00
3.450026250112313e-06	1.800000e+00
3.450030847070355e-06	1.800000e+00
3.450038627444198e-06	1.800000e+00
3.450054188191884e-06	1.800000e+00
3.450077102387592e-06	1.800000e+00
3.450111118637392e-06	1.800000e+00
3.450171817880071e-06	1.800000e+00
3.450293216365428e-06	1.800000e+00
3.450456836239758e-06	1.800000e+00
3.450629712349470e-06	1.800000e+00
3.450833710246819e-06	1.800000e+00
3.451066916320665e-06	1.800000e+00
3.451364888713571e-06	1.800000e+00
3.451714254203975e-06	1.800000e+00
3.452252133536983e-06	1.800000e+00
3.453091906476454e-06	1.800000e+00
3.453914405842252e-06	1.800000e+00
3.454922903920134e-06	1.800000e+00
3.456173264006975e-06	1.800000e+00
3.457108215823808e-06	1.800000e+00
3.458028372804543e-06	1.800000e+00
3.459159832022461e-06	1.800000e+00
3.459705598834070e-06	1.800000e+00
3.460107255504652e-06	1.800000e+00
3.460564624720246e-06	1.800000e+00
3.461041748245430e-06	1.800000e+00
3.461376113535618e-06	1.800000e+00
3.461763379420218e-06	1.800000e+00
3.462277596672650e-06	1.800000e+00
3.462925660318080e-06	1.800000e+00
3.463567830297430e-06	1.800000e+00
3.464423988393402e-06	1.800000e+00
3.465461222549185e-06	1.800000e+00
3.466911771763692e-06	1.800000e+00
3.469090179484578e-06	1.800000e+00
3.471501918491778e-06	1.800000e+00
3.474094801227067e-06	1.800000e+00
3.478977613727066e-06	1.800000e+00
3.483860426227066e-06	1.800000e+00
3.488743238727066e-06	1.800000e+00
3.493626051227066e-06	1.800000e+00
3.503391676227065e-06	1.800000e+00
3.508274488727065e-06	1.800000e+00
3.545117187600000e-06	1.800000e+00
3.550000000100000e-06	1.800000e+00
3.554882812600000e-06	1.800000e+00
3.555117187600001e-06	1.800000e+00
3.555585937600002e-06	1.800000e+00
3.556523437600005e-06	1.800000e+00
3.558125000099995e-06	1.800000e+00
3.560000000100001e-06	1.800000e+00
3.560005122271655e-06	1.800000e+00
3.560015366614965e-06	1.800000e+00
3.560017868629024e-06	1.800000e+00
3.560020925004838e-06	1.800000e+00
3.560027037756465e-06	1.800000e+00
3.560033201622888e-06	1.800000e+00
3.560045529355733e-06	1.800000e+00
3.560069658994092e-06	1.800000e+00
3.560095658642181e-06	1.800000e+00
3.560147657938360e-06	1.800000e+00
3.560249248180490e-06	1.800000e+00
3.560449735620593e-06	1.800000e+00
3.560738853344542e-06	1.800000e+00
3.561254640383496e-06	1.800000e+00
3.561791800508379e-06	1.800000e+00
3.562759702261815e-06	1.800000e+00
3.564128853987017e-06	1.800000e+00
3.565575417661516e-06	1.800000e+00
3.567827060079434e-06	1.800000e+00
3.571143139523150e-06	1.800000e+00
3.576025952023150e-06	1.800000e+00
3.585094032380293e-06	1.800000e+00
3.594162112737435e-06	1.800000e+00
3.603230193094577e-06	1.800000e+00
3.612298273451720e-06	1.800000e+00
3.621366353808863e-06	1.800000e+00
3.630434434166005e-06	1.800000e+00
3.639502514523148e-06	1.800000e+00
3.688330639523146e-06	1.800000e+00
3.693213452023145e-06	1.800000e+00
3.695117187500001e-06	1.800000e+00
3.696192529046289e-06	1.800000e+00
3.697849316907425e-06	1.800000e+00
3.700000000000001e-06	1.796371e+00
3.700005422065774e-06	1.797576e+00
3.700016266197319e-06	1.804863e+00
3.700018931856304e-06	1.803881e+00
3.700022181030644e-06	1.800249e+00
3.700025780302261e-06	1.799573e+00
3.700029753150201e-06	1.799899e+00
3.700034836638632e-06	1.799816e+00
3.700043011549240e-06	1.799935e+00
3.700056015764060e-06	1.799955e+00
3.700080153159683e-06	1.799997e+00
3.700106984019504e-06	1.800070e+00
3.700111751390339e-06	1.800031e+00
3.700112943233048e-06	1.800015e+00
3.700115326918465e-06	1.800007e+00
3.700115922839820e-06	1.800006e+00
3.700117114682528e-06	1.800007e+00
3.700119498367946e-06	1.800007e+00
3.700121286132009e-06	1.800007e+00
3.700123669817426e-06	1.800007e+00
3.700128437188262e-06	1.800007e+00
3.700137971929932e-06	1.800007e+00
3.700157041413272e-06	1.800007e+00
3.700195180379953e-06	1.800007e+00
3.700271458313314e-06	1.800006e+00
3.700372841893091e-06	1.800005e+00
3.700496261635795e-06	1.800004e+00
3.700633613786593e-06	1.800004e+00
3.700827878242790e-06	1.800003e+00
3.701112032364809e-06	1.800003e+00
3.701640064492707e-06	1.800002e+00
3.702696128748504e-06	1.800001e+00
3.704218620492688e-06	1.800000e+00
3.706110100741310e-06	1.800000e+00
3.708103624197436e-06	1.800000e+00
3.709671067347846e-06	1.800000e+00
3.711816396190713e-06	1.800000e+00
3.713896568542151e-06	1.800000e+00
3.717417857188902e-06	1.800000e+00
3.718010407664997e-06	1.800000e+00
3.719195508617186e-06	1.800000e+00
3.720312339848533e-06	1.800001e+00
3.720450279666642e-06	1.800002e+00
3.720726159302861e-06	1.800004e+00
3.720915280877421e-06	1.800009e+00
3.721079245557582e-06	1.800029e+00
3.721223094479163e-06	1.800049e+00
3.721361387348253e-06	1.797577e+00
3.721448473564774e-06	1.782924e+00
3.721509356538254e-06	1.741796e+00
3.721570029478598e-06	1.668890e+00
3.721611439446173e-06	1.620268e+00
3.721656722332314e-06	1.575094e+00
3.721661950873862e-06	1.565773e+00
3.721672407956959e-06	1.530865e+00
3.721693322123153e-06	1.415917e+00
3.721719182105805e-06	1.176580e+00
3.721738313229323e-06	8.736557e-01
3.721759405991895e-06	4.040495e-01
3.721769375454799e-06	1.762334e-01
3.721776661327870e-06	6.809430e-02
3.721787142544489e-06	1.184433e-02
3.721794703727336e-06	2.884205e-03
3.721805050390216e-06	1.894142e-03
3.721818034100979e-06	1.139880e-03
3.721844001522504e-06	5.929498e-04
3.721873732068308e-06	3.831290e-04
3.721911041592401e-06	2.864849e-04
3.721958350162159e-06	2.232603e-04
3.722052967301673e-06	1.575261e-04
3.722141419566651e-06	1.067225e-04
3.722205016978811e-06	5.540958e-05
3.722284347932343e-06	1.209986e-06
3.722363498155227e-06	-1.279129e-05
3.722437035298576e-06	-1.071295e-05
3.722520408311747e-06	-9.904149e-06
3.722687154338090e-06	-7.919667e-06
3.723020646390775e-06	-1.019534e-06
3.723041862847044e-06	-1.902901e-06
3.723084295759582e-06	-4.226775e-06
3.723094903987716e-06	-4.154463e-06
3.723116120443985e-06	-3.998851e-06
3.723121424558053e-06	-3.965413e-06
3.723126728672120e-06	-3.932467e-06
3.723132032786187e-06	-3.900014e-06
3.723137336900254e-06	-3.868053e-06
3.723142641014322e-06	-3.836585e-06
3.723147945128389e-06	-3.805609e-06
3.723153249242456e-06	-3.775126e-06
3.723161205413557e-06	-3.728803e-06
3.723169161584658e-06	-3.683254e-06
3.723177117755759e-06	-3.638482e-06
3.723185073926860e-06	-3.594484e-06
3.723193030097961e-06	-3.551262e-06
3.723200986269062e-06	-3.508816e-06
3.723208942440163e-06	-3.467144e-06
3.723251375352701e-06	-3.257256e-06
3.723336241177777e-06	-2.888106e-06
3.723505972827929e-06	-2.298085e-06
3.723813017608863e-06	-1.518026e-06
3.724105153894850e-06	-1.029109e-06
3.724579896470142e-06	-5.735277e-07
3.725283016718812e-06	-2.318675e-07
3.726290974041312e-06	-3.654263e-08
3.727529512358058e-06	3.194443e-08
3.729452591087890e-06	3.324178e-08
3.732159849226901e-06	4.551720e-09
3.735515638513840e-06	-1.154265e-08
3.739424177439871e-06	-1.088066e-08
3.744306989939871e-06	-8.084382e-09
3.749189802439871e-06	-5.802630e-09
3.754072614939871e-06	-3.801221e-09
3.758955427439871e-06	-2.378141e-09
3.763838239939870e-06	-1.306055e-09
3.768721052439870e-06	-5.827983e-10
3.773603864939870e-06	-6.365572e-11
3.778486677439870e-06	2.796388e-10
3.783369489939870e-06	5.204439e-10
3.788252302439869e-06	6.782777e-10
3.793135114939869e-06	7.949973e-10
3.795117187600001e-06	8.166143e-10
3.797873189139213e-06	8.631389e-10
3.800000000100000e-06	-5.410158e-05
3.800006316784007e-06	-2.172439e-05
3.800018950152020e-06	7.651364e-05
3.800022001426031e-06	4.042485e-05
3.800025857336512e-06	-1.148188e-05
3.800033569157473e-06	-2.992541e-06
3.800046167940374e-06	-1.204790e-06
3.800071365506175e-06	-3.068638e-07
3.800105289511843e-06	-9.364087e-08
3.800147950283213e-06	-8.144338e-09
3.800187535561758e-06	-8.342790e-09
3.800240552067787e-06	4.395901e-09
3.800301723142956e-06	-4.271888e-09
3.800392168145602e-06	3.472159e-09
3.800511126236484e-06	-2.471599e-09
3.800749042418246e-06	1.065438e-09
3.800988476623881e-06	7.229924e-10
3.801248134339630e-06	1.587348e-09
3.801570155429910e-06	4.123791e-11
3.802122979988219e-06	1.334098e-09
3.802856875976155e-06	6.842751e-10
3.803943497802403e-06	1.237631e-09
3.805618025052219e-06	8.990635e-10
3.807844394769531e-06	1.045345e-09
3.810387811225612e-06	9.863979e-10
3.813111703197988e-06	1.068699e-09
3.816712473992001e-06	1.014078e-09
3.820154365489065e-06	1.065826e-09
3.825037177989065e-06	1.004949e-09
3.829919990489064e-06	1.004850e-09
3.839685615489064e-06	1.004736e-09
3.844568427989064e-06	2.134183e-09
3.846214706521874e-06	8.085607e-10
3.847804961956253e-06	1.124714e-09
3.850000000000000e-06	1.976051e-07
3.850001071795920e-06	1.583966e-07
3.850003215387760e-06	2.791710e-08
3.850003751917105e-06	1.275766e-08
3.850004397908657e-06	8.698074e-09
3.850005689891762e-06	4.503264e-09
3.850007594424545e-06	2.098605e-09
3.850011403490112e-06	1.044674e-09
3.850017682382620e-06	8.378132e-10
3.850024564592115e-06	8.676708e-10
3.850034479022892e-06	9.464708e-10
3.850048698939294e-06	1.021857e-09
3.850072153782048e-06	1.047903e-09
3.850096598840137e-06	1.036921e-09
3.850136842349402e-06	1.019515e-09
3.850189602903908e-06	1.011881e-09
3.850282366237477e-06	1.007862e-09
3.850396363766092e-06	1.006373e-09
3.850566807499550e-06	1.005643e-09
3.850763605884545e-06	1.005238e-09
3.851043935774522e-06	1.004860e-09
3.851434064711071e-06	1.004748e-09
3.851967571782939e-06	1.004895e-09
3.852393480466201e-06	1.005007e-09
3.852821638171559e-06	1.005111e-09
3.853279110508995e-06	1.005225e-09
3.853759712073149e-06	1.005293e-09
3.854147311876700e-06	1.005276e-09
3.854631506604851e-06	1.005178e-09
3.855080112580069e-06	1.005102e-09
3.855702378499136e-06	1.005065e-09
3.856254167505315e-06	1.005089e-09
3.856901372641048e-06	1.005139e-09
3.857549099341478e-06	1.005173e-09
3.858248232084868e-06	1.005166e-09
3.859056407787485e-06	1.005133e-09
3.859816791534583e-06	1.005117e-09
3.860707253125282e-06	1.005131e-09
3.861707708307079e-06	1.005144e-09
3.862961649559823e-06	1.005144e-09
3.864468984927616e-06	1.005134e-09
3.865874148104151e-06	1.005137e-09
3.868281245038661e-06	1.005140e-09
3.870457432210053e-06	1.005138e-09
3.873506269606574e-06	1.005138e-09
3.877452545765417e-06	1.005138e-09
3.881854818303613e-06	1.005137e-09
3.886737630803613e-06	1.005138e-09
3.891620443303613e-06	1.005138e-09
3.896503255803613e-06	1.005138e-09
3.901386068303613e-06	1.005138e-09
3.906268880803612e-06	1.005138e-09
3.911151693303612e-06	1.005138e-09
3.916034505803612e-06	1.005138e-09
3.920917318303612e-06	1.005138e-09
3.925800130803612e-06	1.005138e-09
3.930682943303611e-06	1.005138e-09
3.935565755803611e-06	1.005138e-09
3.940448568303611e-06	1.005138e-09
3.945331380803611e-06	1.005138e-09
3.950000000000000e-06	9.988599e-10
3.950013992199423e-06	9.918905e-10
3.950041976598269e-06	9.675482e-10
3.950048736495943e-06	9.680207e-10
3.950057337346478e-06	9.796589e-10
3.950068226510554e-06	9.968824e-10
3.950085039049979e-06	1.011268e-09
3.950118664128831e-06	1.017000e-09
3.950155261013391e-06	1.014678e-09
3.950201140821200e-06	1.011140e-09
3.950257178990609e-06	1.008808e-09
3.950338806507923e-06	1.007093e-09
3.950437676158139e-06	1.006140e-09
3.950572379450832e-06	1.005588e-09
3.950737260835581e-06	1.005295e-09
3.950969146916516e-06	1.005091e-09
3.951277265746210e-06	1.004971e-09
3.951762127245742e-06	1.004962e-09
3.952334425840460e-06	1.005036e-09
3.952946263219984e-06	1.005098e-09
3.953639962173224e-06	1.005138e-09
3.954531607373132e-06	1.005156e-09
3.955609766403438e-06	1.005148e-09
3.956610387677773e-06	1.005136e-09
3.957642618072895e-06	1.005135e-09
3.958803124804906e-06	1.005139e-09
3.960030022752142e-06	1.005140e-09
3.961267649338182e-06	1.005138e-09
3.962706608409760e-06	1.005137e-09
3.964298995888173e-06	1.005138e-09
3.966554185513906e-06	1.005138e-09
3.971064564765373e-06	1.005138e-09
3.975916842327078e-06	1.005138e-09
3.980799654827078e-06	1.005138e-09
4.046799128145851e-06	1.005138e-09
4.050000000100000e-06	1.005138e-09
4.054882812600000e-06	1.005142e-09
4.055117187600000e-06	1.005140e-09
4.055585937600001e-06	1.005137e-09
4.056523437600002e-06	1.005137e-09
4.058125000099998e-06	1.005138e-09
4.060000000100000e-06	8.950288e-10
4.060004898069627e-06	8.857626e-10
4.060014694008881e-06	9.979989e-10
4.060017101266024e-06	1.077653e-09
4.060019979680964e-06	1.136528e-09
4.060024505577658e-06	1.122307e-09
4.060029201230925e-06	1.091250e-09
4.060037844469678e-06	1.051789e-09
4.060050980449853e-06	1.021005e-09
4.060072078395368e-06	1.007050e-09
4.060114274286398e-06	1.004622e-09
4.060186361143857e-06	1.005327e-09
4.060330534858776e-06	1.005286e-09
4.060618882288613e-06	1.005177e-09
4.061006629294922e-06	1.005146e-09
4.061605301193393e-06	1.005134e-09
4.062653891640978e-06	1.005133e-09
4.063768311156537e-06	1.005134e-09
4.065234859070104e-06	1.005136e-09
4.067063345352860e-06	1.005137e-09
4.069456286635651e-06	1.005138e-09
4.073420005936598e-06	1.005138e-09
4.078302818436597e-06	1.005138e-09
4.083185630936597e-06	1.005138e-09
4.088068443436597e-06	1.005138e-09
4.092951255936597e-06	1.005138e-09
4.102716880936596e-06	1.005138e-09
4.107599693436596e-06	1.005138e-09
4.112482505936596e-06	1.005138e-09
4.117365318436596e-06	1.005138e-09
4.195490318436593e-06	1.005138e-09
4.200000000000000e-06	2.445954e-05
4.200013194831603e-06	1.942871e-05
4.200039584494810e-06	7.112375e-06
4.200045967934701e-06	4.216510e-06
4.200054050780252e-06	-1.700868e-06
4.200070216471355e-06	-4.487890e-06
4.200092703301211e-06	-8.440250e-07
4.200137676960925e-06	-1.404231e-06
4.200227624280351e-06	-5.206539e-07
4.200407518919205e-06	-6.214382e-07
4.200674377790569e-06	-3.269148e-07
4.201008158943557e-06	9.259857e-06
4.201073807906666e-06	7.394122e-06
4.201205105832883e-06	-1.993862e-07
4.201237930314438e-06	-1.740944e-07
4.201303579277547e-06	-7.370854e-08
4.201434877203764e-06	-4.254813e-08
4.201467701685319e-06	-3.121551e-08
4.201475907805707e-06	-2.681976e-08
4.201492320046485e-06	-1.703827e-08
4.201525144528040e-06	-1.266917e-09
4.201590793491148e-06	1.637928e-08
4.201722091417366e-06	3.300345e-08
4.201984687269802e-06	4.899333e-08
4.202509878974673e-06	5.772805e-08
4.203560262384416e-06	4.364786e-08
4.205661029203901e-06	1.252094e-10
4.207646114192418e-06	-2.075712e-08
4.210344131347497e-06	-1.970486e-08
4.212349716409849e-06	-1.242987e-08
4.215296784411973e-06	-3.920835e-09
4.218031729347708e-06	-5.705197e-10
4.222914541847708e-06	5.824546e-10
4.227797354347708e-06	-1.340042e-09
4.232088920304907e-06	2.318886e-09
4.232651718856508e-06	1.007823e-08
4.232792418494408e-06	1.037603e-08
4.232827593403883e-06	9.193471e-09
4.232897943222833e-06	4.865732e-09
4.233038642860733e-06	-4.761679e-09
4.233320042136534e-06	-1.542423e-08
4.233882840688134e-06	-1.871684e-08
4.235008437791336e-06	-1.537543e-08
4.237259631997738e-06	-1.260302e-08
4.237822430549339e-06	-1.510859e-08
4.238948027652540e-06	-4.952832e-07
4.239957405193997e-06	-2.353337e-06
4.240126860740258e-06	-3.909009e-06
4.240465771832781e-06	-1.185849e-05
4.240658947590498e-06	-2.435484e-05
4.240844997469311e-06	-5.006366e-05
4.241109812078025e-06	-1.012623e-04
4.241292921607824e-06	-1.249845e-04
4.241477308663559e-06	2.255185e-03
4.241671087478908e-06	1.346077e-02
4.241708092311910e-06	2.719829e-02
4.241782101977913e-06	8.737658e-02
4.241794815261480e-06	1.095734e-01
4.241820241828614e-06	1.832395e-01
4.241826598470398e-06	2.116341e-01
4.241839311753965e-06	2.961964e-01
4.241864738321099e-06	5.140881e-01
4.241889847217454e-06	7.680920e-01
4.241892980723657e-06	8.049552e-01
4.241899247736064e-06	8.919689e-01
4.241907210620372e-06	1.019655e+00
4.241908732278598e-06	1.048942e+00
4.241911775595052e-06	1.120256e+00
4.241916773630414e-06	1.263564e+00
4.241921784826685e-06	1.439470e+00
4.241927206541031e-06	1.645820e+00
4.241929495318523e-06	1.715014e+00
4.241932399489684e-06	1.762803e+00
4.241935477588431e-06	1.783973e+00
4.241938787676543e-06	1.792106e+00
4.241942517063283e-06	1.795912e+00
4.241948499105473e-06	1.798461e+00
4.241955068349248e-06	1.799257e+00
4.241963014589049e-06	1.799483e+00
4.241973887324586e-06	1.799773e+00
4.241990926075870e-06	1.800063e+00
4.242014288231815e-06	1.800174e+00
4.242048439389272e-06	1.800181e+00
4.242107713665559e-06	1.800175e+00
4.242226262218132e-06	1.800153e+00
4.242463359323278e-06	1.800123e+00
4.242937553533570e-06	1.800076e+00
4.243032902772041e-06	1.800071e+00
4.243056740081658e-06	1.800070e+00
4.243104414700894e-06	1.800067e+00
4.243118036020675e-06	1.800067e+00
4.243131657340457e-06	1.800066e+00
4.243145278660239e-06	1.800065e+00
4.243158899980021e-06	1.800064e+00
4.243172521299802e-06	1.800064e+00
4.243186142619584e-06	1.800063e+00
4.243199763939366e-06	1.800062e+00
4.243241479231197e-06	1.800060e+00
4.243312991160050e-06	1.800057e+00
4.243408340398521e-06	1.800053e+00
4.243599038875462e-06	1.800046e+00
4.243980435829343e-06	1.800036e+00
4.244441340522349e-06	1.800027e+00
4.245114297265564e-06	1.800018e+00
4.246281973854879e-06	1.800010e+00
4.248247881019260e-06	1.800003e+00
4.250375668990819e-06	1.800001e+00
4.252374957242679e-06	1.800000e+00
4.254685843299362e-06	1.800000e+00
4.257983286579572e-06	1.800000e+00
4.262866099079572e-06	1.800000e+00
4.267748911579572e-06	1.800000e+00
4.272631724079572e-06	1.800000e+00
4.276776332685120e-06	1.800000e+00
4.277111139622658e-06	1.800000e+00
4.277445946560197e-06	1.800000e+00
4.277780753497735e-06	1.800000e+00
4.278115560435273e-06	1.800000e+00
4.278450367372811e-06	1.800000e+00
4.278785174310350e-06	1.800000e+00
4.279119981247888e-06	1.800000e+00
4.282015749418773e-06	1.800000e+00
4.285221190794729e-06	1.800000e+00
4.290104003294729e-06	1.800000e+00
4.295377931210545e-06	1.800001e+00
4.295899418431633e-06	1.800001e+00
4.296942392873809e-06	1.800001e+00
4.298056683416324e-06	1.800000e+00
4.298912476620388e-06	1.800000e+00
4.300000000100000e-06	1.798708e+00
4.300002759556456e-06	1.798993e+00
4.300008278469366e-06	1.800873e+00
4.300009630481679e-06	1.800890e+00
4.300011303695130e-06	1.800460e+00
4.300014650122032e-06	1.800321e+00
4.300017668048479e-06	1.800287e+00
4.300023703901371e-06	1.800241e+00
4.300035155030569e-06	1.800171e+00
4.300046636632273e-06	1.800123e+00
4.300063126048110e-06	1.800081e+00
4.300083321276563e-06	1.800051e+00
4.300123711733469e-06	1.800022e+00
4.300195493101716e-06	1.800005e+00
4.300339055838210e-06	1.800000e+00
4.300504832005793e-06	1.800000e+00
4.300722374865873e-06	1.800000e+00
4.300987645099619e-06	1.800000e+00
4.301426233594783e-06	1.800000e+00
4.302066708795790e-06	1.800000e+00
4.302990205880963e-06	1.800000e+00
4.304030619060030e-06	1.800000e+00
4.305299313596888e-06	1.800000e+00
4.306722823248218e-06	1.800000e+00
4.307884649791312e-06	1.800000e+00
4.309280958830156e-06	1.800000e+00
4.310543149563171e-06	1.800000e+00
4.311394479973355e-06	1.800000e+00
4.312019165779152e-06	1.800000e+00
4.312505955244224e-06	1.800000e+00
4.313019017665038e-06	1.800000e+00
4.313600442723977e-06	1.800000e+00
4.313952509941864e-06	1.800000e+00
4.314371732141899e-06	1.800000e+00
4.314824611635987e-06	1.800000e+00
4.315430140167290e-06	1.800000e+00
4.316164169337569e-06	1.800000e+00
4.316967173573534e-06	1.800000e+00
4.317980034877921e-06	1.800000e+00
4.319331217118123e-06	1.800000e+00
4.321497036208321e-06	1.800000e+00
4.324284721933760e-06	1.800000e+00
4.327838124733430e-06	1.800000e+00
4.332720786427368e-06	1.800000e+00
4.337603598927368e-06	1.800000e+00
4.342486411427367e-06	1.800000e+00
4.345117187500001e-06	1.800000e+00
4.350000000000001e-06	1.800000e+00
4.350009536743164e-06	1.800000e+00
4.350028610229493e-06	1.800000e+00
4.350033285059654e-06	1.800000e+00
4.350038859298819e-06	1.800000e+00
4.350049292923319e-06	1.800000e+00
4.350059562584807e-06	1.800000e+00
4.350078524871575e-06	1.800000e+00
4.350107945572048e-06	1.800000e+00
4.350153673414451e-06	1.800000e+00
4.350245129099256e-06	1.800000e+00
4.350381115740543e-06	1.800000e+00
4.350523996957404e-06	1.800000e+00
4.350751799129308e-06	1.800000e+00
4.351001175412951e-06	1.800000e+00
4.351210335978249e-06	1.800000e+00
4.351447680790932e-06	1.800000e+00
4.351666423532656e-06	1.800000e+00
4.351925183403585e-06	1.800000e+00
4.352265816282817e-06	1.800000e+00
4.352573876310284e-06	1.800000e+00
4.352960707170546e-06	1.800000e+00
4.353369377159920e-06	1.800000e+00
4.353751250215623e-06	1.800000e+00
4.354101058053993e-06	1.800000e+00
4.354483923121507e-06	1.800000e+00
4.354980210370356e-06	1.800000e+00
4.355495592277732e-06	1.800000e+00
4.356099606063987e-06	1.800000e+00
4.356677618420198e-06	1.800000e+00
4.357327065433491e-06	1.800000e+00
4.358025210949675e-06	1.800000e+00
4.358808923818878e-06	1.800000e+00
4.359753243722707e-06	1.800000e+00
4.360818070042606e-06	1.800000e+00
4.361938701693381e-06	1.800000e+00
4.363421984416181e-06	1.800000e+00
4.364976190764318e-06	1.800000e+00
4.367201369567427e-06	1.800000e+00
4.369486709108503e-06	1.800000e+00
4.373667525030632e-06	1.800000e+00
4.377662384410567e-06	1.800000e+00
4.382545196910566e-06	1.800000e+00
4.387428009410566e-06	1.800000e+00
4.392310821910566e-06	1.800000e+00
4.397193634410566e-06	1.800000e+00
4.402076446910566e-06	1.800000e+00
4.406959259410565e-06	1.800000e+00
4.411842071910565e-06	1.800000e+00
4.426490509410565e-06	1.800000e+00
4.431373321910564e-06	1.800000e+00
4.436256134410564e-06	1.800000e+00
4.445117187500001e-06	1.800000e+00
4.450000000000001e-06	1.800000e+00
4.450009536743164e-06	1.800000e+00
4.450028610229493e-06	1.800000e+00
4.450033394134348e-06	1.800000e+00
4.450039164433298e-06	1.800000e+00
4.450046346353379e-06	1.800000e+00
4.450060710193541e-06	1.800000e+00
4.450084035568777e-06	1.800000e+00
4.450119535965567e-06	1.800000e+00
4.450184654646171e-06	1.800000e+00
4.450314892007378e-06	1.800000e+00
4.450491914965680e-06	1.800000e+00
4.450687365893220e-06	1.800000e+00
4.450893373517427e-06	1.800000e+00
4.451135562731986e-06	1.800000e+00
4.451442993540573e-06	1.800000e+00
4.451795313138391e-06	1.800000e+00
4.452334188359654e-06	1.800000e+00
4.453100596573350e-06	1.800000e+00
4.454130706873066e-06	1.800000e+00
4.455204122240843e-06	1.800000e+00
4.456738565934487e-06	1.800000e+00
4.457578043150226e-06	1.800000e+00
4.458302563899023e-06	1.800000e+00
4.459186062862594e-06	1.800000e+00
4.460114435742545e-06	1.800000e+00
4.460722726058164e-06	1.800000e+00
4.461153794802668e-06	1.800000e+00
4.461494560361757e-06	1.800000e+00
4.461852848490907e-06	1.800000e+00
4.462264216884015e-06	1.800000e+00
4.462533052264190e-06	1.800000e+00
4.462842095926384e-06	1.800000e+00
4.463173892611188e-06	1.800000e+00
4.463648463502709e-06	1.800000e+00
4.464207199825909e-06	1.800000e+00
4.464814142199546e-06	1.800000e+00
4.465587282266779e-06	1.800000e+00
4.466571457147571e-06	1.800000e+00
4.467877816605955e-06	1.800000e+00
4.469839411739510e-06	1.800000e+00
4.471888198113877e-06	1.800000e+00
4.474413736638042e-06	1.800000e+00
4.478086076923415e-06	1.800000e+00
4.482968889423415e-06	1.800000e+00
4.487851701923415e-06	1.800000e+00
4.492734514423415e-06	1.800000e+00
4.497617326923414e-06	1.800000e+00
4.502500139423414e-06	1.800000e+00
4.507382951923414e-06	1.800000e+00
4.545117187600001e-06	1.800000e+00
4.550000000100000e-06	1.800000e+00
4.554882812600000e-06	1.800000e+00
4.555117187600000e-06	1.800000e+00
4.555585937600001e-06	1.800000e+00
4.556523437600002e-06	1.800000e+00
4.558125000099998e-06	1.800000e+00
4.560000000100000e-06	1.800000e+00
4.560005246996652e-06	1.800000e+00
4.560015740789955e-06	1.800000e+00
4.560018295338071e-06	1.800000e+00
4.560021453873544e-06	1.800000e+00
4.560027770944490e-06	1.800000e+00
4.560035642303493e-06	1.800000e+00
4.560051073996303e-06	1.800000e+00
4.560075247869984e-06	1.800000e+00
4.560105794980806e-06	1.800000e+00
4.560166889202449e-06	1.800000e+00
4.560289077645734e-06	1.800000e+00
4.560510663875884e-06	1.800000e+00
4.560847454221430e-06	1.800000e+00
4.561375659553118e-06	1.800000e+00
4.561950747865610e-06	1.800000e+00
4.562964639559614e-06	1.800000e+00
4.564342318529944e-06	1.800000e+00
4.565790119582467e-06	1.800000e+00
4.567828618656951e-06	1.800000e+00
4.571155146447893e-06	1.800000e+00
4.575066545311227e-06	1.800000e+00
4.579949357811227e-06	1.800000e+00
4.584832170311226e-06	1.800000e+00
4.687371232811222e-06	1.800000e+00
4.695117187500001e-06	1.800000e+00
4.700000000000001e-06	1.790195e+00
4.700001192092897e-06	1.788239e+00
4.700003576278688e-06	1.792495e+00
4.700004169178654e-06	1.798372e+00
4.700004889932154e-06	1.804029e+00
4.700006069776211e-06	1.805478e+00
4.700007294811370e-06	1.804772e+00
4.700009744881688e-06	1.802945e+00
4.700013844835561e-06	1.801195e+00
4.700022044743307e-06	1.799909e+00
4.700032131296182e-06	1.799643e+00
4.700043939475755e-06	1.799764e+00
4.700060950305863e-06	1.799888e+00
4.700082973195556e-06	1.799949e+00
4.700106792360969e-06	1.799977e+00
4.700111336753260e-06	1.799981e+00
4.700112472851333e-06	1.799982e+00
4.700115313096515e-06	1.799984e+00
4.700118721390733e-06	1.799986e+00
4.700123265783024e-06	1.799989e+00
4.700126674077243e-06	1.799991e+00
4.700131218469534e-06	1.799993e+00
4.700140307254117e-06	1.799997e+00
4.700158484823282e-06	1.800005e+00
4.700194839961613e-06	1.800022e+00
4.700267550238275e-06	1.800091e+00
4.700347006354528e-06	1.799897e+00
4.700426274682775e-06	1.790653e+00
4.700485093059212e-06	1.766036e+00
4.700491867984850e-06	1.757292e+00
4.700505417836125e-06	1.720060e+00
4.700521922285565e-06	1.641556e+00
4.700539948105649e-06	1.518710e+00
4.700551788296669e-06	1.429021e+00
4.700563906130203e-06	1.352220e+00
4.700578222584412e-06	1.294877e+00
4.700590336565212e-06	1.262393e+00
4.700600925664837e-06	1.215675e+00
4.700614735478961e-06	1.082037e+00
4.700629087197482e-06	8.258078e-01
4.700646101929686e-06	4.050983e-01
4.700656708052921e-06	1.538094e-01
4.700664406845225e-06	4.712123e-02
4.700673605939317e-06	7.823128e-03
4.700680833993039e-06	2.309168e-03
4.700690681352966e-06	1.504900e-03
4.700706681869551e-06	8.907420e-04
4.700738682902720e-06	4.968036e-04
4.700802684969058e-06	2.863460e-04
4.700886804354046e-06	1.898362e-04
4.700982309041425e-06	1.342206e-04
4.701063340155227e-06	7.697893e-05
4.701130345131488e-06	2.271494e-05
4.701208912780168e-06	-9.533625e-06
4.701263257615816e-06	-1.137936e-05
4.701342060212908e-06	-9.523227e-06
4.701477296071124e-06	-7.974253e-06
4.701747767787556e-06	-5.464789e-06
4.702048262507612e-06	-3.485378e-06
4.702394955511398e-06	-2.123544e-06
4.702855561986168e-06	-1.144190e-06
4.703374024850612e-06	-5.941818e-07
4.704076226383043e-06	-3.720390e-06
4.704190498778964e-06	-9.953108e-07
4.704219066877944e-06	-1.704532e-07
4.704290487125394e-06	-1.492624e-07
4.704390475471824e-06	-1.315361e-07
4.704476179768764e-06	-1.178720e-07
4.704590452164685e-06	-1.021476e-07
4.704818996956526e-06	-7.735812e-08
4.705276086540207e-06	-4.402476e-08
4.705982788381251e-06	-1.593209e-08
4.706961260022357e-06	-5.858374e-10
4.708918203304568e-06	6.757876e-09
4.712832089868989e-06	8.468580e-09
4.717714902368989e-06	7.707924e-09
4.722597714868988e-06	6.052318e-09
4.727480527368988e-06	4.275887e-09
4.732363339868988e-06	3.063516e-09
4.737246152368988e-06	2.341252e-09
4.742128964868988e-06	1.897233e-09
4.747011777368987e-06	1.608865e-09
4.751894589868987e-06	1.416216e-09
4.756777402368987e-06	1.286026e-09
4.761660214868987e-06	1.197370e-09
4.766543027368987e-06	1.136903e-09
4.771425839868986e-06	1.095490e-09
4.776308652368986e-06	1.067152e-09
4.781191464868986e-06	1.047697e-09
4.786074277368986e-06	1.034367e-09
4.790957089868986e-06	1.025125e-09
4.795117187600001e-06	1.019645e-09
4.800000000100000e-06	-2.936078e-05
4.800009536843164e-06	-8.595744e-06
4.800028610329492e-06	2.841748e-05
4.800033397207940e-06	1.303452e-06
4.800039125857193e-06	-1.993342e-05
4.800050583155698e-06	-7.751756e-07
4.800071271927719e-06	-9.709676e-07
4.800112649471761e-06	-1.561720e-08
4.800156314777181e-06	-1.246722e-07
4.800214702330643e-06	3.043081e-08
4.800277121827471e-06	-9.240230e-08
4.800374837189855e-06	4.105890e-08
4.800506394875319e-06	-5.166195e-08
4.800769510246247e-06	1.366215e-09
4.801031800945121e-06	-1.292557e-08
4.801393577005187e-06	1.264924e-08
4.801929522097365e-06	3.189872e-10
4.802479072601385e-06	7.434792e-09
4.803241130209883e-06	-2.942200e-09
4.804244467001939e-06	5.743932e-09
4.805870521214104e-06	-5.741712e-10
4.807925922786604e-06	1.996167e-09
4.810383251277223e-06	5.228356e-10
4.813106914591453e-06	2.203314e-09
4.816810619227359e-06	2.250460e-10
4.821679106737204e-06	1.022756e-09
4.826561919237204e-06	1.012722e-09
4.841210356737203e-06	3.957846e-10
4.845117187500001e-06	3.930559e-10
4.850000000000001e-06	-2.518357e-06
4.850009536743165e-06	-1.704705e-06
4.850028610229493e-06	1.080494e-07
4.850033384487590e-06	6.556971e-08
4.850039037986929e-06	-2.003581e-08
4.850049080787588e-06	4.016426e-09
4.850061732200271e-06	-1.185191e-09
4.850085779149840e-06	1.628645e-09
4.850122949836446e-06	7.060814e-10
4.850178886610242e-06	1.166277e-09
4.850258832755784e-06	8.921893e-10
4.850381730413053e-06	1.082488e-09
4.850582469935530e-06	9.729006e-10
4.850859884011867e-06	1.029341e-09
4.851253381983890e-06	9.877228e-10
4.851818740195942e-06	1.004213e-09
4.852370099146119e-06	1.002505e-09
4.852957845641115e-06	1.004980e-09
4.853539533093372e-06	1.000460e-09
4.854205771214947e-06	1.006201e-09
4.854891819500784e-06	1.002898e-09
4.855629104950525e-06	1.011084e-09
4.856563202979251e-06	1.003022e-09
4.857593694781139e-06	1.005599e-09
4.858645158525301e-06	1.001284e-09
4.859955999132627e-06	1.006840e-09
4.861427171642741e-06	1.003307e-09
4.863122127144436e-06	1.007327e-09
4.865197333384050e-06	1.003840e-09
4.867591881134112e-06	1.006914e-09
4.870631002730026e-06	1.003226e-09
4.874916636907505e-06	1.005708e-09
4.879799449407504e-06	1.005136e-09
4.884682261907504e-06	1.005140e-09
4.889565074407504e-06	1.005136e-09
4.894447886907504e-06	1.005140e-09
4.899330699407504e-06	1.005136e-09
4.904213511907503e-06	1.005140e-09
4.909096324407503e-06	1.005136e-09
4.913979136907503e-06	1.005140e-09
4.918861949407503e-06	1.005136e-09
4.923744761907503e-06	1.005140e-09
4.928627574407502e-06	1.005136e-09
4.933510386907502e-06	1.005140e-09
4.938393199407502e-06	1.005136e-09
4.943276011907502e-06	9.985157e-10
4.945117187500001e-06	1.010778e-09
4.946317648815002e-06	1.006197e-09
4.947599077369998e-06	9.980615e-10
4.950000000000001e-06	-3.126819e-09
4.950007259458807e-06	-1.819963e-09
4.950021778376419e-06	1.225106e-09
4.950025278867981e-06	1.158097e-09
4.950029744645805e-06	9.625015e-10
4.950038676201456e-06	9.923937e-10
4.950056539312756e-06	9.975759e-10
4.950085625804583e-06	1.007219e-09
4.950117724622474e-06	1.009547e-09
4.950157428528140e-06	1.009227e-09
4.950209768051439e-06	1.007742e-09
4.950288830755632e-06	1.006696e-09
4.950400574983452e-06	1.005793e-09
4.950595213962942e-06	1.005356e-09
4.950826406067089e-06	1.005140e-09
4.951135485527563e-06	1.005066e-09
4.951447816886713e-06	1.005021e-09
4.951952299646561e-06	1.005057e-09
4.952657777515009e-06	1.005094e-09
4.953359018752916e-06	1.005134e-09
4.954315621449730e-06	1.005154e-09
4.955479762000995e-06	1.005149e-09
4.956606504665725e-06	1.005133e-09
4.957931816797748e-06	1.005135e-09
4.959349058121376e-06	1.005139e-09
4.960914502120484e-06	1.005141e-09
4.963141271782112e-06	1.005136e-09
4.966832414125553e-06	1.005139e-09
4.970996925101197e-06	1.005138e-09
4.975879737601197e-06	1.005138e-09
4.980762550101196e-06	1.005138e-09
4.985645362601196e-06	1.005138e-09
4.990528175101196e-06	1.005138e-09
4.995410987601196e-06	1.005138e-09
5.000000000000000e-06	1.005135e-09
