time	V(comp_out)
0.000000000000000e+00	1.005148e-09
1.999999967550318e-17	1.005150e-09
2.775869888028509e-17	1.005150e-09
4.327609728984889e-17	1.005152e-09
7.431089410897651e-17	1.005155e-09
1.000000000000000e-16	1.005157e-09
1.010000000000000e-16	1.005157e-09
1.000000101000000e-09	1.134507e-09
1.125000101000000e-09	1.119386e-09
1.375000101000000e-09	1.038266e-09
1.606298618256941e-09	1.005201e-09
1.884979981511248e-09	1.005142e-09
2.180699757119844e-09	1.005152e-09
2.772139308337037e-09	1.005321e-09
2.784192559162543e-09	1.005250e-09
2.808299060813556e-09	1.005130e-09
2.856512064115582e-09	1.005155e-09
2.868565314941088e-09	1.005143e-09
2.898698442004854e-09	1.005148e-09
2.910751692830361e-09	1.005146e-09
2.934858194481373e-09	1.005145e-09
2.983071197783399e-09	1.005145e-09
3.079497204387451e-09	1.005145e-09
3.272349217595553e-09	1.005145e-09
3.658053244011759e-09	1.005145e-09
4.429461296844171e-09	1.005146e-09
5.340508008448230e-09	1.005146e-09
6.221218483568452e-09	1.005147e-09
7.078447566160514e-09	1.005147e-09
8.278646229949345e-09	1.005148e-09
9.554274770818599e-09	1.005148e-09
1.063187410080535e-08	1.005148e-09
1.069421629917990e-08	1.005148e-09
1.081890069592899e-08	1.005148e-09
1.085007179511626e-08	1.005148e-09
1.091241399349081e-08	1.005148e-09
1.103709839023990e-08	1.005148e-09
1.106826948942717e-08	1.005148e-09
1.107606226422399e-08	1.005148e-09
1.109554420121604e-08	1.005148e-09
1.111892252560649e-08	1.005148e-09
1.115009362479376e-08	1.005148e-09
1.121243582316831e-08	1.005148e-09
1.133712021991740e-08	1.005148e-09
1.158648901341558e-08	1.005148e-09
1.208522660041195e-08	1.005148e-09
1.263697010099249e-08	1.005148e-09
1.363113742877664e-08	1.005148e-09
1.561947208434493e-08	1.005148e-09
1.809487950696652e-08	1.005148e-09
2.071669611102988e-08	1.005148e-09
2.387830965265813e-08	1.005148e-09
2.742101236333236e-08	1.005148e-09
3.126375000837542e-08	1.005148e-09
3.572297461522582e-08	1.005148e-09
4.060578711522582e-08	1.005148e-09
4.548859961522582e-08	1.005148e-09
5.037141211522582e-08	1.005148e-09
5.525422461522582e-08	1.005148e-09
6.013703711522582e-08	1.005148e-09
6.501984961522582e-08	1.005148e-09
6.990266211522581e-08	1.005148e-09
7.478547461522581e-08	1.005148e-09
7.966828711522581e-08	1.005148e-09
8.455109961522581e-08	1.005148e-09
8.943391211522581e-08	1.005148e-09
9.431672461522581e-08	1.005148e-09
9.679814816090324e-08	1.005148e-09
1.000000001000000e-07	1.005148e-09
1.000000001100000e-07	1.005148e-09
1.000000001300000e-07	1.005148e-09
1.000000001700000e-07	1.005149e-09
1.000000002000000e-07	1.005149e-09
1.000000002053972e-07	1.005150e-09
1.010000002053972e-07	1.108025e-09
1.020000002053972e-07	1.119493e-09
1.080000002053972e-07	1.005146e-09
2.000000000000000e-07	1.005227e-09
2.000000000100000e-07	2.333892e-06
2.000000000125000e-07	7.062315e-06
2.000000003625000e-07	1.036394e-03
2.000000005375001e-07	1.242748e-03
2.000000260875036e-07	1.179139e-03
2.000000516375072e-07	1.118494e-03
2.000000771875108e-07	1.060815e-03
2.000001027375144e-07	1.006102e-03
2.000001282875179e-07	9.543536e-04
2.000001538375215e-07	9.055711e-04
2.000001793875251e-07	8.597540e-04
2.000003585875501e-07	5.918315e-04
2.000007169876002e-07	2.611312e-04
2.000014337877004e-07	-1.659500e-05
2.000028673879007e-07	-1.196989e-04
2.000057328685989e-07	-7.157179e-05
2.000101566265662e-07	-1.856603e-05
2.000190041425008e-07	1.092615e-06
2.000366991743701e-07	2.405575e-06
2.000720892381087e-07	3.757104e-07
2.001322706869390e-07	6.034185e-08
2.002165778982953e-07	2.992370e-09
2.003851923210079e-07	-1.447580e-08
2.006478519476156e-07	-1.585699e-07
2.010276145279203e-07	-3.942706e-07
2.015887196883213e-07	-8.602135e-07
2.025613234729209e-07	-2.154454e-06
2.033023519892183e-07	-4.865025e-06
2.037560461772929e-07	-1.042253e-05
2.041587499771976e-07	-2.112140e-05
2.047492890371198e-07	-4.092670e-05
2.051413107437305e-07	-4.917125e-05
2.055799789727387e-07	1.150884e-03
2.060336054977995e-07	8.195697e-03
2.061470121290647e-07	2.452923e-02
2.063738253915951e-07	1.015760e-01
2.064031970913728e-07	1.298394e-01
2.064619404909283e-07	2.324688e-01
2.064711534720752e-07	2.577224e-01
2.064895794343690e-07	3.286424e-01
2.065264313589566e-07	4.893501e-01
2.065314073154259e-07	5.125420e-01
2.065413592283646e-07	5.622286e-01
2.065612630542419e-07	6.694871e-01
2.065653239767996e-07	6.953657e-01
2.065734458219149e-07	7.619071e-01
2.065848192522891e-07	8.850121e-01
2.065919086995393e-07	9.869132e-01
2.065936810613518e-07	1.020341e+00
2.065972257849769e-07	1.103655e+00
2.066017906542076e-07	1.236458e+00
2.066064789888781e-07	1.405905e+00
2.066120108276449e-07	1.626888e+00
2.066143382473433e-07	1.704302e+00
2.066169389046158e-07	1.754863e+00
2.066198355896928e-07	1.779636e+00
2.066233187004767e-07	1.790669e+00
2.066266868528188e-07	1.794964e+00
2.066321674543467e-07	1.797999e+00
2.066383790795372e-07	1.799160e+00
2.066459861887402e-07	1.799436e+00
2.066561588881461e-07	1.799689e+00
2.066715679561277e-07	1.800001e+00
2.066922382231021e-07	1.800159e+00
2.067210765648747e-07	1.800181e+00
2.067684646660041e-07	1.800177e+00
2.068632408682628e-07	1.800161e+00
2.070471916243125e-07	1.800134e+00
2.074150931364120e-07	1.800083e+00
2.074967870608511e-07	1.800084e+00
2.075172105419609e-07	1.800085e+00
2.075682692447354e-07	1.800081e+00
2.076040103366775e-07	1.800079e+00
2.076229749977080e-07	1.800078e+00
2.076419396587385e-07	1.800077e+00
2.076609043197691e-07	1.800075e+00
2.076798689807996e-07	1.800074e+00
2.076988336418301e-07	1.800073e+00
2.077177983028606e-07	1.800072e+00
2.077367629638912e-07	1.800071e+00
2.078184568883303e-07	1.800066e+00
2.079818447372086e-07	1.800059e+00
2.083086204349652e-07	1.800047e+00
2.087156024105631e-07	1.800035e+00
2.092545190498180e-07	1.800025e+00
2.101199382366716e-07	1.800015e+00
2.115280844909617e-07	1.800007e+00
2.129657554706791e-07	1.800003e+00
2.149637856501963e-07	1.800001e+00
2.169258547416425e-07	1.800000e+00
2.191808188873357e-07	1.800000e+00
2.220666288873607e-07	1.800000e+00
2.269494413873607e-07	1.800000e+00
2.318322538873607e-07	1.800000e+00
2.367150663873607e-07	1.800000e+00
2.415978788873607e-07	1.800000e+00
2.453564116428581e-07	1.800000e+00
2.456356598109326e-07	1.800000e+00
2.459149079790072e-07	1.800000e+00
2.461941561470818e-07	1.800000e+00
2.464734043151563e-07	1.800000e+00
2.467526524832309e-07	1.800000e+00
2.470319006513055e-07	1.800000e+00
2.473111488193800e-07	1.800000e+00
2.501216189517053e-07	1.800000e+00
2.520892011898778e-07	1.800000e+00
2.560243656662229e-07	1.800000e+00
2.609071781662229e-07	1.800001e+00
2.657899906662229e-07	1.800000e+00
2.706728031662229e-07	1.800000e+00
2.755556156662230e-07	1.800000e+00
2.804384281662230e-07	1.800000e+00
2.853212406662230e-07	1.800000e+00
2.902040531662230e-07	1.800000e+00
2.913262450479444e-07	1.800000e+00
2.924484369296658e-07	1.800000e+00
2.935706288113872e-07	1.800000e+00
2.946928206931085e-07	1.800000e+00
2.958150125748299e-07	1.800000e+00
2.969372044565513e-07	1.800000e+00
2.980593963382727e-07	1.800000e+00
3.000000001000000e-07	1.799188e+00
3.000049099729555e-07	1.799430e+00
3.000147297188665e-07	1.800625e+00
3.000171401480843e-07	1.800517e+00
3.000200999960832e-07	1.800179e+00
3.000246312461231e-07	1.800176e+00
3.000295082480974e-07	1.800151e+00
3.000392622520461e-07	1.800115e+00
3.000497320053912e-07	1.800085e+00
3.000663333426298e-07	1.800053e+00
3.000843528073531e-07	1.800033e+00
3.001203917367997e-07	1.800015e+00
3.001754875288068e-07	1.800005e+00
3.002856791128211e-07	1.800001e+00
3.005060622808498e-07	1.800000e+00
3.007957083044985e-07	1.800000e+00
3.011017749824850e-07	1.800000e+00
3.014719404302662e-07	1.800000e+00
3.018942005303427e-07	1.800000e+00
3.024598237387509e-07	1.800000e+00
3.033469047037900e-07	1.800000e+00
3.041956396403459e-07	1.800000e+00
3.051492138658820e-07	1.800000e+00
3.063111519901328e-07	1.800000e+00
3.075159728140663e-07	1.800000e+00
3.087118558190143e-07	1.800000e+00
3.100608558515779e-07	1.800000e+00
3.124377555828861e-07	1.800000e+00
3.151278263828919e-07	1.800000e+00
3.177023919148401e-07	1.800000e+00
3.201282236479301e-07	1.800000e+00
3.213319504923430e-07	1.800000e+00
3.225096420891442e-07	1.800000e+00
3.236548621713759e-07	1.800000e+00
3.249926626697290e-07	1.800000e+00
3.259718851070185e-07	1.800000e+00
3.266921878133095e-07	1.800000e+00
3.273370155369138e-07	1.800000e+00
3.281385761480385e-07	1.800000e+00
3.286679741422783e-07	1.800000e+00
3.291919071535300e-07	1.800000e+00
3.297746716360116e-07	1.800000e+00
3.306130052727717e-07	1.800000e+00
3.314291794848462e-07	1.800000e+00
3.323466783789988e-07	1.800000e+00
3.334537744218419e-07	1.800000e+00
3.348210332150397e-07	1.800000e+00
3.370438057252891e-07	1.800000e+00
3.395617017698085e-07	1.800000e+00
3.429560550334157e-07	1.800000e+00
3.454462348540363e-07	1.800000e+00
3.500000000000000e-07	1.800000e+00
3.500000000100001e-07	1.800000e+00
3.500000000300000e-07	1.800000e+00
3.500000000350000e-07	1.800000e+00
3.500000001731251e-07	1.800000e+00
3.510000001731251e-07	1.800000e+00
3.520000001731251e-07	1.800000e+00
3.530000001731252e-07	1.800000e+00
3.540000001731252e-07	1.800000e+00
3.555983978955307e-07	1.800000e+00
3.572382373792623e-07	1.800000e+00
3.596507529469212e-07	1.800000e+00
3.623588881845795e-07	1.800000e+00
3.665110561394860e-07	1.800000e+00
3.713403644835239e-07	1.800000e+00
3.762231769835239e-07	1.800000e+00
4.500000000000000e-07	1.800000e+00
4.500000000100001e-07	1.800000e+00
4.500000000300000e-07	1.800000e+00
4.500000000700001e-07	1.800000e+00
4.500000000737500e-07	1.800000e+00
4.500000000812500e-07	1.800000e+00
4.500000000962500e-07	1.800000e+00
4.500000001000001e-07	1.800000e+00
4.500000001010000e-07	1.800000e+00
4.510000001010001e-07	1.800000e+00
4.520000001010001e-07	1.800000e+00
4.530000001010001e-07	1.800000e+00
4.540000001010001e-07	1.800000e+00
4.541694654205291e-07	1.800000e+00
4.545083960595871e-07	1.800000e+00
4.551862573377030e-07	1.800000e+00
4.565419798939348e-07	1.800000e+00
4.574184780578985e-07	1.800000e+00
4.581756402623198e-07	1.800000e+00
4.589481872678501e-07	1.800000e+00
4.597250078413845e-07	1.800000e+00
4.606313139193821e-07	1.800000e+00
4.615853732020543e-07	1.800000e+00
4.621206357801023e-07	1.800000e+00
4.625735933519685e-07	1.800000e+00
4.629369152573635e-07	1.800000e+00
4.633339219916963e-07	1.800000e+00
4.637593675543454e-07	1.800000e+00
4.640403673643597e-07	1.800000e+00
4.644119636208182e-07	1.800000e+00
4.647776459112483e-07	1.800000e+00
4.652426057295211e-07	1.800000e+00
4.658126833074870e-07	1.800000e+00
4.664885172047230e-07	1.800000e+00
4.673095798544588e-07	1.800000e+00
4.683802312824580e-07	1.800000e+00
4.698155250035768e-07	1.800000e+00
4.715714155166108e-07	1.800000e+00
4.738066104414007e-07	1.800000e+00
4.762197432300843e-07	1.800000e+00
4.810460088074514e-07	1.800000e+00
4.859288213074514e-07	1.800000e+00
4.908116338074514e-07	1.800000e+00
4.956944463074514e-07	1.800000e+00
5.005772588074514e-07	1.800000e+00
5.054600713074514e-07	1.800000e+00
5.152256963074515e-07	1.800000e+00
5.476215349298059e-07	1.800000e+00
5.500000001000001e-07	1.800000e+00
5.500000001100001e-07	1.800000e+00
5.500000004700001e-07	1.800000e+00
5.500000006500001e-07	1.800000e+00
5.500000137642863e-07	1.800000e+00
5.500000268785726e-07	1.800000e+00
5.500000399928587e-07	1.800000e+00
5.500000531071450e-07	1.800000e+00
5.500000662214312e-07	1.800000e+00
5.500000793357175e-07	1.800000e+00
5.500000924500037e-07	1.800000e+00
5.500001846100072e-07	1.800000e+00
5.500003689300144e-07	1.800000e+00
5.500007375700288e-07	1.800000e+00
5.500014748500575e-07	1.800000e+00
5.500029494101149e-07	1.800000e+00
5.500058985302296e-07	1.800000e+00
5.500117967704592e-07	1.800000e+00
5.500235932509183e-07	1.800000e+00
5.500471862118366e-07	1.800000e+00
5.500943721336731e-07	1.800000e+00
5.501887439773461e-07	1.800000e+00
5.503774876646921e-07	1.800000e+00
5.506876893905257e-07	1.800000e+00
5.510689170064509e-07	1.800000e+00
5.518313722383012e-07	1.800000e+00
5.533562827020018e-07	1.800000e+00
5.548807872484884e-07	1.800000e+00
5.569509910070269e-07	1.800000e+00
5.600000001000000e-07	1.800000e+00
5.600095368431640e-07	1.800000e+00
5.600286103294922e-07	1.800000e+00
5.600331780871295e-07	1.800000e+00
5.600389671951976e-07	1.800000e+00
5.600505454113339e-07	1.800000e+00
5.600698900909112e-07	1.800000e+00
5.601023757472212e-07	1.800000e+00
5.601673470598413e-07	1.800000e+00
5.602881403473781e-07	1.800000e+00
5.605297269224516e-07	1.800000e+00
5.609065114259099e-07	1.800000e+00
5.616384872754554e-07	1.800000e+00
5.629442448681350e-07	1.800000e+00
5.642979199249191e-07	1.800000e+00
5.663812384730284e-07	1.800000e+00
5.692324366263810e-07	1.800000e+00
5.733737956737311e-07	1.800000e+00
5.782566081737311e-07	1.800000e+00
5.880222331737311e-07	1.800000e+00
6.954441081737314e-07	1.800000e+00
7.000000000000001e-07	1.790264e+00
7.000011920928955e-07	1.788350e+00
7.000035762786866e-07	1.792722e+00
7.000041690371216e-07	1.798588e+00
7.000048898395483e-07	1.804139e+00
7.000061793124146e-07	1.805517e+00
7.000073783261264e-07	1.804745e+00
7.000097763535500e-07	1.802892e+00
7.000139871499076e-07	1.801034e+00
7.000208317356266e-07	1.799789e+00
7.000283878953719e-07	1.799450e+00
7.000401057192371e-07	1.799521e+00
7.000558816636599e-07	1.799764e+00
7.000724117421899e-07	1.799989e+00
7.000895172673808e-07	1.800138e+00
7.001084734027142e-07	1.800245e+00
7.001109062737014e-07	1.800252e+00
7.001157720156757e-07	1.800254e+00
7.001169884511693e-07	1.800253e+00
7.001194213221565e-07	1.800251e+00
7.001200295399034e-07	1.800251e+00
7.001212459753969e-07	1.800251e+00
7.001236788463841e-07	1.800251e+00
7.001285445883585e-07	1.800252e+00
7.001382760723073e-07	1.800239e+00
7.001577390402049e-07	1.799594e+00
7.001966649760002e-07	1.794744e+00
7.002167239557531e-07	1.784857e+00
7.002443148952449e-07	1.750455e+00
7.002595984296008e-07	1.706032e+00
7.002738526790337e-07	1.617662e+00
7.002937153765014e-07	1.404819e+00
7.003077597663151e-07	1.156360e+00
7.003183783576041e-07	8.561680e-01
7.003268134798479e-07	5.371085e-01
7.003345373709421e-07	2.431866e-01
7.003404012054740e-07	9.272816e-02
7.003472069298094e-07	2.002350e-02
7.003533747887253e-07	3.476282e-03
7.003606330896704e-07	1.184384e-03
7.003690706292671e-07	7.679616e-04
7.003859457084603e-07	5.560886e-04
7.004183804828594e-07	3.766950e-04
7.004661513071301e-07	2.729267e-04
7.005329464414202e-07	1.983767e-04
7.006064669390930e-07	1.562287e-04
7.006979963379414e-07	1.006249e-04
7.007598048881154e-07	5.133276e-05
7.008472375289895e-07	-4.094201e-06
7.009129274286568e-07	-1.211349e-05
7.009919803558786e-07	-8.678438e-06
7.010740281852872e-07	-7.926864e-06
7.012381238441042e-07	-6.225096e-06
7.015051950882942e-07	-4.236155e-06
7.018762403564801e-07	-2.575453e-06
7.022714900793924e-07	-1.543915e-06
7.027574809523594e-07	-8.834710e-07
7.033796929864469e-07	-4.161541e-07
7.041870452405525e-07	-1.829806e-07
7.051977091362876e-07	-2.493173e-05
7.053748784920829e-07	-1.953546e-05
7.057292172036736e-07	1.836428e-08
7.058178018815712e-07	1.415026e-08
7.059949712373665e-07	-1.238305e-08
7.063050176100084e-07	-8.506565e-09
7.066593563215990e-07	-4.780846e-09
7.073680337447803e-07	5.850916e-11
7.086381781444422e-07	4.495817e-09
7.101540448985151e-07	6.614458e-09
7.131857784066610e-07	8.024532e-09
7.180685909066610e-07	8.856305e-09
7.229514034066611e-07	8.368083e-09
7.278342159066611e-07	6.557630e-09
7.327170284066611e-07	4.461076e-09
7.375998409066611e-07	3.034356e-09
7.424826534066611e-07	2.247859e-09
7.473654659066611e-07	1.795575e-09
7.522482784066611e-07	1.518401e-09
7.571310909066611e-07	1.340041e-09
7.620139034066612e-07	1.224717e-09
7.668967159066612e-07	1.149014e-09
7.717795284066612e-07	1.099649e-09
7.766623409066612e-07	1.067136e-09
7.815451534066612e-07	1.045890e-09
7.864279659066612e-07	1.031881e-09
7.951171876000000e-07	1.017648e-09
8.000000001000000e-07	-2.935121e-05
8.000095368431641e-07	-8.589163e-06
8.000286103294922e-07	2.840140e-05
8.000333970993085e-07	1.306695e-06
8.000391316317217e-07	-1.993328e-05
8.000506006965481e-07	-7.011848e-07
8.000735388262010e-07	-8.944808e-07
8.001194150855068e-07	3.586907e-08
8.001741885331360e-07	-8.294733e-08
8.002430930036057e-07	4.941404e-08
8.003250245118385e-07	-7.847058e-08
8.004560915645211e-07	5.758623e-08
8.006980882252694e-07	-8.661420e-09
8.009805995835427e-07	4.734630e-09
8.012814739444761e-07	-1.572539e-08
8.017333551107643e-07	5.186267e-09
8.022490756575779e-07	-3.315537e-09
8.028559173521873e-07	5.564359e-09
8.036040791814561e-07	-5.020537e-09
8.046958780625351e-07	5.211889e-09
8.063051789908458e-07	-3.046399e-10
8.081969405169175e-07	2.119118e-09
8.104145303569589e-07	-4.661799e-10
8.133069254256249e-07	2.305593e-09
8.172434728672222e-07	3.260068e-10
8.221262853672222e-07	1.018520e-09
8.270090978672222e-07	1.015337e-09
8.451171875000001e-07	-1.563595e-10
8.500000000000001e-07	-2.897477e-06
8.500095367431641e-07	-1.961248e-06
8.500286102294923e-07	1.241282e-07
8.500333862587198e-07	7.545606e-08
8.500390662878057e-07	-2.385695e-08
8.500496135243862e-07	4.202946e-09
8.500626852674468e-07	-1.640095e-09
8.500888287535680e-07	1.701127e-09
8.501296490041007e-07	6.631432e-10
8.501913613185242e-07	1.185159e-09
8.502797000231135e-07	8.525416e-10
8.504308979058409e-07	1.069475e-09
8.506505081319658e-07	9.622037e-10
8.509714783098408e-07	1.031421e-09
8.514233230399438e-07	9.940735e-10
8.519681260039721e-07	1.010293e-09
8.525715373756639e-07	1.009800e-09
8.531169677791933e-07	1.013075e-09
8.537607621983340e-07	1.003353e-09
8.544307109613815e-07	1.013952e-09
8.552851005202854e-07	1.008387e-09
8.560562731103247e-07	1.015474e-09
8.571537617547063e-07	1.006109e-09
8.582065093021902e-07	1.010818e-09
8.595645480354497e-07	1.000252e-09
8.613784871932514e-07	1.004722e-09
8.631388802207225e-07	1.000170e-09
8.657844622789749e-07	1.005654e-09
8.685739337368103e-07	1.002687e-09
8.723568367609076e-07	1.006686e-09
8.772396492609076e-07	1.005135e-09
8.821224617609076e-07	1.005141e-09
8.870052742609076e-07	1.005135e-09
8.918880867609077e-07	1.005141e-09
8.967708992609077e-07	1.005135e-09
9.016537117609077e-07	1.005141e-09
9.065365242609077e-07	1.005135e-09
9.114193367609077e-07	1.005141e-09
9.163021492609077e-07	1.005135e-09
9.211849617609077e-07	1.005141e-09
9.246726849751935e-07	1.005053e-09
9.281604081894792e-07	1.005022e-09
9.316481314037649e-07	1.005047e-09
9.351358546180506e-07	1.005128e-09
9.386235778323364e-07	1.005265e-09
9.421113010466220e-07	1.005458e-09
9.455990242609078e-07	1.005707e-09
9.500000000000001e-07	-4.137656e-09
9.500130994647573e-07	-2.463389e-09
9.500392983942719e-07	1.152787e-09
9.500456271777193e-07	1.084936e-09
9.500536796025223e-07	9.638822e-10
9.500669263271791e-07	1.011057e-09
9.500831189536295e-07	9.988393e-10
9.501155042065304e-07	1.009966e-09
9.501802747123322e-07	1.007124e-09
9.502413081120086e-07	1.007494e-09
9.503508555895426e-07	1.005368e-09
9.505145421290663e-07	1.005548e-09
9.507423278751350e-07	1.005107e-09
9.509892924262686e-07	1.005235e-09
9.513345628673082e-07	1.004945e-09
9.519078971984919e-07	1.005129e-09
9.526556192160597e-07	1.005105e-09
9.534455257431094e-07	1.005175e-09
9.544897984026015e-07	1.005137e-09
9.556980780839219e-07	1.005146e-09
9.569655920441539e-07	1.005120e-09
9.584789286020732e-07	1.005143e-09
9.601257008972137e-07	1.005126e-09
9.621820569702102e-07	1.005164e-09
9.662947691162031e-07	1.005136e-09
9.707153088616789e-07	1.005140e-09
9.755981213616789e-07	1.005138e-09
9.804809338616789e-07	1.005138e-09
9.853637463616790e-07	1.005138e-09
9.902465588616790e-07	1.005138e-09
9.951293713616790e-07	1.005138e-09
1.000012183861679e-06	1.005138e-09
1.047436570076642e-06	1.005134e-09
1.050000000100000e-06	1.005158e-09
1.054882812600000e-06	1.005561e-09
1.055117187600000e-06	1.005362e-09
1.055585937600000e-06	1.005028e-09
1.056523437599999e-06	1.005182e-09
1.058125000100001e-06	1.005129e-09
1.060000000100000e-06	8.674645e-10
1.060005213273411e-06	8.723066e-10
1.060015639620233e-06	1.042550e-09
1.060018179900858e-06	1.124656e-09
1.060021311925489e-06	1.168138e-09
1.060027575974752e-06	1.118444e-09
1.060034969250551e-06	1.066257e-09
1.060049755802149e-06	1.023655e-09
1.060079328905346e-06	1.003825e-09
1.060113388185430e-06	1.003524e-09
1.060181506745599e-06	1.004870e-09
1.060317743865936e-06	1.005048e-09
1.060590218106610e-06	1.005121e-09
1.060984310827856e-06	1.005141e-09
1.061720210788583e-06	1.005134e-09
1.062922059100728e-06	1.005135e-09
1.064231579431084e-06	1.005136e-09
1.066051153625960e-06	1.005137e-09
1.068238632289807e-06	1.005138e-09
1.071710770691749e-06	1.005138e-09
1.076416772781349e-06	1.005138e-09
1.091065210281349e-06	1.005138e-09
1.188721460281349e-06	1.005138e-09
1.193604272781349e-06	1.005139e-09
1.196974170562698e-06	1.005138e-09
1.200000000000000e-06	2.389193e-05
1.200008932152505e-06	1.640507e-05
1.200026796457515e-06	1.323763e-05
1.200031114671858e-06	2.127340e-05
1.200036586705971e-06	1.976978e-05
1.200047530774196e-06	4.626532e-06
1.200067370692893e-06	4.714955e-06
1.200107050530288e-06	1.327438e-06
1.200164969102585e-06	1.920923e-07
1.200238429168994e-06	-6.671371e-07
1.200334521798411e-06	-7.157292e-07
1.200468209397921e-06	-7.940105e-07
1.200676980443248e-06	-5.255042e-07
1.201094522533902e-06	-3.747631e-07
1.201793433427891e-06	-1.371797e-07
1.202894751361642e-06	-2.584141e-08
1.204114172286634e-06	1.113557e-08
1.205906639740226e-06	-4.249715e-09
1.208454715472966e-06	-4.044860e-09
1.213337527972966e-06	-9.129508e-09
1.218220340472966e-06	-6.839855e-09
1.223103152972966e-06	-4.798494e-09
1.227985965472966e-06	-3.282366e-09
1.232868777972966e-06	-2.139586e-09
1.237751590472966e-06	-1.321041e-09
1.242634402972966e-06	-7.289600e-10
1.247517215472966e-06	-3.128662e-10
1.252400027972966e-06	-1.955414e-11
1.257282840472966e-06	1.859917e-10
1.262165652972966e-06	3.269633e-10
1.267048465472966e-06	4.274625e-10
1.271931277972966e-06	4.938556e-10
1.276814090472966e-06	5.438778e-10
1.281696902972966e-06	5.743459e-10
1.286579715472966e-06	5.993570e-10
1.291462527972966e-06	2.134410e-09
1.295117187600000e-06	2.146089e-09
1.300000000100000e-06	-2.077387e-05
1.300009536843164e-06	-2.882233e-06
1.300028610329492e-06	2.806797e-05
1.300033397308111e-06	1.184668e-06
1.300039126430389e-06	-1.977700e-05
1.300050584674944e-06	-7.690206e-07
1.300071514332018e-06	-9.541478e-07
1.300113373646165e-06	-1.845132e-08
1.300157152551131e-06	-1.221610e-07
1.300215495111752e-06	2.812235e-08
1.300277318039075e-06	-9.063121e-08
1.300372711170724e-06	3.774678e-08
1.300496429333627e-06	-5.455809e-08
1.300743865659432e-06	9.342271e-09
1.301034513242585e-06	-4.150641e-09
1.301360739096891e-06	1.363808e-08
1.301840965555143e-06	-4.436584e-09
1.302445489939712e-06	5.572664e-09
1.303220134317746e-06	-3.706405e-09
1.304319910580151e-06	4.598530e-09
1.305940229726011e-06	-8.483983e-10
1.308091749666579e-06	2.191180e-09
1.310807632651098e-06	7.512845e-10
1.313690848971538e-06	2.045326e-09
1.317511513667439e-06	3.252130e-10
1.322394326167439e-06	1.015223e-09
1.327277138667439e-06	1.012495e-09
1.341925576167439e-06	-2.857121e-10
1.345117187500000e-06	-2.884084e-10
1.350000000000000e-06	-2.492611e-06
1.350009536743164e-06	-1.687280e-06
1.350028610229492e-06	1.069590e-07
1.350033383358950e-06	6.480209e-08
1.350039025216886e-06	-1.953272e-08
1.350048804978162e-06	4.134870e-09
1.350061291171973e-06	-1.073386e-09
1.350084135770409e-06	1.646528e-09
1.350119508283376e-06	7.108885e-10
1.350172474996692e-06	1.170940e-09
1.350248869475990e-06	9.023210e-10
1.350361668676584e-06	1.077293e-09
1.350535202886570e-06	9.678096e-10
1.350782099359621e-06	1.028245e-09
1.351119089920560e-06	9.867953e-10
1.351596654463477e-06	1.008853e-09
1.352120444038321e-06	1.000978e-09
1.352703604334205e-06	1.004029e-09
1.353265561549617e-06	1.005781e-09
1.353816000619391e-06	1.008261e-09
1.354415536268406e-06	1.001672e-09
1.355085505575602e-06	1.006453e-09
1.355786125829750e-06	1.002193e-09
1.356568473055349e-06	1.007664e-09
1.357440337185493e-06	1.001816e-09
1.358470597204795e-06	1.003985e-09
1.359435747829933e-06	1.000765e-09
1.360683622766784e-06	1.006758e-09
1.362083674734038e-06	1.002286e-09
1.363872261867638e-06	1.005641e-09
1.365750727698435e-06	1.001583e-09
1.368715878841478e-06	1.004827e-09
1.371534679368488e-06	1.002693e-09
1.376084158149232e-06	1.005411e-09
1.380966970649232e-06	1.005136e-09
1.385849783149232e-06	1.005140e-09
1.390732595649232e-06	1.005136e-09
1.395615408149232e-06	1.005140e-09
1.400498220649232e-06	1.005136e-09
1.405381033149232e-06	1.005140e-09
1.410263845649232e-06	1.005136e-09
1.415146658149232e-06	1.005140e-09
1.420029470649232e-06	1.005136e-09
1.424912283149232e-06	1.005140e-09
1.429795095649232e-06	1.005136e-09
1.434677908149232e-06	1.005140e-09
1.439560720649232e-06	1.005136e-09
1.444443533149232e-06	9.824693e-10
1.445117187500000e-06	9.919624e-10
1.446464496201536e-06	9.973332e-10
1.447305382596928e-06	1.001555e-09
1.448318227209216e-06	1.011994e-09
1.450000000000000e-06	4.869910e-09
1.450005087005004e-06	3.680488e-09
1.450015261015011e-06	7.149139e-10
1.450017714010294e-06	7.493540e-10
1.450020843298894e-06	9.713271e-10
1.450027101876094e-06	9.810830e-10
1.450039619030496e-06	9.858881e-10
1.450054914655743e-06	9.962077e-10
1.450075243638987e-06	1.005967e-09
1.450100089497000e-06	1.010552e-09
1.450135019733446e-06	1.010895e-09
1.450178565827790e-06	1.009458e-09
1.450240566592164e-06	1.007753e-09
1.450322131066525e-06	1.006558e-09
1.450444259608586e-06	1.005769e-09
1.450625554895903e-06	1.005344e-09
1.450873799166681e-06	1.005141e-09
1.451200738342565e-06	1.005041e-09
1.451602757359566e-06	1.005016e-09
1.452174830397292e-06	1.005052e-09
1.452831340371611e-06	1.005099e-09
1.453562516061920e-06	1.005134e-09
1.454555421383894e-06	1.005156e-09
1.455734482786544e-06	1.005149e-09
1.456804843782868e-06	1.005135e-09
1.458150511821332e-06	1.005134e-09
1.459623050705374e-06	1.005139e-09
1.461030206652031e-06	1.005139e-09
1.463844518545344e-06	1.005138e-09
1.466562909840936e-06	1.005138e-09
1.471445722340936e-06	1.005138e-09
1.476328534840936e-06	1.005138e-09
1.481211347340936e-06	1.005138e-09
1.486094159840936e-06	1.005138e-09
1.495859784840936e-06	1.005138e-09
1.500742597340936e-06	1.005138e-09
1.505625409840936e-06	1.005138e-09
1.515391034840936e-06	1.005138e-09
1.519637628092231e-06	1.005138e-09
1.523884221343526e-06	1.005138e-09
1.528130814594821e-06	1.005138e-09
1.532377407846116e-06	1.005138e-09
1.536624001097411e-06	1.005138e-09
1.540870594348705e-06	1.005138e-09
1.545117187600000e-06	1.005137e-09
1.547692854154383e-06	1.005138e-09
1.550000000100000e-06	1.005138e-09
1.554614291991235e-06	1.005141e-09
1.555117187600000e-06	1.005139e-09
1.556122978817530e-06	1.005136e-09
1.558134561252589e-06	1.005138e-09
1.560000000100000e-06	8.886253e-10
1.560005035097147e-06	8.826287e-10
1.560015105091441e-06	1.019481e-09
1.560017568528730e-06	1.103808e-09
1.560020561350307e-06	1.157633e-09
1.560026546993462e-06	1.121046e-09
1.560032149911288e-06	1.080377e-09
1.560043355746939e-06	1.037346e-09
1.560064014514240e-06	1.008585e-09
1.560089708841185e-06	1.003297e-09
1.560141097495077e-06	1.004626e-09
1.560243874802860e-06	1.005155e-09
1.560449429418426e-06	1.005140e-09
1.560775730723587e-06	1.005149e-09
1.561293522973629e-06	1.005135e-09
1.562211855431115e-06	1.005135e-09
1.563471358317017e-06	1.005134e-09
1.564807678384417e-06	1.005137e-09
1.566863459641592e-06	1.005137e-09
1.569887924602791e-06	1.005138e-09
1.573602072506501e-06	1.005138e-09
1.578484885006501e-06	1.005138e-09
1.583367697506501e-06	1.005138e-09
1.588250510006501e-06	1.005138e-09
1.695117187500000e-06	1.005138e-09
1.700000000000000e-06	2.583396e-05
1.700009536743164e-06	4.373453e-05
1.700009674748081e-06	3.724877e-05
1.700009950757916e-06	1.559208e-05
1.700010502777584e-06	-5.717378e-06
1.700011606816921e-06	-1.342948e-05
1.700013814895595e-06	-2.770204e-06
1.700018231052943e-06	1.159732e-05
1.700027063367639e-06	1.275372e-05
1.700043935386391e-06	4.702828e-06
1.700062434077790e-06	1.263335e-06
1.700094190864114e-06	2.238321e-07
1.700138178224082e-06	-1.393047e-07
1.700211915647391e-06	-3.588588e-07
1.700321324417427e-06	-5.358208e-07
1.700540141957498e-06	-5.049532e-07
1.700775628889334e-06	-3.803551e-07
1.701233415741327e-06	-1.897271e-07
1.701888708572401e-06	-5.781273e-08
1.703199294234551e-06	2.119827e-08
1.704840054772630e-06	2.084116e-08
1.707289356895907e-06	-2.806973e-09
1.710870725781197e-06	-1.378935e-08
1.715753538281197e-06	-1.498205e-08
1.720636350781197e-06	-1.289827e-08
1.725519163281197e-06	-9.556675e-09
1.730401975781197e-06	-6.641738e-09
1.735284788281197e-06	-4.351367e-09
1.740167600781197e-06	-2.703509e-09
1.745050413281197e-06	-1.530207e-09
1.749933225781197e-06	-7.199681e-10
1.754816038281197e-06	-1.613571e-10
1.759698850781197e-06	2.190070e-10
1.764581663281197e-06	4.765326e-10
1.769464475781197e-06	6.509993e-10
1.774347288281197e-06	7.675425e-10
1.779230100781197e-06	8.466117e-10
1.784112913281198e-06	8.985985e-10
1.788995725781198e-06	9.338805e-10
1.795117187600000e-06	6.825165e-10
1.797594486237606e-06	9.614580e-10
1.800000000100000e-06	-4.762102e-05
1.800006897604231e-06	-1.790475e-05
1.800020692612691e-06	6.457229e-05
1.800024040290826e-06	2.964882e-05
1.800028238030694e-06	-1.530082e-05
1.800036633510431e-06	-2.946434e-06
1.800049536459931e-06	-1.214709e-06
1.800075342358932e-06	-2.355446e-07
1.800108236343262e-06	-9.429565e-08
1.800148374450943e-06	-5.598042e-09
1.800186974663571e-06	-1.823058e-08
1.800237498681682e-06	8.531790e-09
1.800295522355410e-06	-1.000343e-08
1.800377468393432e-06	6.145227e-09
1.800480504761112e-06	-6.374197e-09
1.800659546934907e-06	1.795241e-09
1.800852242500089e-06	-1.363641e-09
1.801116970617925e-06	7.101176e-10
1.801366558980143e-06	-1.281313e-09
1.801757496493886e-06	1.940306e-09
1.802268225121153e-06	-3.870546e-10
1.803229421634655e-06	1.282488e-09
1.804395401363506e-06	3.645937e-10
1.806727360821210e-06	1.056945e-09
1.809262192398808e-06	9.461441e-10
1.812079049546233e-06	1.005224e-09
1.814892918884562e-06	9.023733e-10
1.818389711142840e-06	1.034211e-09
1.822141217164831e-06	9.141403e-10
1.827024029664831e-06	1.005461e-09
1.831906842164831e-06	1.004537e-09
1.845117187500000e-06	1.129795e-09
1.850000000000000e-06	4.140314e-07
1.850001192092896e-06	3.272366e-07
1.850003576278687e-06	4.345928e-08
1.850004172844133e-06	1.337701e-08
1.850004890798559e-06	8.704855e-09
1.850006326707412e-06	4.115128e-09
1.850008204123255e-06	1.864799e-09
1.850011958954941e-06	9.374129e-10
1.850018211369886e-06	7.461628e-10
1.850025117359469e-06	7.980133e-10
1.850035119208930e-06	9.275051e-10
1.850049504768718e-06	1.047057e-09
1.850070803772484e-06	1.078803e-09
1.850094709815641e-06	1.054823e-09
1.850131663003522e-06	1.026931e-09
1.850182411704914e-06	1.014698e-09
1.850266098801856e-06	1.009050e-09
1.850376250145842e-06	1.006918e-09
1.850536214671037e-06	1.005962e-09
1.850727669124339e-06	1.005461e-09
1.850972278180359e-06	1.004954e-09
1.851250889524300e-06	1.004646e-09
1.851615937406321e-06	1.004648e-09
1.852179688401808e-06	1.004896e-09
1.852693929357761e-06	1.005037e-09
1.853302180420502e-06	1.005184e-09
1.853863093623075e-06	1.005271e-09
1.854534972131183e-06	1.005255e-09
1.855028279429038e-06	1.005174e-09
1.855554913005872e-06	1.005079e-09
1.856109706502612e-06	1.005052e-09
1.856818276212794e-06	1.005095e-09
1.857537919736543e-06	1.005153e-09
1.858312994480282e-06	1.005180e-09
1.859140906634661e-06	1.005153e-09
1.860018629279077e-06	1.005120e-09
1.860992457496087e-06	1.005121e-09
1.862127440575987e-06	1.005145e-09
1.863315374140892e-06	1.005146e-09
1.864807366989956e-06	1.005134e-09
1.866323980481630e-06	1.005134e-09
1.868386087332146e-06	1.005141e-09
1.870478844974396e-06	1.005137e-09
1.873709772857754e-06	1.005138e-09
1.876699827590795e-06	1.005139e-09
1.881134195212280e-06	1.005138e-09
1.886017007712280e-06	1.005138e-09
1.890899820212280e-06	1.005138e-09
1.895782632712280e-06	1.005138e-09
1.900665445212280e-06	1.005138e-09
1.905548257712280e-06	1.005138e-09
1.910431070212280e-06	1.005138e-09
1.915313882712280e-06	1.005138e-09
1.920196695212280e-06	1.005138e-09
1.925079507712280e-06	1.005138e-09
1.929962320212279e-06	1.005138e-09
1.934845132712279e-06	1.005138e-09
1.939727945212279e-06	1.005138e-09
1.944610757712279e-06	1.005147e-09
1.945117187500000e-06	1.005143e-09
1.946130047075443e-06	1.005136e-09
1.948155766226328e-06	1.005138e-09
1.950000000000000e-06	1.003175e-09
1.950005616946694e-06	9.980823e-10
1.950016850840083e-06	9.748938e-10
1.950019558767592e-06	9.674532e-10
1.950023014262149e-06	9.582702e-10
1.950029925251263e-06	9.506658e-10
1.950043747229491e-06	9.602953e-10
1.950061646834429e-06	9.878537e-10
1.950083976265956e-06	1.013191e-09
1.950111620659025e-06	1.021500e-09
1.950149442999719e-06	1.018094e-09
1.950198362534457e-06	1.013009e-09
1.950264356647200e-06	1.009442e-09
1.950347155226760e-06	1.007405e-09
1.950452874645663e-06	1.006270e-09
1.950580534337380e-06	1.005683e-09
1.950739703864903e-06	1.005353e-09
1.950947758411131e-06	1.005121e-09
1.951228038926738e-06	1.004954e-09
1.951611870434903e-06	1.004904e-09
1.952171570179851e-06	1.004987e-09
1.952749615118083e-06	1.005072e-09
1.953405289848426e-06	1.005125e-09
1.954186122010742e-06	1.005158e-09
1.954972840073696e-06	1.005159e-09
1.955932987532806e-06	1.005140e-09
1.956940914788194e-06	1.005131e-09
1.958389661227154e-06	1.005138e-09
1.959688335270981e-06	1.005143e-09
1.960991977319171e-06	1.005139e-09
1.962481377613161e-06	1.005137e-09
1.963995116435074e-06	1.005138e-09
1.965560571750968e-06	1.005138e-09
1.967824533612418e-06	1.005138e-09
1.972352457335318e-06	1.005138e-09
1.977235269835318e-06	1.005138e-09
1.982118082335318e-06	1.005138e-09
1.987000894835317e-06	1.005138e-09
1.991883707335317e-06	1.005138e-09
2.006532144835317e-06	1.005138e-09
2.045594644835315e-06	1.005138e-09
2.050000000100000e-06	1.005138e-09
2.054882812600000e-06	1.005142e-09
2.055117187600001e-06	1.005141e-09
2.055585937600002e-06	1.005137e-09
2.056523437600005e-06	1.005137e-09
2.058125000099995e-06	1.005138e-09
2.060000000100000e-06	8.992235e-10
2.060004797283919e-06	8.877004e-10
2.060014391651757e-06	9.832404e-10
2.060016755954078e-06	1.059437e-09
2.060019555806605e-06	1.120904e-09
2.060023585716147e-06	1.116753e-09
2.060027830683140e-06	1.092629e-09
2.060035265105066e-06	1.058852e-09
2.060045786089603e-06	1.030188e-09
2.060065631334783e-06	1.011117e-09
2.060105321825142e-06	1.005107e-09
2.060168511230465e-06	1.005461e-09
2.060294890041113e-06	1.005456e-09
2.060547647662407e-06	1.005222e-09
2.060915475629101e-06	1.005156e-09
2.061412330239568e-06	1.005132e-09
2.062252165033218e-06	1.005133e-09
2.063365482373347e-06	1.005132e-09
2.064530145548830e-06	1.005136e-09
2.066467297661470e-06	1.005136e-09
2.068951001083180e-06	1.005138e-09
2.073833813583179e-06	1.005138e-09
2.078716626083179e-06	1.005138e-09
2.083599438583179e-06	1.005138e-09
2.088482251083179e-06	1.005138e-09
2.098247876083178e-06	1.005138e-09
2.103130688583178e-06	1.005138e-09
2.108013501083178e-06	1.005138e-09
2.112896313583178e-06	1.005138e-09
2.124642152714153e-06	1.005138e-09
2.136387991845127e-06	1.005138e-09
2.148133830976102e-06	1.005138e-09
2.159879670107076e-06	1.005138e-09
2.171625509238051e-06	1.005138e-09
2.183371348369026e-06	1.005138e-09
2.195117187500000e-06	1.005138e-09
2.200000000000000e-06	2.619255e-05
2.200014238240847e-06	2.154028e-05
2.200042714722542e-06	6.126594e-06
2.200049605495662e-06	1.715308e-06
2.200058326791292e-06	-4.053894e-06
2.200074831047044e-06	-5.298684e-06
2.200103989009597e-06	-1.110707e-06
2.200162304934703e-06	-1.378992e-06
2.200278936784914e-06	-6.751137e-07
2.200512200485337e-06	-6.248468e-07
2.200796189028306e-06	-1.051954e-05
2.200849217897065e-06	-8.376133e-06
2.200955275634583e-06	-2.570832e-07
2.201167391109619e-06	-2.846508e-07
2.201220419978378e-06	-1.619826e-07
2.201233677195567e-06	-1.164114e-07
2.201260191629947e-06	-7.907665e-08
2.201266820238542e-06	-7.222766e-08
2.201280077455732e-06	-6.415154e-08
2.201306591890111e-06	-5.305499e-08
2.201359620758870e-06	-3.825399e-08
2.201465678496388e-06	-1.817844e-08
2.201677793971424e-06	8.337224e-09
2.202102024921496e-06	3.542871e-08
2.202885911158209e-06	4.612596e-08
2.203936203320074e-06	3.225696e-08
2.206036787643805e-06	-2.843339e-09
2.208369723696504e-06	-2.102415e-08
2.210885834196526e-06	-1.952800e-08
2.212522333586409e-06	-1.325579e-08
2.214600626785774e-06	-5.957751e-09
2.216960723053341e-06	-1.617072e-09
2.220579395692785e-06	1.412083e-09
2.221144379661705e-06	-2.760290e-09
2.222274347599546e-06	-7.246904e-07
2.222690635245611e-06	-4.024062e-06
2.222959820737578e-06	-1.284872e-05
2.223123637726646e-06	-3.041968e-05
2.223235468352896e-06	-6.280651e-05
2.223347422064508e-06	-1.232470e-04
2.223484744211819e-06	-2.312843e-04
2.223576317030340e-06	6.585352e-04
2.223703201191005e-06	5.768484e-03
2.223717653499154e-06	9.988765e-03
2.223746558115452e-06	3.415982e-02
2.223773066646667e-06	7.517492e-02
2.223779693779471e-06	9.407938e-02
2.223792948045078e-06	1.640853e-01
2.223811284459379e-06	3.286352e-01
2.223828586424111e-06	5.517385e-01
2.223844268620139e-06	7.997708e-01
2.223857704475713e-06	1.055158e+00
2.223865845699914e-06	1.258131e+00
2.223871978289213e-06	1.451986e+00
2.223878836885663e-06	1.677414e+00
2.223881738061382e-06	1.742440e+00
2.223886113902701e-06	1.782542e+00
2.223889390233051e-06	1.792521e+00
2.223893104453475e-06	1.796078e+00
2.223898179590129e-06	1.798357e+00
2.223904629746767e-06	1.799203e+00
2.223912078210514e-06	1.799450e+00
2.223922688280245e-06	1.799739e+00
2.223938753537078e-06	1.800042e+00
2.223960854077585e-06	1.800173e+00
2.223992233071481e-06	1.800185e+00
2.224046671064941e-06	1.800179e+00
2.224155547051862e-06	1.800158e+00
2.224373299025703e-06	1.800127e+00
2.224594701242391e-06	1.800103e+00
2.224875992160587e-06	1.800081e+00
2.225168059377969e-06	1.800061e+00
2.225200077053829e-06	1.800061e+00
2.225264112405550e-06	1.800061e+00
2.225280121243480e-06	1.800061e+00
2.225312138919340e-06	1.800060e+00
2.225340154385717e-06	1.800059e+00
2.225348158804683e-06	1.800059e+00
2.225364167642613e-06	1.800058e+00
2.225368169852095e-06	1.800058e+00
2.225378175375801e-06	1.800058e+00
2.225382177585284e-06	1.800057e+00
2.225390182004249e-06	1.800057e+00
2.225406190842179e-06	1.800056e+00
2.225438208518039e-06	1.800055e+00
2.225502243869760e-06	1.800052e+00
2.225630314573201e-06	1.800045e+00
2.225886455980082e-06	1.800037e+00
2.226398738793845e-06	1.800026e+00
2.226976038885964e-06	1.800018e+00
2.228108082735368e-06	1.800010e+00
2.229950993115220e-06	1.800004e+00
2.232135687516895e-06	1.800001e+00
2.234952048245150e-06	1.800000e+00
2.238872096422867e-06	1.800000e+00
2.243754908922867e-06	1.800000e+00
2.248637721422867e-06	1.800000e+00
2.253520533922866e-06	1.800000e+00
2.258403346422866e-06	1.800000e+00
2.263286158922866e-06	1.800000e+00
2.268168971422866e-06	1.800000e+00
2.273051783922866e-06	1.800000e+00
2.277934596422865e-06	1.800000e+00
2.282817408922865e-06	1.800000e+00
2.287700221422865e-06	1.800000e+00
2.292583033922865e-06	1.800000e+00
2.295117187600000e-06	1.800000e+00
2.300000000100000e-06	1.799694e+00
2.300012066517590e-06	1.799835e+00
2.300036199352771e-06	1.800266e+00
2.300042154869590e-06	1.800168e+00
2.300049202684405e-06	1.800049e+00
2.300059061787782e-06	1.800069e+00
2.300069430239497e-06	1.800040e+00
2.300086040917756e-06	1.800037e+00
2.300110916967051e-06	1.800017e+00
2.300145690486983e-06	1.800010e+00
2.300210197321179e-06	1.800002e+00
2.300302642714908e-06	1.800001e+00
2.300473250568182e-06	1.800000e+00
2.300686160280087e-06	1.800000e+00
2.300956669836901e-06	1.800000e+00
2.301291962032444e-06	1.800000e+00
2.301812017150876e-06	1.800000e+00
2.302605236093087e-06	1.800000e+00
2.303753630299036e-06	1.800000e+00
2.304867627601923e-06	1.800000e+00
2.306191311505068e-06	1.800000e+00
2.307661586416074e-06	1.800000e+00
2.308664229686941e-06	1.800000e+00
2.309246815182038e-06	1.800000e+00
2.309860461345500e-06	1.800000e+00
2.310490235611513e-06	1.800000e+00
2.310940172431802e-06	1.800000e+00
2.311431601640211e-06	1.800000e+00
2.312083949492257e-06	1.800000e+00
2.312847322238320e-06	1.800000e+00
2.313729591272340e-06	1.800000e+00
2.314806478448711e-06	1.800000e+00
2.316406285709924e-06	1.800000e+00
2.318958093786441e-06	1.800000e+00
2.323840906286441e-06	1.800000e+00
2.328723718786441e-06	1.800000e+00
2.333606531286440e-06	1.800000e+00
2.338489343786440e-06	1.800000e+00
2.343372156286440e-06	1.800000e+00
2.345117187500001e-06	1.800000e+00
2.346509937572879e-06	1.800000e+00
2.347214499854243e-06	1.800000e+00
2.348623624416971e-06	1.800000e+00
2.350000000000000e-06	1.799978e+00
2.350003543832069e-06	1.799985e+00
2.350010631496205e-06	1.800002e+00
2.350012370483746e-06	1.800001e+00
2.350014469659776e-06	1.800000e+00
2.350017487203987e-06	1.800000e+00
2.350020700591621e-06	1.800000e+00
2.350027127366889e-06	1.800000e+00
2.350037011327629e-06	1.800000e+00
2.350054876068261e-06	1.800000e+00
2.350079000529769e-06	1.800000e+00
2.350123641293413e-06	1.800000e+00
2.350212922820701e-06	1.800000e+00
2.350329456039233e-06	1.800000e+00
2.350462605504851e-06	1.800000e+00
2.350685700599560e-06	1.800000e+00
2.350926417711635e-06	1.800000e+00
2.351191786054067e-06	1.800000e+00
2.351422506636617e-06	1.800000e+00
2.351616976105675e-06	1.800000e+00
2.351869004882070e-06	1.800000e+00
2.352101912801584e-06	1.800000e+00
2.352303465329319e-06	1.800000e+00
2.352577167077298e-06	1.800000e+00
2.352865541187857e-06	1.800000e+00
2.353245169182710e-06	1.800000e+00
2.353635896227145e-06	1.800000e+00
2.354119185331373e-06	1.800000e+00
2.354576428901996e-06	1.800000e+00
2.355118382128324e-06	1.800000e+00
2.355745018881906e-06	1.800000e+00
2.356311730886756e-06	1.800000e+00
2.356954068307760e-06	1.800000e+00
2.357584567511427e-06	1.800000e+00
2.358379764246403e-06	1.800000e+00
2.359272011948456e-06	1.800000e+00
2.360115322813163e-06	1.800000e+00
2.361128053984691e-06	1.800000e+00
2.362265621196133e-06	1.800000e+00
2.363778761753457e-06	1.800000e+00
2.365422096875415e-06	1.800000e+00
2.367508877098398e-06	1.800000e+00
2.369785500569587e-06	1.800000e+00
2.373164685474137e-06	1.800000e+00
2.376424248933387e-06	1.800000e+00
2.381201640239054e-06	1.800000e+00
2.386084452739053e-06	1.800000e+00
2.390967265239053e-06	1.800000e+00
2.395850077739053e-06	1.800000e+00
2.400732890239053e-06	1.800000e+00
2.405615702739053e-06	1.800000e+00
2.410498515239052e-06	1.800000e+00
2.415381327739052e-06	1.800000e+00
2.420264140239052e-06	1.800000e+00
2.425146952739052e-06	1.800000e+00
2.430029765239052e-06	1.800000e+00
2.434912577739051e-06	1.800000e+00
2.439795390239051e-06	1.800000e+00
2.444678202739051e-06	1.800000e+00
2.445117187500000e-06	1.800000e+00
2.445995157021899e-06	1.800000e+00
2.447751096065697e-06	1.800000e+00
2.450000000000000e-06	1.800000e+00
2.450006686475576e-06	1.800000e+00
2.450020059426726e-06	1.800000e+00
2.450023289087728e-06	1.800000e+00
2.450027400609242e-06	1.800000e+00
2.450035623652269e-06	1.800000e+00
2.450051221525733e-06	1.800000e+00
2.450068622206092e-06	1.800000e+00
2.450096246177848e-06	1.800000e+00
2.450138861563745e-06	1.800000e+00
2.450224092335539e-06	1.800000e+00
2.450372062666065e-06	1.800000e+00
2.450530956156295e-06	1.800000e+00
2.450712178429954e-06	1.800000e+00
2.450970878729728e-06	1.800000e+00
2.451252662296294e-06	1.800000e+00
2.451576293307390e-06	1.800000e+00
2.452038983496874e-06	1.800000e+00
2.452708813200346e-06	1.800000e+00
2.453426933367406e-06	1.800000e+00
2.454250098178819e-06	1.800000e+00
2.455226004741488e-06	1.800000e+00
2.456596775058854e-06	1.800000e+00
2.457759640785900e-06	1.800000e+00
2.458816285596642e-06	1.800000e+00
2.459341303384669e-06	1.800000e+00
2.459884034220201e-06	1.800000e+00
2.460334320503622e-06	1.800000e+00
2.460697639473758e-06	1.800000e+00
2.461108860609203e-06	1.800000e+00
2.461687750413671e-06	1.800000e+00
2.462375850750861e-06	1.800000e+00
2.463116481074047e-06	1.800000e+00
2.464047604764672e-06	1.800000e+00
2.465235436250229e-06	1.800000e+00
2.466874168288667e-06	1.800000e+00
2.469053021908923e-06	1.800000e+00
2.471655981745846e-06	1.800000e+00
2.474774139893482e-06	1.800000e+00
2.479656952393481e-06	1.800000e+00
2.484539764893481e-06	1.800000e+00
2.494305389893481e-06	1.800000e+00
2.547863588860871e-06	1.800000e+00
2.550000000100000e-06	1.800000e+00
2.554272822578258e-06	1.800000e+00
2.555117187600001e-06	1.800000e+00
2.556805917643486e-06	1.800000e+00
2.560000000100000e-06	1.800000e+00
2.560009106377703e-06	1.800000e+00
2.560027318933110e-06	1.800000e+00
2.560031734734211e-06	1.800000e+00
2.560037136772675e-06	1.800000e+00
2.560047940849601e-06	1.800000e+00
2.560059588462141e-06	1.800000e+00
2.560082031174584e-06	1.800000e+00
2.560123041470193e-06	1.800000e+00
2.560182660637668e-06	1.800000e+00
2.560301898972619e-06	1.800000e+00
2.560530221622066e-06	1.800000e+00
2.560979453869275e-06	1.800000e+00
2.561582529401117e-06	1.800000e+00
2.562235559645068e-06	1.800000e+00
2.563541620132971e-06	1.800000e+00
2.564864497040456e-06	1.800000e+00
2.566883630957645e-06	1.800000e+00
2.570051578927361e-06	1.800000e+00
2.574013105678216e-06	1.800000e+00
2.578895918178216e-06	1.800000e+00
2.583778730678215e-06	1.800000e+00
2.695117187500001e-06	1.800000e+00
2.700000000000000e-06	1.798049e+00
2.700009536743165e-06	1.798908e+00
2.700028610229493e-06	1.802117e+00
2.700033381398246e-06	1.800800e+00
2.700038981404849e-06	1.799204e+00
2.700044471774237e-06	1.799814e+00
2.700050620750143e-06	1.799967e+00
2.700059091414163e-06	1.799935e+00
2.700069210032663e-06	1.800018e+00
2.700083944523402e-06	1.799980e+00
2.700104697958301e-06	1.799763e+00
2.700108551063696e-06	1.799808e+00
2.700116257274488e-06	1.800030e+00
2.700118183827186e-06	1.800020e+00
2.700118665465360e-06	1.800014e+00
2.700119628741709e-06	1.800009e+00
2.700121555294407e-06	1.800006e+00
2.700125408399803e-06	1.800006e+00
2.700133114610595e-06	1.800007e+00
2.700135041163292e-06	1.800007e+00
2.700138894268688e-06	1.800007e+00
2.700146600479480e-06	1.800007e+00
2.700162012901062e-06	1.800007e+00
2.700192837744228e-06	1.800006e+00
2.700254487430560e-06	1.800006e+00
2.700360132253349e-06	1.800004e+00
2.700474033010251e-06	1.800004e+00
2.700613558801075e-06	1.800003e+00
2.700785525792197e-06	1.800003e+00
2.701063104988877e-06	1.800002e+00
2.701518488250481e-06	1.800002e+00
2.702429254773689e-06	1.800001e+00
2.704002299860759e-06	1.800000e+00
2.705704466206103e-06	1.800000e+00
2.707567561950056e-06	1.800000e+00
2.709221755127706e-06	1.800000e+00
2.711229446424567e-06	1.800000e+00
2.713404445601406e-06	1.800000e+00
2.716879750390158e-06	1.800000e+00
2.721762562890158e-06	1.800000e+00
2.724005655678291e-06	1.800000e+00
2.725316294736147e-06	1.800000e+00
2.725453998448814e-06	1.800000e+00
2.725729405874149e-06	1.800001e+00
2.726280220724820e-06	1.800002e+00
2.726417924437488e-06	1.800003e+00
2.726693331862823e-06	1.800006e+00
2.726762183719156e-06	1.800009e+00
2.726899887431824e-06	1.800026e+00
2.727027026381318e-06	1.800055e+00
2.727174415960798e-06	1.797495e+00
2.727270488110112e-06	1.779985e+00
2.727337754101770e-06	1.731960e+00
2.727394532171841e-06	1.661202e+00
2.727434464175182e-06	1.614037e+00
2.727477690355229e-06	1.561148e+00
2.727497724370091e-06	1.499800e+00
2.727523716306897e-06	1.328215e+00
2.727546391697226e-06	1.059125e+00
2.727563816675375e-06	7.242191e-01
2.727583077294577e-06	2.682065e-01
2.727592411964325e-06	9.475071e-02
2.727601350437890e-06	2.177900e-02
2.727610993746916e-06	4.287240e-03
2.727620698841894e-06	2.021130e-03
2.727632497043646e-06	1.259866e-03
2.727656093447151e-06	6.606703e-04
2.727685717405757e-06	4.066673e-04
2.727722333691444e-06	2.982705e-04
2.727763872393472e-06	2.349338e-04
2.727846949797529e-06	1.714787e-04
2.727950014514767e-06	1.102154e-04
2.728024448670915e-06	5.454220e-05
2.728107590186831e-06	2.878913e-07
2.728191416016938e-06	-1.285747e-05
2.728269498440081e-06	-1.039978e-05
2.728353010933494e-06	-2.383285e-05
2.728366964881527e-06	-2.042315e-05
2.728394872777592e-06	-8.959925e-06
2.728450688569721e-06	-8.612940e-06
2.728461447414805e-06	-8.423424e-06
2.728482965104971e-06	-8.000234e-06
2.728492379094419e-06	-7.883646e-06
2.728500448228231e-06	-7.786757e-06
2.728508517362044e-06	-7.691720e-06
2.728516586495857e-06	-7.598534e-06
2.728524655629669e-06	-7.507200e-06
2.728532724763482e-06	-7.417717e-06
2.728540793897294e-06	-7.330087e-06
2.728548863031107e-06	-7.244307e-06
2.728591898411440e-06	-6.796818e-06
2.728677969172105e-06	-5.985152e-06
2.728850110693438e-06	-4.660791e-06
2.729154847433004e-06	-2.970522e-06
2.729442200379839e-06	-1.972845e-06
2.729896299887082e-06	-1.094978e-06
2.730427454579762e-06	-5.448820e-07
2.731205134731402e-06	-1.776986e-07
2.732110771433063e-06	-9.819047e-09
2.733510047890186e-06	5.131307e-08
2.735346435932023e-06	3.751833e-08
2.738025905398627e-06	3.278155e-10
2.741310784014102e-06	-1.423752e-08
2.745420800233459e-06	-1.479203e-08
2.750303612733459e-06	-1.304515e-08
2.755186425233459e-06	-9.857017e-09
2.760069237733459e-06	-6.874258e-09
2.764952050233458e-06	-4.543018e-09
2.769834862733458e-06	-2.832028e-09
2.774717675233458e-06	-1.624890e-09
2.779600487733458e-06	-7.817384e-10
2.784483300233458e-06	-2.049265e-10
2.789366112733458e-06	1.907273e-10
2.794248925233457e-06	5.712938e-10
2.795117187600001e-06	5.741810e-10
2.796853712333088e-06	5.507181e-10
2.800000000100001e-06	-2.947758e-05
2.800009536843165e-06	-8.738140e-06
2.800028610329493e-06	2.941470e-05
2.800033204507791e-06	3.161638e-06
2.800039016245064e-06	-1.949941e-05
2.800050639719611e-06	-1.193893e-06
2.800065232380487e-06	-1.211377e-06
2.800094417702238e-06	-4.868457e-08
2.800125126283959e-06	-1.754208e-07
2.800166658595434e-06	3.820099e-09
2.800206487091316e-06	-9.276643e-08
2.800263534206836e-06	2.118460e-08
2.800325350417536e-06	-5.349196e-08
2.800420821837829e-06	2.100364e-08
2.800541386742381e-06	-3.274094e-08
2.800782516551486e-06	-1.771556e-09
2.801001829523131e-06	-4.154178e-09
2.801256829196865e-06	4.761247e-09
2.801546824271757e-06	-9.397506e-09
2.802039177925202e-06	6.192888e-09
2.802800513312097e-06	-1.619464e-09
2.803857013127019e-06	3.532969e-09
2.805550768559818e-06	-7.502655e-10
2.808483286228963e-06	5.741686e-10
2.810963301938639e-06	7.064854e-10
2.813736915323340e-06	1.255609e-09
2.816809508476528e-06	8.124914e-10
2.820168947143275e-06	1.656389e-09
2.825051759643274e-06	1.007379e-09
2.829934572143274e-06	1.008914e-09
2.839700197143274e-06	1.008857e-09
2.844583009643274e-06	1.249194e-08
2.846185543213455e-06	-1.328752e-09
2.847863288573092e-06	1.884255e-09
2.850000000000001e-06	1.966798e-06
2.850001043316127e-06	1.578806e-06
2.850003129948380e-06	2.826331e-07
2.850003651920840e-06	1.291367e-07
2.850004281134551e-06	8.455794e-08
2.850005539561972e-06	3.843818e-08
2.850007373286089e-06	1.256832e-08
2.850011040734322e-06	2.018853e-09
2.850016985448312e-06	6.170431e-10
2.850023532518921e-06	8.107945e-10
2.850032787081805e-06	8.896429e-10
2.850045944027879e-06	1.027868e-09
2.850068193541519e-06	1.073689e-09
2.850090117286410e-06	1.059713e-09
2.850126512902567e-06	1.027858e-09
2.850172485209016e-06	1.016236e-09
2.850255932256731e-06	1.009211e-09
2.850358271496935e-06	1.007220e-09
2.850517776685139e-06	1.005963e-09
2.850698630512641e-06	1.005567e-09
2.850946597385717e-06	1.004971e-09
2.851221814288862e-06	1.004721e-09
2.851607990679399e-06	1.004638e-09
2.852147247382039e-06	1.004897e-09
2.852705156167022e-06	1.005048e-09
2.853240779873907e-06	1.005182e-09
2.853820993285696e-06	1.005266e-09
2.854449707967737e-06	1.005245e-09
2.854925661613235e-06	1.005172e-09
2.855494967748230e-06	1.005074e-09
2.856020404600487e-06	1.005030e-09
2.856751720929853e-06	1.005091e-09
2.857433787937550e-06	1.005141e-09
2.858237743443514e-06	1.005180e-09
2.859034728171095e-06	1.005151e-09
2.859916647346210e-06	1.005125e-09
2.860882255757636e-06	1.005116e-09
2.861980839611476e-06	1.005146e-09
2.863136407599499e-06	1.005141e-09
2.864577702159523e-06	1.005135e-09
2.866032817582938e-06	1.005127e-09
2.867981944587364e-06	1.005141e-09
2.869939705301372e-06	1.005133e-09
2.872702027066390e-06	1.005138e-09
2.875579486967860e-06	1.005135e-09
2.879568401662844e-06	1.005140e-09
2.884451214162844e-06	1.005138e-09
2.889334026662844e-06	1.005138e-09
2.894216839162843e-06	1.005138e-09
2.899099651662843e-06	1.005138e-09
2.903982464162843e-06	1.005138e-09
2.908865276662843e-06	1.005138e-09
2.913748089162843e-06	1.005138e-09
2.918630901662842e-06	1.005138e-09
2.923513714162842e-06	1.005138e-09
2.928396526662842e-06	1.005138e-09
2.933279339162842e-06	1.005138e-09
2.938162151662842e-06	1.005138e-09
2.943044964162841e-06	1.005149e-09
2.945117187500001e-06	1.005104e-09
2.945855553325682e-06	1.005111e-09
2.947332284977044e-06	1.005150e-09
2.950000000000001e-06	1.008411e-09
2.950008111626685e-06	9.989992e-10
2.950024334880053e-06	9.628800e-10
2.950028246739101e-06	9.551538e-10
2.950033236148550e-06	9.505469e-10
2.950043214967446e-06	9.579835e-10
2.950056901085012e-06	9.793819e-10
2.950083805194824e-06	1.011405e-09
2.950110503174870e-06	1.021159e-09
2.950149367782991e-06	1.017734e-09
2.950192318964558e-06	1.013228e-09
2.950260438318377e-06	1.009486e-09
2.950336125306767e-06	1.007513e-09
2.950442754377802e-06	1.006310e-09
2.950558577735475e-06	1.005728e-09
2.950721671918607e-06	1.005374e-09
2.950916352527200e-06	1.005143e-09
2.951199840270497e-06	1.004967e-09
2.951557341705513e-06	1.004906e-09
2.952078572169711e-06	1.004975e-09
2.952626079740824e-06	1.005060e-09
2.953213967785118e-06	1.005114e-09
2.953854474917112e-06	1.005149e-09
2.954652363501978e-06	1.005160e-09
2.955621368400005e-06	1.005145e-09
2.956601820004893e-06	1.005133e-09
2.958029645800325e-06	1.005137e-09
2.959172066631620e-06	1.005142e-09
2.960540501322721e-06	1.005140e-09
2.961820210684890e-06	1.005137e-09
2.962990743699622e-06	1.005137e-09
2.964644977543460e-06	1.005138e-09
2.966430488185018e-06	1.005138e-09
2.970001509468134e-06	1.005138e-09
2.974884321968134e-06	1.005138e-09
2.979767134468134e-06	1.005138e-09
2.984649946968134e-06	1.005138e-09
2.989532759468133e-06	1.005138e-09
3.047728337627478e-06	1.005138e-09
3.050000000100000e-06	1.005138e-09
3.054543325045045e-06	1.005139e-09
3.055117187600001e-06	1.005138e-09
3.056264912709913e-06	1.005137e-09
3.057704549880177e-06	1.005138e-09
3.060000000100001e-06	9.085351e-10
3.060005884541351e-06	9.078887e-10
3.060017653424051e-06	1.038073e-09
3.060020552259510e-06	1.103317e-09
3.060023976151610e-06	1.132300e-09
3.060029123614547e-06	1.097304e-09
3.060034490627506e-06	1.065146e-09
3.060043684909925e-06	1.034704e-09
3.060056380069719e-06	1.015147e-09
3.060079638959217e-06	1.006495e-09
3.060126156738214e-06	1.005099e-09
3.060205639892902e-06	1.005545e-09
3.060364606202278e-06	1.005329e-09
3.060682538821030e-06	1.005186e-09
3.061076574141605e-06	1.005141e-09
3.061680010184049e-06	1.005134e-09
3.062638735956867e-06	1.005132e-09
3.063698833886283e-06	1.005134e-09
3.065115131498448e-06	1.005135e-09
3.067439531299478e-06	1.005137e-09
3.070420004079394e-06	1.005138e-09
3.075302816579394e-06	1.005138e-09
3.080185629079394e-06	1.005138e-09
3.085068441579393e-06	1.005138e-09
3.089951254079393e-06	1.005138e-09
3.094834066579393e-06	1.005138e-09
3.099716879079393e-06	1.005138e-09
3.109482504079393e-06	1.005138e-09
3.114365316579392e-06	1.005138e-09
3.119248129079392e-06	1.005138e-09
3.129013754079392e-06	1.005138e-09
3.138779379079391e-06	1.005138e-09
3.148545004079391e-06	1.005138e-09
3.158310629079391e-06	1.005138e-09
3.168076254079390e-06	1.005138e-09
3.177841879079390e-06	1.005138e-09
3.187607504079389e-06	1.005138e-09
3.192490316579389e-06	1.005138e-09
3.195117187500001e-06	1.005138e-09
3.200000000000001e-06	2.601871e-05
3.200014243370202e-06	2.126450e-05
3.200042730110604e-06	5.682817e-06
3.200049623184987e-06	1.451895e-06
3.200058347535667e-06	-4.042931e-06
3.200074900889477e-06	-4.867011e-06
3.200099621563201e-06	-1.021909e-06
3.200149062910650e-06	-1.476510e-06
3.200247945605547e-06	-6.756597e-07
3.200445710995341e-06	-7.042422e-07
3.200724644327076e-06	-3.820045e-07
3.201094199781511e-06	9.419597e-06
3.201167794716580e-06	2.248051e-06
3.201186193450347e-06	-6.609751e-08
3.201222990917882e-06	-1.232607e-07
3.201232190284766e-06	-1.139546e-07
3.201255188701975e-06	-8.314964e-08
3.201264388068859e-06	-7.399642e-08
3.201282786802626e-06	-6.040025e-08
3.201319584270161e-06	-4.428849e-08
3.201393179205230e-06	-2.617764e-08
3.201540369075369e-06	-2.844047e-09
3.201834748815646e-06	2.524367e-08
3.202423508296202e-06	4.794642e-08
3.203219711243713e-06	4.621843e-08
3.204746556628451e-06	1.652353e-08
3.206311934082635e-06	-8.855251e-09
3.208318808806083e-06	-2.236060e-08
3.210411319725409e-06	-2.100320e-08
3.211977365915777e-06	-1.500075e-08
3.213936967251506e-06	-7.515106e-09
3.216009285046759e-06	-2.808173e-09
3.219084923003312e-06	-5.100961e-11
3.223195720926970e-06	-6.053213e-07
3.224809836693907e-06	-4.143732e-06
3.224850765759726e-06	-6.444231e-06
3.224932623891364e-06	-1.585748e-05
3.225096340154640e-06	-4.791210e-05
3.225221655605003e-06	-1.017068e-04
3.225381971897965e-06	-2.176314e-04
3.225498101304802e-06	6.173507e-04
3.225614381235801e-06	4.672910e-03
3.225629382983142e-06	8.519975e-03
3.225659386477822e-06	3.106056e-02
3.225687621477875e-06	7.102233e-02
3.225694680227889e-06	8.978627e-02
3.225708797727915e-06	1.603892e-01
3.225727590521236e-06	3.232203e-01
3.225745544588268e-06	5.501785e-01
3.225761710808223e-06	8.028349e-01
3.225775034151673e-06	1.055089e+00
3.225783310972789e-06	1.262073e+00
3.225789459575329e-06	1.457114e+00
3.225796264621006e-06	1.679739e+00
3.225799221345644e-06	1.744918e+00
3.225803513926558e-06	1.783084e+00
3.225806705721197e-06	1.792506e+00
3.225810457932332e-06	1.796090e+00
3.225815618303865e-06	1.798380e+00
3.225822102381523e-06	1.799212e+00
3.225829614925862e-06	1.799455e+00
3.225840258121322e-06	1.799745e+00
3.225856623797210e-06	1.800048e+00
3.225878908461728e-06	1.800174e+00
3.225910885907569e-06	1.800185e+00
3.225966184481330e-06	1.800179e+00
3.226076781628852e-06	1.800158e+00
3.226297975923897e-06	1.800127e+00
3.226579861512553e-06	1.800094e+00
3.226624233083686e-06	1.800091e+00
3.226712976225950e-06	1.800085e+00
3.226779533582649e-06	1.800080e+00
3.226868276724913e-06	1.800075e+00
3.227045763009442e-06	1.800066e+00
3.227075419821035e-06	1.800065e+00
3.227134733444221e-06	1.800064e+00
3.227149561850018e-06	1.800063e+00
3.227179218661611e-06	1.800062e+00
3.227188486415233e-06	1.800062e+00
3.227192193516683e-06	1.800062e+00
3.227205168371755e-06	1.800061e+00
3.227212582574653e-06	1.800061e+00
3.227227410980449e-06	1.800060e+00
3.227257067792043e-06	1.800059e+00
3.227316381415228e-06	1.800056e+00
3.227435008661600e-06	1.800049e+00
3.227672263154343e-06	1.800040e+00
3.228146772139829e-06	1.800028e+00
3.228688630305636e-06	1.800020e+00
3.229709545946222e-06	1.800011e+00
3.231473351211484e-06	1.800004e+00
3.233627389244206e-06	1.800001e+00
3.236479155963041e-06	1.800000e+00
3.240338189363925e-06	1.800000e+00
3.245221001863925e-06	1.800000e+00
3.250103814363924e-06	1.800000e+00
3.254986626863924e-06	1.800000e+00
3.259869439363924e-06	1.800000e+00
3.264752251863924e-06	1.800000e+00
3.269635064363924e-06	1.800000e+00
3.274517876863923e-06	1.800000e+00
3.279400689363923e-06	1.800000e+00
3.284283501863923e-06	1.800000e+00
3.289166314363923e-06	1.800000e+00
3.294049126863923e-06	1.800000e+00
3.295117187600001e-06	1.800000e+00
3.297253309072157e-06	1.800000e+00
3.300000000100000e-06	1.799427e+00
3.300006870132122e-06	1.799634e+00
3.300020610196365e-06	1.800483e+00
3.300023990716147e-06	1.800359e+00
3.300028062532656e-06	1.800118e+00
3.300033221920001e-06	1.800138e+00
3.300038927849275e-06	1.800105e+00
3.300050339707822e-06	1.800082e+00
3.300065173345697e-06	1.800056e+00
3.300094840621446e-06	1.800029e+00
3.300130846814511e-06	1.800013e+00
3.300202859200642e-06	1.800003e+00
3.300346883972905e-06	1.800000e+00
3.300540579073457e-06	1.800000e+00
3.300758495281448e-06	1.800000e+00
3.301035257734302e-06	1.800000e+00
3.301425198094492e-06	1.800000e+00
3.302034329656150e-06	1.800000e+00
3.303059637547385e-06	1.800000e+00
3.304075223679863e-06	1.800000e+00
3.305423648733268e-06	1.800000e+00
3.306772069118475e-06	1.800000e+00
3.308237591954067e-06	1.800000e+00
3.309144053525915e-06	1.800000e+00
3.309699558052955e-06	1.800000e+00
3.310275531426829e-06	1.800000e+00
3.310879526182498e-06	1.800000e+00
3.311295251258530e-06	1.800000e+00
3.311769362815509e-06	1.800000e+00
3.312499146059709e-06	1.800000e+00
3.313187919401387e-06	1.800000e+00
3.314076495470707e-06	1.800000e+00
3.315049460309340e-06	1.800000e+00
3.316676018172367e-06	1.800000e+00
3.318943412420037e-06	1.800000e+00
3.323478200915376e-06	1.800000e+00
3.328361013415376e-06	1.800000e+00
3.333243825915376e-06	1.800000e+00
3.338126638415375e-06	1.800000e+00
3.343009450915375e-06	1.800000e+00
3.345117187500001e-06	1.800000e+00
3.345784526830749e-06	1.800000e+00
3.347119205492245e-06	1.800000e+00
3.347753517046540e-06	1.800000e+00
3.348599265785602e-06	1.800000e+00
3.350000000000001e-06	1.800003e+00
3.350003614680669e-06	1.800002e+00
3.350010844042004e-06	1.800000e+00
3.350012608495813e-06	1.800000e+00
3.350014754275706e-06	1.800000e+00
3.350017856168574e-06	1.800000e+00
3.350021153120541e-06	1.800000e+00
3.350027747024477e-06	1.800000e+00
3.350037585842385e-06	1.800000e+00
3.350055558906099e-06	1.800000e+00
3.350079690826595e-06	1.800000e+00
3.350125579033060e-06	1.800000e+00
3.350217355445988e-06	1.800000e+00
3.350334853497787e-06	1.800000e+00
3.350468478008162e-06	1.800000e+00
3.350689244748176e-06	1.800000e+00
3.350930231835236e-06	1.800000e+00
3.351193270991384e-06	1.800000e+00
3.351402371164861e-06	1.800000e+00
3.351589495863569e-06	1.800000e+00
3.351827710872885e-06	1.800000e+00
3.352068566903489e-06	1.800000e+00
3.352260114353600e-06	1.800000e+00
3.352518808078280e-06	1.800000e+00
3.352796205945260e-06	1.800000e+00
3.353175680393112e-06	1.800000e+00
3.353541649142966e-06	1.800000e+00
3.354028286595224e-06	1.800000e+00
3.354500209922878e-06	1.800000e+00
3.355034533689634e-06	1.800000e+00
3.355640702810801e-06	1.800000e+00
3.356322881764214e-06	1.800000e+00
3.356943886593150e-06	1.800000e+00
3.357628444069315e-06	1.800000e+00
3.358533606914390e-06	1.800000e+00
3.359403201312112e-06	1.800000e+00
3.360338887925892e-06	1.800000e+00
3.361555315211445e-06	1.800000e+00
3.362665114878335e-06	1.800000e+00
3.364156848691746e-06	1.800000e+00
3.365771137598447e-06	1.800000e+00
3.368123782931163e-06	1.800000e+00
3.370300432290567e-06	1.800000e+00
3.373726467728236e-06	1.800000e+00
3.377873669557899e-06	1.800000e+00
3.382756482057898e-06	1.800000e+00
3.387639294557898e-06	1.800000e+00
3.392522107057898e-06	1.800000e+00
3.397404919557898e-06	1.800000e+00
3.402287732057898e-06	1.800000e+00
3.407170544557897e-06	1.800000e+00
3.412053357057897e-06	1.800000e+00
3.416936169557897e-06	1.800000e+00
3.421818982057897e-06	1.800000e+00
3.426701794557897e-06	1.800000e+00
3.431584607057896e-06	1.800000e+00
3.436467419557896e-06	1.800000e+00
3.441350232057896e-06	1.800000e+00
3.445117187500001e-06	1.800000e+00
3.450000000000001e-06	1.800000e+00
3.450013518900038e-06	1.800000e+00
3.450040556700113e-06	1.800000e+00
3.450047147677638e-06	1.800000e+00
3.450055427133508e-06	1.800000e+00
3.450065366800432e-06	1.800000e+00
3.450084570472765e-06	1.800000e+00
3.450107453014553e-06	1.800000e+00
3.450152066336257e-06	1.800000e+00
3.450231218403329e-06	1.800000e+00
3.450389522537473e-06	1.800000e+00
3.450550320557510e-06	1.800000e+00
3.450740502240974e-06	1.800000e+00
3.451005006345986e-06	1.800000e+00
3.451288405120649e-06	1.800000e+00
3.451617894574195e-06	1.800000e+00
3.452088350496977e-06	1.800000e+00
3.452792414360510e-06	1.800000e+00
3.453539741365318e-06	1.800000e+00
3.454391165708077e-06	1.800000e+00
3.455290640428122e-06	1.800000e+00
3.456467724316000e-06	1.800000e+00
3.457456661036684e-06	1.800000e+00
3.458728730297537e-06	1.800000e+00
3.459389036898992e-06	1.800000e+00
3.459830860138111e-06	1.800000e+00
3.460484052025722e-06	1.800000e+00
3.460840248753260e-06	1.800000e+00
3.461208146242700e-06	1.800000e+00
3.461603600597849e-06	1.800000e+00
3.462160206738550e-06	1.800000e+00
3.462817766452393e-06	1.800000e+00
3.463566459682214e-06	1.800000e+00
3.464512932697244e-06	1.800000e+00
3.465715578781250e-06	1.800000e+00
3.467403931365078e-06	1.800000e+00
3.469544976320334e-06	1.800000e+00
3.472039084138320e-06	1.800000e+00
3.475208510370400e-06	1.800000e+00
3.480091322870400e-06	1.800000e+00
3.484974135370400e-06	1.800000e+00
3.494739760370399e-06	1.800000e+00
3.504505385370399e-06	1.800000e+00
3.546901395640794e-06	1.800000e+00
3.550000000100000e-06	1.800000e+00
3.554882812600000e-06	1.800000e+00
3.555117187600001e-06	1.800000e+00
3.555585937600002e-06	1.800000e+00
3.556523437600005e-06	1.800000e+00
3.558125000099995e-06	1.800000e+00
3.560000000100001e-06	1.800000e+00
3.560005097348462e-06	1.800000e+00
3.560015291845385e-06	1.800000e+00
3.560017783350020e-06	1.800000e+00
3.560020819525581e-06	1.800000e+00
3.560026891876704e-06	1.800000e+00
3.560032808555562e-06	1.800000e+00
3.560044641913277e-06	1.800000e+00
3.560067126282598e-06	1.800000e+00
3.560092014720395e-06	1.800000e+00
3.560141791595989e-06	1.800000e+00
3.560236719513407e-06	1.800000e+00
3.560426575348242e-06	1.800000e+00
3.560699078675690e-06	1.800000e+00
3.561244085330587e-06	1.800000e+00
3.561763246560173e-06	1.800000e+00
3.562719332864168e-06	1.800000e+00
3.564076368763158e-06	1.800000e+00
3.565519593098880e-06	1.800000e+00
3.567778430081658e-06	1.800000e+00
3.571055623584574e-06	1.800000e+00
3.575938436084574e-06	1.800000e+00
3.585704061084573e-06	1.800000e+00
3.688243123584569e-06	1.800000e+00
3.693125936084569e-06	1.800000e+00
3.695117187500001e-06	1.800000e+00
3.696017497169136e-06	1.800000e+00
3.697818116507407e-06	1.800000e+00
3.700000000000001e-06	1.796417e+00
3.700005499342674e-06	1.797628e+00
3.700016498028019e-06	1.804864e+00
3.700019201656026e-06	1.803856e+00
3.700022496734728e-06	1.800244e+00
3.700026173664191e-06	1.799595e+00
3.700030234318587e-06	1.799915e+00
3.700035388918660e-06	1.799826e+00
3.700043628060208e-06	1.799942e+00
3.700056589886752e-06	1.799957e+00
3.700080387768273e-06	1.799997e+00
3.700109265957130e-06	1.800075e+00
3.700114062453434e-06	1.800033e+00
3.700115261577509e-06	1.800016e+00
3.700117659825661e-06	1.800007e+00
3.700118259387699e-06	1.800006e+00
3.700119458511774e-06	1.800007e+00
3.700121856759926e-06	1.800007e+00
3.700123655446039e-06	1.800007e+00
3.700126053694191e-06	1.800007e+00
3.700130850190494e-06	1.800007e+00
3.700140443183100e-06	1.800007e+00
3.700159629168313e-06	1.800007e+00
3.700198001138738e-06	1.800007e+00
3.700274745079589e-06	1.800006e+00
3.700376419589813e-06	1.800005e+00
3.700500350746573e-06	1.800004e+00
3.700638309973378e-06	1.800003e+00
3.700833576338784e-06	1.800003e+00
3.701121636250920e-06	1.800002e+00
3.701659216139621e-06	1.800002e+00
3.702734375917025e-06	1.800001e+00
3.704222227117726e-06	1.800000e+00
3.706052018098657e-06	1.800000e+00
3.708309034825362e-06	1.800000e+00
3.710121946856200e-06	1.800000e+00
3.712079881007167e-06	1.800000e+00
3.714351005739198e-06	1.800000e+00
3.718238857865414e-06	1.800000e+00
3.720609880548107e-06	1.800000e+00
3.721202636218780e-06	1.800000e+00
3.722388147560126e-06	1.800001e+00
3.723659483467668e-06	1.800003e+00
3.723809232457085e-06	1.800010e+00
3.724108730435919e-06	1.800057e+00
3.724274807304792e-06	1.797291e+00
3.724385163788949e-06	1.779854e+00
3.724446057969559e-06	1.737769e+00
3.724506768740461e-06	1.662674e+00
3.724547164512007e-06	1.615132e+00
3.724590818327282e-06	1.562350e+00
3.724609395038381e-06	1.507636e+00
3.724634483438360e-06	1.350371e+00
3.724657891695345e-06	1.089907e+00
3.724675648087240e-06	7.647209e-01
3.724695312070563e-06	3.032062e-01
3.724704636785920e-06	1.159066e-01
3.724712753449395e-06	3.298575e-02
3.724722272712006e-06	6.708623e-03
3.724731954061587e-06	2.374554e-03
3.724742289926795e-06	1.512766e-03
3.724762961657210e-06	8.143021e-04
3.724799767501036e-06	4.211595e-04
3.724834015318570e-06	3.034297e-04
3.724876736844997e-06	2.370250e-04
3.724953014465082e-06	1.756693e-04
3.725052798685147e-06	1.179397e-04
3.725130567542853e-06	6.063975e-05
3.725207743585786e-06	5.498210e-06
3.725288074479752e-06	-1.247768e-05
3.725360636287124e-06	-1.091159e-05
3.725438092688706e-06	-1.006725e-05
3.725593005491871e-06	-8.192915e-06
3.725882635567520e-06	-1.914010e-05
3.725899200147502e-06	-1.484638e-05
3.725932329307466e-06	-4.595135e-06
3.725940611597457e-06	-4.714979e-06
3.725942682169954e-06	-4.742243e-06
3.725946823314950e-06	-4.682789e-06
3.725957176177439e-06	-4.592266e-06
3.725967529039928e-06	-4.507148e-06
3.725977881902416e-06	-4.427433e-06
3.725988234764905e-06	-4.353122e-06
3.725998587627394e-06	-4.284214e-06
3.726008940489883e-06	-4.220711e-06
3.726019293352371e-06	-4.162611e-06
3.726085551672299e-06	-3.771255e-06
3.726218068312156e-06	-3.126117e-06
3.726483101591868e-06	-2.154104e-06
3.726733488174183e-06	-1.527395e-06
3.727122757654943e-06	-9.309691e-07
3.727640127509139e-06	-4.893270e-07
3.728536123309302e-06	-1.385148e-07
3.729482747968885e-06	1.146998e-09
3.731015118059310e-06	4.576490e-08
3.732977225757683e-06	2.966264e-08
3.736017628816759e-06	-4.992180e-09
3.739388482552175e-06	-1.451670e-08
3.743829513238624e-06	-1.215139e-08
3.748712325738624e-06	-9.658962e-09
3.753595138238624e-06	-6.846209e-09
3.758477950738624e-06	-4.585187e-09
3.763360763238623e-06	-2.875286e-09
3.768243575738623e-06	-1.660050e-09
3.773126388238623e-06	-8.082225e-10
3.778009200738623e-06	-2.209816e-10
3.782892013238623e-06	1.786852e-10
3.787774825738622e-06	4.512349e-10
3.792657638238622e-06	6.532487e-10
3.795117187600001e-06	7.216144e-10
3.800000000100000e-06	-2.944796e-05
3.800009536843164e-06	-8.679533e-06
3.800028610329493e-06	2.843503e-05
3.800033397739876e-06	1.282971e-06
3.800039110544142e-06	-1.993981e-05
3.800050536152674e-06	-1.032865e-06
3.800066062760044e-06	-1.209143e-06
3.800097115974784e-06	-4.830731e-08
3.800129243796034e-06	-1.761756e-07
3.800172922647409e-06	6.855191e-09
3.800215175491528e-06	-9.824554e-08
3.800276617202160e-06	2.340095e-08
3.800344130306116e-06	-5.723115e-08
3.800451695606529e-06	2.497866e-08
3.800596610084470e-06	-1.691993e-08
3.800796776069884e-06	9.096381e-09
3.801039299497051e-06	-8.547881e-10
3.801292599429343e-06	1.113471e-08
3.801654307800416e-06	-6.149528e-09
3.802178467002743e-06	6.806443e-09
3.803011063498923e-06	-1.381360e-09
3.804112664167983e-06	4.299003e-09
3.806114854574750e-06	3.031568e-10
3.808543148820686e-06	1.320295e-09
3.811222229416947e-06	9.386549e-10
3.813963545576901e-06	1.571930e-09
3.817361191660551e-06	8.953617e-10
3.820929752273836e-06	1.608410e-09
3.825812564773836e-06	1.008118e-09
3.830695377273836e-06	1.009880e-09
3.840461002273835e-06	1.009823e-09
3.845343814773835e-06	1.086582e-09
3.850000000000000e-06	-2.233544e-06
3.850001192092896e-06	-1.763367e-06
3.850003576278687e-06	-2.262702e-07
3.850004173026717e-06	-6.349202e-08
3.850004890833520e-06	-3.864712e-08
3.850006326447127e-06	-1.478048e-08
3.850008242326334e-06	-3.439818e-09
3.850012074084750e-06	4.459585e-10
3.850018462545913e-06	8.417758e-10
3.850025595294532e-06	8.314772e-10
3.850035909951902e-06	9.554560e-10
3.850050901019059e-06	1.033775e-09
3.850073356292160e-06	1.058171e-09
3.850098778554936e-06	1.039656e-09
3.850138516970476e-06	1.021296e-09
3.850193618770051e-06	1.011960e-09
3.850284309658205e-06	1.008163e-09
3.850401735515623e-06	1.006375e-09
3.850569146421168e-06	1.005747e-09
3.850768423441750e-06	1.005230e-09
3.851035249936077e-06	1.004888e-09
3.851398529413553e-06	1.004677e-09
3.851893205766728e-06	1.004840e-09
3.852386847944917e-06	1.004986e-09
3.852913797609859e-06	1.005114e-09
3.853395958612807e-06	1.005217e-09
3.854028915767088e-06	1.005273e-09
3.854469261892202e-06	1.005238e-09
3.855007557919113e-06	1.005126e-09
3.855501825986403e-06	1.005054e-09
3.856113561193748e-06	1.005067e-09
3.856745243219904e-06	1.005111e-09
3.857416062408784e-06	1.005168e-09
3.858206388173916e-06	1.005178e-09
3.858940556353174e-06	1.005151e-09
3.859765526135617e-06	1.005115e-09
3.860740188672225e-06	1.005129e-09
3.861879463541054e-06	1.005146e-09
3.863004786421978e-06	1.005149e-09
3.864326864647560e-06	1.005133e-09
3.865720810687265e-06	1.005138e-09
3.867544999590293e-06	1.005140e-09
3.869409832234513e-06	1.005143e-09
3.872306399869664e-06	1.005138e-09
3.875154855285317e-06	1.005141e-09
3.879040308242698e-06	1.005137e-09
3.883923120742698e-06	1.005138e-09
3.888805933242698e-06	1.005138e-09
3.893688745742698e-06	1.005138e-09
3.898571558242698e-06	1.005138e-09
3.903454370742697e-06	1.005138e-09
3.908337183242697e-06	1.005138e-09
3.913219995742697e-06	1.005138e-09
3.918102808242697e-06	1.005138e-09
3.922985620742697e-06	1.005138e-09
3.927868433242696e-06	1.005138e-09
3.932751245742696e-06	1.005138e-09
3.937634058242696e-06	1.005138e-09
3.942516870742696e-06	1.005134e-09
3.945117187500000e-06	1.005134e-09
3.950000000000000e-06	9.928844e-10
3.950014640592567e-06	9.869173e-10
3.950043921777701e-06	9.639257e-10
3.950050995529264e-06	9.648951e-10
3.950059994662841e-06	9.786377e-10
3.950073531137902e-06	1.001879e-09
3.950088989093446e-06	1.015137e-09
3.950119905004534e-06	1.018763e-09
3.950162814505265e-06	1.015021e-09
3.950208040357395e-06	1.011337e-09
3.950267529449490e-06	1.008821e-09
3.950344124929368e-06	1.007185e-09
3.950447453543393e-06	1.006175e-09
3.950574075758620e-06	1.005630e-09
3.950741193692581e-06	1.005314e-09
3.950953942645622e-06	1.005104e-09
3.951248745412174e-06	1.004962e-09
3.951651543110369e-06	1.004932e-09
3.952214526573965e-06	1.005011e-09
3.952799170710853e-06	1.005083e-09
3.953429876311199e-06	1.005129e-09
3.954120879259483e-06	1.005154e-09
3.955114300236994e-06	1.005154e-09
3.956127093874460e-06	1.005139e-09
3.957243608898819e-06	1.005134e-09
3.958211904841211e-06	1.005138e-09
3.959488223709067e-06	1.005141e-09
3.960665872992846e-06	1.005139e-09
3.961845687014607e-06	1.005137e-09
3.963354852575887e-06	1.005138e-09
3.964929956303055e-06	1.005138e-09
3.967527067962876e-06	1.005138e-09
3.972409880462876e-06	1.005138e-09
3.977002315298573e-06	1.005138e-09
3.981885127798573e-06	1.005138e-09
3.991650752798573e-06	1.005138e-09
4.045361690298571e-06	1.005138e-09
4.050000000100000e-06	1.005138e-09
4.054882812600000e-06	1.005142e-09
4.055117187600000e-06	1.005141e-09
4.055585937600001e-06	1.005137e-09
4.056523437600002e-06	1.005137e-09
4.058125000099998e-06	1.005138e-09
4.060000000100000e-06	8.968222e-10
4.060004857155868e-06	8.866791e-10
4.060014571267605e-06	9.922425e-10
4.060016961201638e-06	1.070497e-09
4.060019807525118e-06	1.130403e-09
4.060024118940976e-06	1.120411e-09
4.060028620233820e-06	1.092144e-09
4.060036730382932e-06	1.054845e-09
4.060048683365164e-06	1.024705e-09
4.060069249404317e-06	1.008564e-09
4.060110381482623e-06	1.004761e-09
4.060178250419968e-06	1.005372e-09
4.060313988294660e-06	1.005345e-09
4.060585464044044e-06	1.005192e-09
4.060963802187210e-06	1.005149e-09
4.061516111067817e-06	1.005133e-09
4.062524790763765e-06	1.005133e-09
4.063646119228068e-06	1.005133e-09
4.065000815636451e-06	1.005136e-09
4.067155709167458e-06	1.005137e-09
4.069543665278283e-06	1.005138e-09
4.074319577499933e-06	1.005138e-09
4.079202389999932e-06	1.005138e-09
4.084085202499932e-06	1.005138e-09
4.088968014999932e-06	1.005138e-09
4.093850827499932e-06	1.005138e-09
4.103616452499931e-06	1.005138e-09
4.108499264999931e-06	1.005138e-09
4.113382077499931e-06	1.005138e-09
4.118264889999931e-06	1.005138e-09
4.129243789642798e-06	1.005138e-09
4.140222689285665e-06	1.005138e-09
4.151201588928532e-06	1.005138e-09
4.162180488571399e-06	1.005138e-09
4.173159388214266e-06	1.005138e-09
4.184138287857134e-06	1.005138e-09
4.195117187500001e-06	1.005138e-09
4.200000000000000e-06	2.429751e-05
4.200014258502202e-06	1.948183e-05
4.200042775506605e-06	5.414727e-06
4.200049675326658e-06	1.709881e-06
4.200058409104516e-06	-3.546826e-06
4.200075607971936e-06	-4.339212e-06
4.200099841119857e-06	-7.717354e-07
4.200148307415702e-06	-1.381291e-06
4.200245240007389e-06	-5.847854e-07
4.200439105190765e-06	-6.387555e-07
4.200706281025526e-06	-3.424699e-07
4.201064006879491e-06	9.506114e-06
4.201134226993528e-06	2.276670e-06
4.201151782022037e-06	-5.334358e-08
4.201186892079055e-06	-1.289132e-07
4.201195669593310e-06	-1.247129e-07
4.201213224621819e-06	-1.106465e-07
4.201248334678838e-06	-8.269412e-08
4.201274667221601e-06	-5.951163e-08
4.201309777278620e-06	-3.834008e-08
4.201379997392657e-06	-1.736416e-08
4.201520437620731e-06	4.970054e-09
4.201801318076878e-06	3.141705e-08
4.202363078989174e-06	5.126387e-08
4.203486600813766e-06	4.347171e-08
4.205637234780714e-06	2.079711e-09
4.208112370233802e-06	-2.170165e-08
4.210735259242696e-06	-1.873068e-08
4.212733226401893e-06	-1.073295e-08
4.215233368307116e-06	-3.652218e-09
4.217982611076215e-06	-4.336874e-10
4.222865423576215e-06	8.087619e-10
4.227748236076215e-06	7.766023e-10
4.228358587638714e-06	8.112782e-10
4.229579290763715e-06	1.036714e-09
4.230667056534435e-06	1.535462e-09
4.230938997977115e-06	-5.654658e-09
4.231482880862474e-06	-3.106053e-07
4.231747111586431e-06	-1.981884e-06
4.232192281185088e-06	-1.344498e-05
4.232371345827317e-06	-3.357328e-05
4.232498914459434e-06	-7.368196e-05
4.232627944089952e-06	-1.480390e-04
4.232770326713082e-06	-2.506553e-04
4.232874074755784e-06	7.266589e-03
4.232997382934213e-06	3.823778e-02
4.233009394374540e-06	5.277365e-02
4.233033417255194e-06	1.115728e-01
4.233038594123116e-06	1.332985e-01
4.233048947858961e-06	2.118839e-01
4.233069655330649e-06	4.457857e-01
4.233084777793077e-06	6.656417e-01
4.233101430079560e-06	9.447500e-01
4.233104195319490e-06	9.982040e-01
4.233109725799350e-06	1.122773e+00
4.233114142996925e-06	1.239577e+00
4.233118763015245e-06	1.388683e+00
4.233125362601976e-06	1.625861e+00
4.233128078775928e-06	1.708578e+00
4.233130835603809e-06	1.757733e+00
4.233133982463766e-06	1.781551e+00
4.233137786556555e-06	1.792022e+00
4.233141376610717e-06	1.795915e+00
4.233147373086164e-06	1.798473e+00
4.233154078615744e-06	1.799279e+00
4.233161719001640e-06	1.799482e+00
4.233172352473743e-06	1.799768e+00
4.233188751054767e-06	1.800056e+00
4.233212312899539e-06	1.800174e+00
4.233245372513118e-06	1.800184e+00
4.233304169076067e-06	1.800177e+00
4.233417296394012e-06	1.800155e+00
4.233445578223498e-06	1.800151e+00
4.233502141882471e-06	1.800144e+00
4.233516282797214e-06	1.800142e+00
4.233544564626700e-06	1.800138e+00
4.233551635084071e-06	1.800137e+00
4.233558705541443e-06	1.800136e+00
4.233565775998814e-06	1.800135e+00
4.233572846456186e-06	1.800134e+00
4.233579916913557e-06	1.800133e+00
4.233586987370929e-06	1.800133e+00
4.233594057828300e-06	1.800132e+00
4.233601128285671e-06	1.800131e+00
4.233615269200415e-06	1.800129e+00
4.233643551029901e-06	1.800125e+00
4.233700114688873e-06	1.800119e+00
4.233813242006818e-06	1.800106e+00
4.234039496642708e-06	1.800087e+00
4.234492005914488e-06	1.800058e+00
4.234577362224967e-06	1.800054e+00
4.234790753001165e-06	1.800045e+00
4.234940126544504e-06	1.800041e+00
4.235008716436854e-06	1.800039e+00
4.235077306329203e-06	1.800037e+00
4.235145896221552e-06	1.800035e+00
4.235214486113902e-06	1.800033e+00
4.235283076006252e-06	1.800032e+00
4.235351665898601e-06	1.800030e+00
4.235420255790951e-06	1.800029e+00
4.235761681032868e-06	1.800023e+00
4.236444531516702e-06	1.800016e+00
4.237386686536727e-06	1.800009e+00
4.238896350161809e-06	1.800004e+00
4.240968487832756e-06	1.800001e+00
4.243258477437129e-06	1.800000e+00
4.246122530572044e-06	1.800000e+00
4.250105894713349e-06	1.800000e+00
4.254988707213349e-06	1.800000e+00
4.255788893408225e-06	1.800000e+00
4.256589079603103e-06	1.800000e+00
4.257389265797979e-06	1.800000e+00
4.258189451992856e-06	1.800000e+00
4.258989638187732e-06	1.800000e+00
4.259789824382610e-06	1.800000e+00
4.260590010577486e-06	1.800000e+00
4.262830531923141e-06	1.800000e+00
4.265154134872446e-06	1.800000e+00
4.269801340771054e-06	1.800000e+00
4.274684153271053e-06	1.800000e+00
4.279566965771053e-06	1.800000e+00
4.284449778271053e-06	1.800000e+00
4.289332590771053e-06	1.800000e+00
4.294215403271053e-06	1.800000e+00
4.295117187600000e-06	1.800000e+00
4.296920756257896e-06	1.800000e+00
4.300000000100000e-06	1.799499e+00
4.300007687116776e-06	1.799696e+00
4.300023061150328e-06	1.800451e+00
4.300026844625956e-06	1.800327e+00
4.300031392451036e-06	1.800113e+00
4.300037171909534e-06	1.800133e+00
4.300043529746268e-06	1.800097e+00
4.300056245419736e-06	1.800076e+00
4.300071721677606e-06	1.800051e+00
4.300102674193345e-06	1.800026e+00
4.300144320375716e-06	1.800010e+00
4.300227612740458e-06	1.800002e+00
4.300394197469943e-06	1.800000e+00
4.300574085010550e-06	1.800000e+00
4.300813557757205e-06	1.800000e+00
4.301102676414246e-06	1.800000e+00
4.301599668376389e-06	1.800000e+00
4.302372356727065e-06	1.800000e+00
4.303352496798914e-06	1.800000e+00
4.304449428810271e-06	1.800000e+00
4.305828639970533e-06	1.800000e+00
4.306979133520184e-06	1.800000e+00
4.308114336145967e-06	1.800000e+00
4.309416865210470e-06	1.800000e+00
4.310877314149142e-06	1.800000e+00
4.311493927590904e-06	1.800000e+00
4.312014773525984e-06	1.800000e+00
4.312625793824379e-06	1.800000e+00
4.312973222969300e-06	1.800000e+00
4.313446015354961e-06	1.800000e+00
4.313955980120432e-06	1.800000e+00
4.314624214323009e-06	1.800000e+00
4.315330391349916e-06	1.800000e+00
4.316254476295803e-06	1.800000e+00
4.317398643264061e-06	1.800000e+00
4.319225710611309e-06	1.800000e+00
4.322534547505728e-06	1.800000e+00
4.325879841357129e-06	1.800000e+00
4.330762653857129e-06	1.800000e+00
4.335645466357129e-06	1.800000e+00
4.340528278857128e-06	1.800000e+00
4.345411091357128e-06	1.800000e+00
4.350000000000001e-06	1.800006e+00
4.350001192092897e-06	1.800005e+00
4.350003576278688e-06	1.800000e+00
4.350004172402040e-06	1.800000e+00
4.350004888957820e-06	1.800000e+00
4.350006322069382e-06	1.800000e+00
4.350007870810078e-06	1.800000e+00
4.350010968291470e-06	1.800000e+00
4.350017163254253e-06	1.800000e+00
4.350025727257882e-06	1.800000e+00
4.350035865936241e-06	1.800000e+00
4.350049493579907e-06	1.800000e+00
4.350070768694233e-06	1.800000e+00
4.350113021916122e-06	1.800000e+00
4.350197528359899e-06	1.800000e+00
4.350332511005042e-06	1.800000e+00
4.350454596675648e-06	1.800000e+00
4.350642359657659e-06	1.800000e+00
4.350857337064304e-06	1.800000e+00
4.351099022642365e-06	1.800000e+00
4.351295317116099e-06	1.800000e+00
4.351494330605056e-06	1.800000e+00
4.351715719041411e-06	1.800000e+00
4.352010496913074e-06	1.800000e+00
4.352273279327147e-06	1.800000e+00
4.352568059711350e-06	1.800000e+00
4.352870816065142e-06	1.800000e+00
4.353257294390935e-06	1.800000e+00
4.353638729990303e-06	1.800000e+00
4.353986226433006e-06	1.800000e+00
4.354436340455166e-06	1.800000e+00
4.354908676467488e-06	1.800000e+00
4.355501007653563e-06	1.800000e+00
4.356081442755369e-06	1.800000e+00
4.356716935390144e-06	1.800000e+00
4.357341634655945e-06	1.800000e+00
4.358000310948278e-06	1.800000e+00
4.358781140563004e-06	1.800000e+00
4.359691684475898e-06	1.800000e+00
4.360692906910463e-06	1.800000e+00
4.361765908323456e-06	1.800000e+00
4.363104224463933e-06	1.800000e+00
4.364566724363309e-06	1.800000e+00
4.366422987716630e-06	1.800000e+00
4.368463161109300e-06	1.800000e+00
4.371520385550483e-06	1.800000e+00
4.374831921433606e-06	1.800000e+00
4.379343387553725e-06	1.800000e+00
4.384226200053724e-06	1.800000e+00
4.389109012553724e-06	1.800000e+00
4.393991825053724e-06	1.800000e+00
4.398874637553724e-06	1.800000e+00
4.403757450053724e-06	1.800000e+00
4.408640262553723e-06	1.800000e+00
4.413523075053723e-06	1.800000e+00
4.418405887553723e-06	1.800000e+00
4.423288700053723e-06	1.800000e+00
4.428171512553723e-06	1.800000e+00
4.437937137553722e-06	1.800000e+00
4.442819950053722e-06	1.800000e+00
4.445117187500001e-06	1.800000e+00
4.445405525107443e-06	1.800000e+00
4.445982200322327e-06	1.800000e+00
4.447135550752096e-06	1.800000e+00
4.448808795917196e-06	1.800000e+00
4.450000000000001e-06	1.800000e+00
4.450003020529407e-06	1.800000e+00
4.450009061588219e-06	1.800000e+00
4.450010553184733e-06	1.800000e+00
4.450012392862459e-06	1.800000e+00
4.450016072217910e-06	1.800000e+00
4.450022952879268e-06	1.800000e+00
4.450029800643895e-06	1.800000e+00
4.450039412723331e-06	1.800000e+00
4.450050204612789e-06	1.800000e+00
4.450067723746662e-06	1.800000e+00
4.450091218703063e-06	1.800000e+00
4.450138002853899e-06	1.800000e+00
4.450230869748926e-06	1.800000e+00
4.450416603538981e-06	1.800000e+00
4.450596964513241e-06	1.800000e+00
4.450793226599568e-06	1.800000e+00
4.451059383758577e-06	1.800000e+00
4.451369111319365e-06	1.800000e+00
4.451683954987859e-06	1.800000e+00
4.452161598368692e-06	1.800000e+00
4.452932678302964e-06	1.800000e+00
4.453951033420386e-06	1.800000e+00
4.454978545752164e-06	1.800000e+00
4.456405939240559e-06	1.800000e+00
4.457731767362015e-06	1.800000e+00
4.458714144086725e-06	1.800000e+00
4.459806927389804e-06	1.800000e+00
4.460659782189547e-06	1.800000e+00
4.461105847216707e-06	1.800000e+00
4.461487165528042e-06	1.800000e+00
4.461955166296805e-06	1.800000e+00
4.462234194313897e-06	1.800000e+00
4.462621860977321e-06	1.800000e+00
4.462971700843040e-06	1.800000e+00
4.463461378214045e-06	1.800000e+00
4.464035695656757e-06	1.800000e+00
4.464745305085875e-06	1.800000e+00
4.465585807794059e-06	1.800000e+00
4.466731672927037e-06	1.800000e+00
4.468178619951248e-06	1.800000e+00
4.470369586398807e-06	1.800000e+00
4.472901747520252e-06	1.800000e+00
4.475604701438539e-06	1.800000e+00
4.480487513938539e-06	1.800000e+00
4.485370326438539e-06	1.800000e+00
4.490253138938539e-06	1.800000e+00
4.495135951438539e-06	1.800000e+00
4.500018763938538e-06	1.800000e+00
4.504901576438538e-06	1.800000e+00
4.514667201438538e-06	1.800000e+00
4.547423409922928e-06	1.800000e+00
4.550000000100000e-06	1.800000e+00
4.554882812600000e-06	1.800000e+00
4.555117187600000e-06	1.800000e+00
4.555585937600001e-06	1.800000e+00
4.556523437600002e-06	1.800000e+00
4.558125000099998e-06	1.800000e+00
4.560000000100000e-06	1.800000e+00
4.560005191769220e-06	1.800000e+00
4.560015575107659e-06	1.800000e+00
4.560018106413561e-06	1.800000e+00
4.560021219484436e-06	1.800000e+00
4.560027445626188e-06	1.800000e+00
4.560034439819858e-06	1.800000e+00
4.560048428207199e-06	1.800000e+00
4.560075615081223e-06	1.800000e+00
4.560104628858771e-06	1.800000e+00
4.560162656413868e-06	1.800000e+00
4.560278711524062e-06	1.800000e+00
4.560490310066169e-06	1.800000e+00
4.560825855550206e-06	1.800000e+00
4.561340260718941e-06	1.800000e+00
4.561903350255216e-06	1.800000e+00
4.562929986121503e-06	1.800000e+00
4.564462479183090e-06	1.800000e+00
4.565844888453286e-06	1.800000e+00
4.568188162418908e-06	1.800000e+00
4.571622295088630e-06	1.800000e+00
4.576505107588630e-06	1.800000e+00
4.586270732588629e-06	1.800000e+00
4.688809795088625e-06	1.800000e+00
4.693692607588625e-06	1.800000e+00
4.697150840177248e-06	1.800000e+00
4.700000000000001e-06	1.797273e+00
4.700007164173757e-06	1.798275e+00
4.700021492521270e-06	1.803160e+00
4.700025021027611e-06	1.801831e+00
4.700029281425627e-06	1.799259e+00
4.700034462534016e-06	1.799537e+00
4.700040151490868e-06	1.799863e+00
4.700047186857084e-06	1.799832e+00
4.700056642133613e-06	1.799968e+00
4.700069985012221e-06	1.799953e+00
4.700090055592392e-06	1.799806e+00
4.700093998464733e-06	1.799840e+00
4.700101884209414e-06	1.800013e+00
4.700103855645584e-06	1.800013e+00
4.700107798517925e-06	1.799994e+00
4.700108784236010e-06	1.799994e+00
4.700110755672180e-06	1.799996e+00
4.700114698544521e-06	1.799997e+00
4.700115684262606e-06	1.799998e+00
4.700117655698776e-06	1.799998e+00
4.700121598571117e-06	1.799998e+00
4.700129484315798e-06	1.799999e+00
4.700145255805160e-06	1.800001e+00
4.700176798783885e-06	1.800002e+00
4.700239884741335e-06	1.800005e+00
4.700344966124139e-06	1.800006e+00
4.700460304706784e-06	1.800007e+00
4.700594439608648e-06	1.800007e+00
4.700763309156990e-06	1.800007e+00
4.701027897241627e-06	1.800006e+00
4.701463751452702e-06	1.800004e+00
4.702335459874851e-06	1.800003e+00
4.704078876719149e-06	1.800001e+00
4.705669361036284e-06	1.800000e+00
4.707555257594317e-06	1.800000e+00
4.709186546604880e-06	1.800000e+00
4.710310908139596e-06	1.800002e+00
4.711718765629256e-06	1.800009e+00
4.711744758170458e-06	1.800012e+00
4.711796743252861e-06	1.800027e+00
4.711900713417669e-06	1.800063e+00
4.712029486442689e-06	1.798903e+00
4.712112660707499e-06	1.789262e+00
4.712183045719335e-06	1.752338e+00
4.712249311410463e-06	1.683065e+00
4.712300781992949e-06	1.619196e+00
4.712355399812779e-06	1.535715e+00
4.712378687214091e-06	1.456827e+00
4.712403628359009e-06	1.279364e+00
4.712423601098357e-06	1.017280e+00
4.712440654633012e-06	6.602957e-01
4.712456396062115e-06	2.624784e-01
4.712464705938658e-06	9.880017e-02
4.712473365247206e-06	2.318656e-02
4.712482476975983e-06	4.368914e-03
4.712492003079437e-06	1.927397e-03
4.712503152990249e-06	1.227355e-03
4.712525452811872e-06	6.709228e-04
4.712555919313633e-06	4.090708e-04
4.712592256577639e-06	2.993189e-04
4.712634219073971e-06	2.353419e-04
4.712718144066633e-06	1.711885e-04
4.712830188555766e-06	1.024627e-04
4.712905021973435e-06	4.709983e-05
4.712997704145436e-06	-6.363963e-06
4.713068670487719e-06	-1.382317e-05
4.713150374149603e-06	-1.028894e-05
4.713237803040270e-06	-9.558496e-06
4.713411175586868e-06	-7.552184e-06
4.713727262340281e-06	-4.888388e-06
4.714139873430024e-06	-2.727460e-06
4.714589701146287e-06	-1.388728e-05
4.714635152853764e-06	-4.071405e-06
4.714646515780632e-06	-1.279517e-06
4.714669241634371e-06	-1.196303e-06
4.714714693341847e-06	-1.128731e-06
4.714726056268716e-06	-1.112139e-06
4.714745941390736e-06	-1.085026e-06
4.714765826512756e-06	-1.056124e-06
4.714834004073971e-06	-9.646694e-07
4.714924907488924e-06	-8.581395e-07
4.715106714318829e-06	-6.848563e-07
4.715470327978639e-06	-4.286460e-07
4.715811655769799e-06	-2.728911e-07
4.716395738150677e-06	-1.310507e-07
4.717278697886793e-06	-3.817893e-08
4.719044617359025e-06	1.345893e-08
4.721143779228835e-06	1.969554e-08
4.725097830769662e-06	6.466860e-09
4.729852891101381e-06	-1.932204e-09
4.734735703601381e-06	-2.052512e-09
4.739618516101381e-06	-9.336636e-10
4.744501328601380e-06	-4.362566e-10
4.749384141101380e-06	4.474886e-11
4.754266953601380e-06	3.237772e-10
4.759149766101380e-06	5.435423e-10
4.764032578601380e-06	6.851022e-10
4.768915391101379e-06	7.866470e-10
4.773798203601379e-06	8.553759e-10
4.778681016101379e-06	9.025266e-10
4.783563828601379e-06	9.351806e-10
4.788446641101379e-06	9.571385e-10
4.795117187600001e-06	9.769945e-10
4.799368659769346e-06	9.860848e-10
4.800000000100000e-06	-2.134135e-04
4.800001872900547e-06	-1.635505e-04
4.800005618501641e-06	1.947716e-04
4.800006523306406e-06	2.218325e-04
4.800007671949389e-06	1.550040e-04
4.800009969235357e-06	9.119710e-05
4.800014563807293e-06	3.990590e-05
4.800023752951163e-06	8.543172e-06
4.800037774634543e-06	-6.460629e-07
4.800054539420053e-06	-6.868063e-07
4.800081347702462e-06	-2.054717e-07
4.800120806827815e-06	-4.396071e-08
4.800165566666612e-06	-1.580284e-10
4.800216359295410e-06	-6.262173e-10
4.800279221452113e-06	2.299449e-09
4.800364154547866e-06	4.877616e-11
4.800488225792658e-06	1.901962e-09
4.800732482015023e-06	9.155937e-10
4.801001272150218e-06	1.064445e-09
4.801288737790777e-06	8.066811e-10
4.801687770031015e-06	1.181564e-09
4.802308206029917e-06	9.657924e-10
4.803015584052954e-06	1.103400e-09
4.804127465330939e-06	9.575774e-10
4.805670504937508e-06	1.039943e-09
4.807830595444320e-06	9.942155e-10
4.810300220680219e-06	1.017443e-09
4.813248991410057e-06	9.952157e-10
4.816747309147764e-06	1.013212e-09
4.820872642517756e-06	9.981732e-10
4.825755455017756e-06	1.005168e-09
4.830638267517756e-06	1.005098e-09
4.845286705017755e-06	1.003769e-09
4.850000000000001e-06	4.865750e-08
4.850001192092897e-06	3.888685e-08
4.850003576278688e-06	6.862795e-09
4.850004173503006e-06	3.399246e-09
4.850004891210036e-06	2.744923e-09
4.850006326624093e-06	2.003646e-09
4.850008434213811e-06	1.488916e-09
4.850012649393246e-06	1.125309e-09
4.850019545841597e-06	9.600742e-10
4.850027419906998e-06	9.487324e-10
4.850038923090417e-06	9.862656e-10
4.850056537059666e-06	1.016826e-09
4.850082104895756e-06	1.023287e-09
4.850113291436565e-06	1.017619e-09
4.850161336272560e-06	1.011402e-09
4.850231330279414e-06	1.008090e-09
4.850342016029283e-06	1.006368e-09
4.850491640273450e-06	1.005631e-09
4.850709728214229e-06	1.005228e-09
4.851006395173096e-06	1.004960e-09
4.851419733228057e-06	1.004869e-09
4.851972432245996e-06	1.004969e-09
4.852528934224320e-06	1.005093e-09
4.853136132212300e-06	1.005210e-09
4.853647080651120e-06	1.005248e-09
4.854195499848787e-06	1.005201e-09
4.854715732496301e-06	1.005133e-09
4.855467095985452e-06	1.005091e-09
4.856178636626774e-06	1.005108e-09
4.856868564660363e-06	1.005142e-09
4.857721525096338e-06	1.005159e-09
4.858670730755371e-06	1.005144e-09
4.859606841968396e-06	1.005129e-09
4.861023563621995e-06	1.005135e-09
4.862428043137963e-06	1.005142e-09
4.864380608596301e-06	1.005138e-09
4.866777482595865e-06	1.005137e-09
4.869330678308062e-06	1.005139e-09
4.873880954408594e-06	1.005138e-09
4.878763766908593e-06	1.005138e-09
4.883646579408593e-06	1.005138e-09
4.888529391908593e-06	1.005138e-09
4.893412204408593e-06	1.005138e-09
4.898295016908593e-06	1.005138e-09
4.903177829408592e-06	1.005138e-09
4.908060641908592e-06	1.005138e-09
4.912943454408592e-06	1.005138e-09
4.917826266908592e-06	1.005138e-09
4.922709079408592e-06	1.005138e-09
4.927591891908591e-06	1.005138e-09
4.932474704408591e-06	1.005138e-09
4.937357516908591e-06	1.005138e-09
4.942240329408591e-06	1.005138e-09
4.945117187500001e-06	1.005138e-09
4.950000000000001e-06	1.000377e-09
4.950012548255943e-06	9.957946e-10
4.950037644767828e-06	9.795789e-10
4.950043833275515e-06	9.794283e-10
4.950051478516067e-06	9.858100e-10
4.950062460859090e-06	9.968922e-10
4.950080466460865e-06	1.007116e-09
4.950116477664416e-06	1.012207e-09
4.950156236358305e-06	1.011342e-09
4.950204899367408e-06	1.009190e-09
4.950267589709585e-06	1.007575e-09
4.950362244814957e-06	1.006360e-09
4.950487477580490e-06	1.005681e-09
4.950677079552157e-06	1.005307e-09
4.950935570885983e-06	1.005115e-09
4.951311658792723e-06	1.005012e-09
4.951725785856538e-06	1.005004e-09
4.952248949127288e-06	1.005051e-09
4.952910913967820e-06	1.005100e-09
4.953635596437960e-06	1.005133e-09
4.954712471705245e-06	1.005157e-09
4.955869997808182e-06	1.005150e-09
4.956953100571641e-06	1.005134e-09
4.958340294404877e-06	1.005134e-09
4.960024117594587e-06	1.005140e-09
4.961565909137316e-06	1.005139e-09
4.964649492222774e-06	1.005138e-09
4.967920562560399e-06	1.005138e-09
4.972803375060399e-06	1.005138e-09
4.977686187560398e-06	1.005138e-09
4.982569000060398e-06	1.005138e-09
4.987451812560398e-06	1.005138e-09
4.995117187500001e-06	1.005138e-09
5.000000000000000e-06	1.005138e-09
