time	V(comp_out)
0.000000000000000e+00	1.005148e-09
1.999999967550318e-17	1.005150e-09
2.775835288310621e-17	1.005151e-09
4.327505929831226e-17	1.005152e-09
7.430847212872436e-17	1.005155e-09
1.000000000000000e-16	1.005158e-09
1.019172105930702e-16	1.005158e-09
1.436971562103676e-13	1.018236e-09
2.872923952101422e-13	1.029897e-09
4.308876342099168e-13	1.040139e-09
5.744828732096914e-13	1.048964e-09
7.180781122094660e-13	1.056372e-09
8.616733512092405e-13	1.062361e-09
1.005268590209015e-12	1.066933e-09
2.010439097628623e-12	1.092936e-09
2.261731724483524e-12	1.095730e-09
2.764316978193328e-12	1.095875e-09
3.769487485612937e-12	1.091178e-09
5.779828500452152e-12	1.075770e-09
9.800510530130584e-12	1.048439e-09
1.784187458948745e-11	1.018707e-09
3.391029815105682e-11	9.989980e-10
5.193149833351215e-11	9.956203e-10
8.055638729155376e-11	9.979164e-10
1.125959606464011e-10	1.000347e-09
1.592062099880792e-10	1.002657e-09
2.121658756680857e-10	1.003994e-09
2.974150469715899e-10	1.004792e-09
4.129681431145915e-10	1.005083e-09
6.264551685309356e-10	1.005146e-09
8.549013656922475e-10	1.005148e-09
1.118073194208397e-09	1.005148e-09
1.440844413778573e-09	1.005148e-09
1.997200424539038e-09	1.005148e-09
2.786731436716449e-09	1.005132e-09
2.888689062983635e-09	1.005136e-09
3.092604315518007e-09	1.005148e-09
3.143583128651600e-09	1.005148e-09
3.245540754918786e-09	1.005148e-09
3.271030161485583e-09	1.005148e-09
3.277402513127282e-09	1.005148e-09
3.290147216410680e-09	1.005148e-09
3.315636622977477e-09	1.005148e-09
3.366615436111070e-09	1.005148e-09
3.468573062378256e-09	1.005148e-09
3.672488314912628e-09	1.005148e-09
4.043486958504109e-09	1.005148e-09
4.785484245687070e-09	1.005148e-09
5.560599017878601e-09	1.005148e-09
6.407976301075812e-09	1.005148e-09
7.153030466049301e-09	1.005148e-09
8.242088227465087e-09	1.005148e-09
9.355681309745081e-09	1.005148e-09
1.085157976494665e-08	1.005148e-09
1.093315128742002e-08	1.005148e-09
1.109629433236675e-08	1.005148e-09
1.113708009360343e-08	1.005148e-09
1.121865161607680e-08	1.005148e-09
1.123904449669514e-08	1.005148e-09
1.131551779901392e-08	1.005148e-09
1.132571423932309e-08	1.005148e-09
1.136140178040519e-08	1.005148e-09
1.138179466102353e-08	1.005148e-09
1.142258042226022e-08	1.005148e-09
1.150415194473358e-08	1.005148e-09
1.166729498968032e-08	1.005148e-09
1.199358107957378e-08	1.005148e-09
1.253245369258969e-08	1.005148e-09
1.320025116423476e-08	1.005148e-09
1.448229064397239e-08	1.005148e-09
1.675186591010087e-08	1.005148e-09
1.916354132410615e-08	1.005148e-09
2.204288301225475e-08	1.005148e-09
2.540098981724336e-08	1.005148e-09
2.888537561469038e-08	1.005148e-09
3.272803211012644e-08	1.005148e-09
3.761084461012644e-08	1.005148e-09
4.249365711012644e-08	1.005148e-09
4.737646961012644e-08	1.005148e-09
5.225928211012643e-08	1.005148e-09
5.714209461012643e-08	1.005148e-09
6.202490711012644e-08	1.005148e-09
6.690771961012644e-08	1.005148e-09
7.179053211012644e-08	1.005148e-09
7.667334461012644e-08	1.005148e-09
8.155615711012644e-08	1.005148e-09
9.132178211012644e-08	1.005148e-09
9.511718760000000e-08	1.005148e-09
1.000000001000000e-07	1.005148e-09
1.000000001100000e-07	1.005148e-09
1.000000001300000e-07	1.005148e-09
1.000000001700000e-07	1.005148e-09
1.000000002000000e-07	1.005147e-09
1.000000002053971e-07	1.005148e-09
1.000000002063971e-07	1.005148e-09
1.010000002073971e-07	1.108024e-09
1.020000002073971e-07	1.119493e-09
1.080000002073971e-07	1.005146e-09
2.000000000000000e-07	1.005227e-09
2.000000000100000e-07	2.333552e-06
2.000000000125000e-07	7.061697e-06
2.000000003625000e-07	1.036338e-03
2.000000005375001e-07	1.242680e-03
2.000000260875036e-07	1.179073e-03
2.000000516375072e-07	1.118431e-03
2.000000771875108e-07	1.060755e-03
2.000001027375144e-07	1.006043e-03
2.000001282875179e-07	9.542973e-04
2.000001538375215e-07	9.055164e-04
2.000001793875251e-07	8.597008e-04
2.000003585875501e-07	5.917847e-04
2.000007169876002e-07	2.610824e-04
2.000014337877004e-07	-1.667194e-05
2.000028673879007e-07	-1.198425e-04
2.000057330212319e-07	-7.179341e-05
2.000101571449358e-07	-1.880164e-05
2.000190053923436e-07	9.252892e-07
2.000367018871593e-07	2.340753e-06
2.000720948767906e-07	3.775511e-07
2.001345436258077e-07	7.066004e-08
2.002211078899612e-07	1.631793e-08
2.003942364182682e-07	7.515347e-09
2.006638012419740e-07	-1.160736e-07
2.010667182575153e-07	-3.155105e-07
2.016675916293554e-07	-6.937627e-07
2.027052585053076e-07	-1.835472e-06
2.039442866434711e-07	-7.169202e-06
2.045224888785853e-07	-1.626136e-05
2.050529202524433e-07	-3.027768e-05
2.056416043340628e-07	-4.482105e-05
2.061127717624116e-07	4.106171e-04
2.066171373414890e-07	3.329756e-03
2.067356277822014e-07	1.027375e-02
2.069726086636261e-07	4.457105e-02
2.070255834001874e-07	6.451554e-02
2.071315328733099e-07	1.354650e-01
2.071491966997171e-07	1.571863e-01
2.071845243525315e-07	2.240130e-01
2.071933562657352e-07	2.472263e-01
2.072110200921424e-07	3.088988e-01
2.072463477449568e-07	4.493901e-01
2.072530310338381e-07	4.777942e-01
2.072663976116009e-07	5.397356e-01
2.072931307671263e-07	6.773092e-01
2.072969495156515e-07	7.015402e-01
2.073045870127018e-07	7.660895e-01
2.073161777178486e-07	8.976918e-01
2.073236872075410e-07	1.011552e+00
2.073251413825001e-07	1.040344e+00
2.073280497324184e-07	1.112017e+00
2.073328617365388e-07	1.259340e+00
2.073382644233857e-07	1.459986e+00
2.073432436675680e-07	1.652531e+00
2.073456922407549e-07	1.721759e+00
2.073494097667177e-07	1.771793e+00
2.073528584268062e-07	1.788886e+00
2.073560947093985e-07	1.793982e+00
2.073603331870655e-07	1.797118e+00
2.073659691968340e-07	1.798799e+00
2.073743464784645e-07	1.799378e+00
2.073823413565123e-07	1.799579e+00
2.073960408031302e-07	1.799903e+00
2.074136536084658e-07	1.800119e+00
2.074402228434245e-07	1.800179e+00
2.074796119607899e-07	1.800178e+00
2.075583901955207e-07	1.800167e+00
2.077159466649823e-07	1.800142e+00
2.080310596039055e-07	1.800096e+00
2.081098378386363e-07	1.800090e+00
2.082673943080979e-07	1.800084e+00
2.083067834254633e-07	1.800081e+00
2.083183891475441e-07	1.800080e+00
2.083299948696250e-07	1.800079e+00
2.083416005917059e-07	1.800079e+00
2.083532063137868e-07	1.800078e+00
2.083648120358676e-07	1.800077e+00
2.083764177579485e-07	1.800076e+00
2.083880234800294e-07	1.800076e+00
2.085061908321256e-07	1.800069e+00
2.086637473015872e-07	1.800061e+00
2.089788602405103e-07	1.800049e+00
2.093931060569334e-07	1.800037e+00
2.099148245566034e-07	1.800026e+00
2.107521490076120e-07	1.800016e+00
2.121455141688877e-07	1.800008e+00
2.135523274908467e-07	1.800004e+00
2.155139052840458e-07	1.800001e+00
2.175184084838741e-07	1.800000e+00
2.197029983478728e-07	1.800000e+00
2.225401178800554e-07	1.800000e+00
2.272813381694309e-07	1.800000e+00
2.321641506694309e-07	1.800000e+00
2.370469631694309e-07	1.800000e+00
2.419297756694309e-07	1.800000e+00
2.449269875074939e-07	1.800000e+00
2.454927309064078e-07	1.800000e+00
2.460584743053218e-07	1.800000e+00
2.466242177042357e-07	1.800000e+00
2.471899611031496e-07	1.800000e+00
2.477557045020635e-07	1.800000e+00
2.483214479009775e-07	1.800000e+00
2.488871912998914e-07	1.800000e+00
2.507737094939062e-07	1.800000e+00
2.527858173557533e-07	1.800000e+00
2.568100330794475e-07	1.800000e+00
2.616928455794475e-07	1.800001e+00
2.665756580794475e-07	1.800000e+00
2.714584705794475e-07	1.800000e+00
2.763412830794475e-07	1.800000e+00
2.812240955794475e-07	1.800000e+00
2.861069080794475e-07	1.800000e+00
2.909897205794475e-07	1.800000e+00
2.951171876000000e-07	1.800000e+00
3.000000001000000e-07	1.799691e+00
3.000121332535863e-07	1.799833e+00
3.000363995607589e-07	1.800271e+00
3.000423661211868e-07	1.800177e+00
3.000495869534502e-07	1.800052e+00
3.000605101797467e-07	1.800073e+00
3.000745613283406e-07	1.800037e+00
3.000937758273641e-07	1.800031e+00
3.001322048254111e-07	1.800010e+00
3.001776208616825e-07	1.800006e+00
3.002684529342253e-07	1.800000e+00
3.004097667494452e-07	1.800001e+00
3.006885808885460e-07	1.800000e+00
3.009724162125636e-07	1.800000e+00
3.013327593851725e-07	1.800000e+00
3.017180046957677e-07	1.800000e+00
3.022364997435116e-07	1.800000e+00
3.029169231783410e-07	1.800000e+00
3.037080704372832e-07	1.800000e+00
3.046555336832547e-07	1.800000e+00
3.056353094607241e-07	1.800000e+00
3.069058756811303e-07	1.800000e+00
3.081999032083636e-07	1.800000e+00
3.094415661047363e-07	1.800000e+00
3.112464822774592e-07	1.800000e+00
3.134052808511696e-07	1.800000e+00
3.158572164302967e-07	1.800000e+00
3.179566858879673e-07	1.800000e+00
3.204710409729321e-07	1.800000e+00
3.216503040045395e-07	1.800000e+00
3.228091014751117e-07	1.800000e+00
3.239901145680235e-07	1.800000e+00
3.253176513202832e-07	1.800000e+00
3.261806123280630e-07	1.800000e+00
3.268799561401306e-07	1.800000e+00
3.275444913261417e-07	1.800000e+00
3.283059535130834e-07	1.800000e+00
3.287726774234859e-07	1.800000e+00
3.293129965669518e-07	1.800000e+00
3.299123485685417e-07	1.800000e+00
3.306840601874377e-07	1.800000e+00
3.315919061112329e-07	1.800000e+00
3.324825875928126e-07	1.800000e+00
3.336840604798362e-07	1.800000e+00
3.350719968542772e-07	1.800000e+00
3.375506856493755e-07	1.800000e+00
3.399937917104235e-07	1.800000e+00
3.437708277992162e-07	1.800000e+00
3.454723730285212e-07	1.800000e+00
3.465969095413901e-07	1.800000e+00
3.477509269742622e-07	1.800000e+00
3.500000000000000e-07	1.799952e+00
3.500000000012500e-07	1.799952e+00
3.500000003962501e-07	1.799952e+00
3.500000003993360e-07	1.799952e+00
3.510000003993361e-07	1.799988e+00
3.520000003993361e-07	1.800000e+00
3.530000003993361e-07	1.800000e+00
3.540000003993361e-07	1.800000e+00
3.556142416794435e-07	1.800000e+00
3.572549856008452e-07	1.800000e+00
3.597006185077290e-07	1.800000e+00
3.624292445497205e-07	1.800000e+00
3.666246807881710e-07	1.800000e+00
3.715074932881710e-07	1.800000e+00
3.763903057881710e-07	1.800000e+00
4.500000000000000e-07	1.800000e+00
4.500000000100001e-07	1.800000e+00
4.500000000125001e-07	1.800000e+00
4.500000000135000e-07	1.800000e+00
4.500000000155000e-07	1.800000e+00
4.500000000195001e-07	1.800000e+00
4.500000000275001e-07	1.800000e+00
4.500000003175000e-07	1.800000e+00
4.500000004625000e-07	1.800000e+00
4.500000216324957e-07	1.800000e+00
4.500000428024913e-07	1.800000e+00
4.500000639724870e-07	1.800000e+00
4.500000851424827e-07	1.800000e+00
4.500001063124783e-07	1.800000e+00
4.500001274824740e-07	1.800000e+00
4.500001486524697e-07	1.800000e+00
4.500002971324393e-07	1.800000e+00
4.500005940923786e-07	1.800000e+00
4.500011880122572e-07	1.800000e+00
4.500023758520143e-07	1.800000e+00
4.500047515315285e-07	1.800000e+00
4.500080869324503e-07	1.800000e+00
4.500114719081918e-07	1.800000e+00
4.500156559688538e-07	1.800000e+00
4.500205597975733e-07	1.800000e+00
4.500270119227690e-07	1.800000e+00
4.500347842684502e-07	1.800000e+00
4.500452065282605e-07	1.800000e+00
4.500588681869257e-07	1.800000e+00
4.500796233538510e-07	1.800000e+00
4.501131581660089e-07	1.800000e+00
4.501802277903247e-07	1.800000e+00
4.503143670389564e-07	1.800000e+00
4.505046301988083e-07	1.800000e+00
4.506949115517093e-07	1.800000e+00
4.509248186673125e-07	1.800000e+00
4.511880265081292e-07	1.800000e+00
4.514987800859861e-07	1.800000e+00
4.518290602228903e-07	1.800000e+00
4.523262553567958e-07	1.800000e+00
4.530215428913321e-07	1.800000e+00
4.540273707923467e-07	1.800000e+00
4.550978145681373e-07	1.800000e+00
4.565950207594658e-07	1.800000e+00
4.576220483440012e-07	1.800000e+00
4.585880724571548e-07	1.800000e+00
4.595855439040826e-07	1.800000e+00
4.603288371236777e-07	1.800000e+00
4.611785161440964e-07	1.800000e+00
4.622805490499570e-07	1.800000e+00
4.628090220773901e-07	1.800000e+00
4.631878147587511e-07	1.800000e+00
4.635756593809507e-07	1.800000e+00
4.640033950452965e-07	1.800000e+00
4.642759443022691e-07	1.800000e+00
4.646516826950867e-07	1.800000e+00
4.650012980403629e-07	1.800000e+00
4.654633391223058e-07	1.800000e+00
4.660200909925548e-07	1.800000e+00
4.666872532314775e-07	1.800000e+00
4.674844973386218e-07	1.800000e+00
4.685377027903081e-07	1.800000e+00
4.699138447047792e-07	1.800000e+00
4.716625281804024e-07	1.800000e+00
4.737755468527558e-07	1.800000e+00
4.761536615755184e-07	1.800000e+00
4.807310658232673e-07	1.800000e+00
4.856138783232673e-07	1.800000e+00
4.904966908232673e-07	1.800000e+00
4.953795033232673e-07	1.800000e+00
5.002623158232673e-07	1.800000e+00
5.051451283232673e-07	1.800000e+00
5.149107533232673e-07	1.800000e+00
5.469363061534654e-07	1.800000e+00
5.500000001000001e-07	1.800000e+00
5.507283029814728e-07	1.800000e+00
5.510645408739150e-07	1.800000e+00
5.512959822619167e-07	1.800000e+00
5.515714016286556e-07	1.800000e+00
5.521222403621334e-07	1.800000e+00
5.532239178290891e-07	1.800000e+00
5.547702800048622e-07	1.800000e+00
5.574413347790574e-07	1.800000e+00
5.600000001000000e-07	1.800000e+00
5.600072475579597e-07	1.800000e+00
5.600217424738792e-07	1.800000e+00
5.600252625169442e-07	1.800000e+00
5.600296404835081e-07	1.800000e+00
5.600383964166359e-07	1.800000e+00
5.600520287986346e-07	1.800000e+00
5.600735084325081e-07	1.800000e+00
5.601123755055306e-07	1.800000e+00
5.601705083450551e-07	1.800000e+00
5.602867740241042e-07	1.800000e+00
5.605193053822023e-07	1.800000e+00
5.609187401779219e-07	1.800000e+00
5.616277634382814e-07	1.800000e+00
5.630443449369159e-07	1.800000e+00
5.643607157047015e-07	1.800000e+00
5.665288100038847e-07	1.800000e+00
5.693479330861826e-07	1.800000e+00
5.735513630344715e-07	1.800000e+00
5.784341755344715e-07	1.800000e+00
5.833169880344715e-07	1.800000e+00
6.951171875000001e-07	1.800000e+00
7.000000000000001e-07	1.790259e+00
7.000011920928955e-07	1.788344e+00
7.000035762786866e-07	1.792713e+00
7.000041690357416e-07	1.798581e+00
7.000048898387698e-07	1.804137e+00
7.000061754769328e-07	1.805518e+00
7.000073784755083e-07	1.804745e+00
7.000097844726590e-07	1.802888e+00
7.000140019156405e-07	1.801029e+00
7.000208410370842e-07	1.799788e+00
7.000284057733213e-07	1.799449e+00
7.000401289780205e-07	1.799522e+00
7.000559506145225e-07	1.799767e+00
7.000725260143448e-07	1.799993e+00
7.000891853240214e-07	1.800137e+00
7.001084490966178e-07	1.800246e+00
7.001108982432538e-07	1.800252e+00
7.001157965365258e-07	1.800253e+00
7.001170211098438e-07	1.800252e+00
7.001194702564798e-07	1.800250e+00
7.001200825431388e-07	1.800250e+00
7.001213071164567e-07	1.800250e+00
7.001237562630927e-07	1.800250e+00
7.001286545563647e-07	1.800251e+00
7.001384511429087e-07	1.800236e+00
7.001580443159965e-07	1.799534e+00
7.001972306621721e-07	1.794313e+00
7.002174299001251e-07	1.784102e+00
7.002436426510637e-07	1.750994e+00
7.002586191269650e-07	1.707522e+00
7.002728635548086e-07	1.620103e+00
7.002926046030328e-07	1.410681e+00
7.003067910241579e-07	1.162159e+00
7.003174615230749e-07	8.630024e-01
7.003258467771020e-07	5.465500e-01
7.003335665751739e-07	2.506099e-01
7.003394372374143e-07	9.689319e-02
7.003462709166294e-07	2.129911e-02
7.003526124139697e-07	3.552874e-03
7.003598344155016e-07	1.175841e-03
7.003682030755557e-07	7.713615e-04
7.003849403956639e-07	5.585817e-04
7.004169145681995e-07	3.789421e-04
7.004639986389106e-07	2.750370e-04
7.005302138686731e-07	1.998591e-04
7.006029431493867e-07	1.576614e-04
7.006959246065322e-07	1.015676e-04
7.007582150861302e-07	5.223389e-05
7.008463489453196e-07	-3.880696e-06
7.009131749283667e-07	-1.210485e-05
7.009922382660891e-07	-8.639333e-06
7.010741527291972e-07	-7.920436e-06
7.012379623891824e-07	-6.209902e-06
7.014994249831366e-07	-4.259246e-06
7.018681335186162e-07	-2.600520e-06
7.022629677124305e-07	-1.560055e-06
7.027484006657873e-07	-8.925490e-07
7.033668698149614e-07	-4.222070e-07
7.041720822498036e-07	-1.860268e-07
7.051757349982140e-07	-2.534315e-05
7.053520554465724e-07	-1.986426e-05
7.057046963432891e-07	1.813194e-08
7.057928565674682e-07	1.390229e-08
7.059691770158266e-07	-1.285025e-08
7.062777378004537e-07	-8.913158e-09
7.066303786971704e-07	-5.111099e-09
7.073356604906038e-07	-1.469799e-10
7.085842241527705e-07	4.363829e-09
7.101081454655669e-07	6.563215e-09
7.131160227501458e-07	8.001843e-09
7.179988352501458e-07	8.854216e-09
7.228816477501458e-07	8.390236e-09
7.277644602501459e-07	6.593833e-09
7.326472727501459e-07	4.490159e-09
7.375300852501459e-07	3.049935e-09
7.424128977501459e-07	2.255648e-09
7.472957102501459e-07	1.799737e-09
7.521785227501459e-07	1.520737e-09
7.570613352501459e-07	1.341382e-09
7.619441477501459e-07	1.225473e-09
7.668269602501460e-07	1.149438e-09
7.717097727501460e-07	1.099876e-09
7.765925852501460e-07	1.067255e-09
7.814753977501460e-07	1.045946e-09
7.863582102501460e-07	1.031905e-09
7.951171876000000e-07	1.017582e-09
8.000000001000000e-07	-2.935115e-05
8.000095368431641e-07	-8.589127e-06
8.000286103294922e-07	2.840127e-05
8.000333970987005e-07	1.306605e-06
8.000391316442736e-07	-1.993335e-05
8.000506007354199e-07	-7.011975e-07
8.000735389177122e-07	-8.944753e-07
8.001194152822971e-07	3.616036e-08
8.001742365001328e-07	-8.276059e-08
8.002431727757757e-07	4.950560e-08
8.003251864531412e-07	-7.838822e-08
8.004563720278567e-07	5.766518e-08
8.006990348915917e-07	-8.462636e-09
8.009814128853281e-07	4.794273e-09
8.012824883475311e-07	-1.564952e-08
8.017337144326623e-07	5.211084e-09
8.022490044653554e-07	-3.334650e-09
8.028557020128558e-07	5.558722e-09
8.036033736111194e-07	-5.018919e-09
8.046938662421497e-07	5.216433e-09
8.063009633295113e-07	-3.105569e-10
8.081910908711747e-07	2.118690e-09
8.104061259849585e-07	-4.688229e-10
8.132956263913066e-07	2.307299e-09
8.172282285458691e-07	3.223270e-10
8.221110410458691e-07	1.018520e-09
8.269938535458691e-07	1.015337e-09
8.451171875000001e-07	-1.390502e-10
8.500000000000001e-07	-2.898201e-06
8.500095367431641e-07	-1.961738e-06
8.500286102294923e-07	1.241587e-07
8.500333862587308e-07	7.547647e-08
8.500390664743870e-07	-2.385959e-08
8.500496118751062e-07	4.205588e-09
8.500626839621699e-07	-1.640563e-09
8.500888281362973e-07	1.701132e-09
8.501296443390949e-07	6.629318e-10
8.501913615122313e-07	1.185152e-09
8.502797003366017e-07	8.523705e-10
8.504310018683905e-07	1.069301e-09
8.506505291022717e-07	9.622065e-10
8.509712746405652e-07	1.031352e-09
8.514221309296492e-07	9.939775e-10
8.519664736706821e-07	1.010371e-09
8.525703244450958e-07	1.009871e-09
8.531153484881131e-07	1.013177e-09
8.537601157185847e-07	1.003500e-09
8.544286810534810e-07	1.010550e-09
8.551978502492988e-07	1.003761e-09
8.559953774351629e-07	1.012903e-09
8.570318144839375e-07	1.003927e-09
8.581173969309685e-07	1.009566e-09
8.594418007277804e-07	9.997397e-10
8.612586855754265e-07	1.004792e-09
8.630302941980991e-07	9.999085e-10
8.657755811735157e-07	1.005089e-09
8.685041430893228e-07	1.002445e-09
8.723063598741153e-07	1.006650e-09
8.771891723741153e-07	1.005135e-09
8.820719848741154e-07	1.005141e-09
8.869547973741154e-07	1.005135e-09
8.918376098741154e-07	1.005141e-09
8.967204223741154e-07	1.005135e-09
9.016032348741154e-07	1.005141e-09
9.064860473741154e-07	1.005135e-09
9.113688598741154e-07	1.005141e-09
9.162516723741154e-07	1.005135e-09
9.211344848741155e-07	1.005141e-09
9.246222080884012e-07	1.005064e-09
9.281099313026869e-07	1.005036e-09
9.315976545169727e-07	1.005058e-09
9.350853777312583e-07	1.005129e-09
9.385731009455441e-07	1.005250e-09
9.420608241598299e-07	1.005420e-09
9.455485473741155e-07	1.005640e-09
9.500000000000001e-07	-4.130907e-09
9.500132470605666e-07	-2.458301e-09
9.500397411816993e-07	1.150434e-09
9.500461414467183e-07	1.083299e-09
9.500542845246222e-07	9.644593e-10
9.500676098282420e-07	1.011134e-09
9.500838004060408e-07	9.987982e-10
9.501161815616385e-07	1.010015e-09
9.501809438728338e-07	1.007089e-09
9.502426333545094e-07	1.007477e-09
9.503528783604140e-07	1.005348e-09
9.505193133321306e-07	1.005537e-09
9.507491621607681e-07	1.005107e-09
9.509967958829531e-07	1.005238e-09
9.513457414549694e-07	1.004942e-09
9.519316567733019e-07	1.005125e-09
9.526715081171877e-07	1.005102e-09
9.534724195610710e-07	1.005175e-09
9.545202088921461e-07	1.005137e-09
9.557306066128331e-07	1.005145e-09
9.569983112096388e-07	1.005121e-09
9.584882516827105e-07	1.005145e-09
9.601386576834860e-07	1.005125e-09
9.622155761629988e-07	1.005164e-09
9.663639404687680e-07	1.005136e-09
9.707878700869612e-07	1.005140e-09
9.756706825869612e-07	1.005138e-09
9.805534950869612e-07	1.005138e-09
9.854363075869612e-07	1.005138e-09
9.903191200869612e-07	1.005138e-09
9.952019325869613e-07	1.005138e-09
1.000084745086961e-06	1.005138e-09
1.047291447626078e-06	1.005128e-09
1.050000000100000e-06	1.005155e-09
1.054882812600000e-06	1.005568e-09
1.055117187600000e-06	1.005366e-09
1.055585937600000e-06	1.005026e-09
1.056523437599999e-06	1.005183e-09
1.058125000100001e-06	1.005129e-09
1.060000000100000e-06	8.671175e-10
1.060005213675277e-06	8.720808e-10
1.060015640825830e-06	1.042617e-09
1.060018181275636e-06	1.124701e-09
1.060021313631464e-06	1.168131e-09
1.060027578343120e-06	1.118416e-09
1.060034977998432e-06	1.066204e-09
1.060049777309057e-06	1.023615e-09
1.060079375930305e-06	1.003819e-09
1.060113462989703e-06	1.003528e-09
1.060181637108499e-06	1.004871e-09
1.060317985346091e-06	1.005048e-09
1.060590681821274e-06	1.005121e-09
1.060984996047583e-06	1.005141e-09
1.061721154817607e-06	1.005134e-09
1.062922775013706e-06	1.005135e-09
1.064232355659566e-06	1.005136e-09
1.066051465943072e-06	1.005138e-09
1.068240066141117e-06	1.005137e-09
1.071712704421733e-06	1.005138e-09
1.076422841451128e-06	1.005138e-09
1.091071278951128e-06	1.005138e-09
1.188727528951128e-06	1.005138e-09
1.193610341451128e-06	1.005139e-09
1.196986307902256e-06	1.005138e-09
1.200000000000000e-06	2.396884e-05
1.200008897279558e-06	1.642904e-05
1.200026691838674e-06	1.314883e-05
1.200030993131656e-06	2.128724e-05
1.200036443835015e-06	1.988288e-05
1.200047345241732e-06	4.665155e-06
1.200067113784866e-06	4.737155e-06
1.200106650871135e-06	1.342282e-06
1.200164449367790e-06	1.984005e-07
1.200237666753508e-06	-6.633952e-07
1.200333488612630e-06	-7.151342e-07
1.200466607124291e-06	-7.941831e-07
1.200674410045122e-06	-5.268022e-07
1.201088902176716e-06	-3.770468e-07
1.201787543361304e-06	-1.384313e-07
1.202885752266580e-06	-2.630459e-08
1.204103407691067e-06	1.100392e-08
1.205888400173327e-06	-4.173073e-09
1.208428098680527e-06	-3.982210e-09
1.213310911180527e-06	-9.120868e-09
1.218193723680527e-06	-6.836217e-09
1.223076536180527e-06	-4.793492e-09
1.227959348680527e-06	-3.278274e-09
1.232842161180527e-06	-2.135494e-09
1.237724973680527e-06	-1.317403e-09
1.242607786180527e-06	-7.257768e-10
1.247490598680527e-06	-3.101377e-10
1.252373411180527e-06	-1.728040e-11
1.257256223680527e-06	1.882654e-10
1.262139036180527e-06	3.296918e-10
1.267021848680527e-06	4.301910e-10
1.271904661180527e-06	4.961294e-10
1.276787473680527e-06	5.456968e-10
1.281670286180527e-06	5.761649e-10
1.286553098680527e-06	6.016307e-10
1.291435911180527e-06	2.084276e-09
1.295117187600000e-06	2.095613e-09
1.300000000100000e-06	-2.081223e-05
1.300009536843164e-06	-2.907967e-06
1.300028610329492e-06	2.806957e-05
1.300033397307250e-06	1.185587e-06
1.300039126475191e-06	-1.977743e-05
1.300050584811072e-06	-7.682076e-07
1.300071535939230e-06	-9.534112e-07
1.300113438195547e-06	-1.829426e-08
1.300157270440911e-06	-1.219812e-07
1.300215677656322e-06	2.820186e-08
1.300277594625595e-06	-9.059946e-08
1.300373161220934e-06	3.781676e-08
1.300497226735880e-06	-5.445547e-08
1.300745357765772e-06	9.200607e-09
1.301035996617675e-06	-4.292668e-09
1.301363355408581e-06	1.361732e-08
1.301845417580431e-06	-4.327380e-09
1.302449462391737e-06	5.636847e-09
1.303226177471636e-06	-3.676063e-09
1.304326582273705e-06	4.616025e-09
1.305951091855200e-06	-8.383417e-10
1.308105352754419e-06	2.178491e-09
1.310816904010555e-06	7.359001e-10
1.313705676795546e-06	2.036211e-09
1.317523277887704e-06	3.221521e-10
1.322406090387704e-06	1.015565e-09
1.327288902887704e-06	1.012722e-09
1.341937340387704e-06	-3.013216e-10
1.345117187500000e-06	-3.040118e-10
1.350000000000000e-06	-2.495710e-06
1.350009536743164e-06	-1.689377e-06
1.350028610229492e-06	1.070908e-07
1.350033383373470e-06	6.488249e-08
1.350039025399582e-06	-1.956153e-08
1.350048807950906e-06	4.137109e-09
1.350061295999408e-06	-1.077094e-09
1.350084154377602e-06	1.647004e-09
1.350119547629760e-06	7.104833e-10
1.350172548661739e-06	1.171056e-09
1.350248982729702e-06	9.020829e-10
1.350361892670791e-06	1.077425e-09
1.350535699821325e-06	9.676893e-10
1.350783293462062e-06	1.028114e-09
1.351120629816468e-06	9.866932e-10
1.351599636936224e-06	1.008818e-09
1.352124567784671e-06	1.001053e-09
1.352707741288745e-06	1.004032e-09
1.353269781921038e-06	1.005675e-09
1.353821989026895e-06	1.008231e-09
1.354422978344948e-06	1.001683e-09
1.355094296994806e-06	1.006443e-09
1.355796070718355e-06	1.002213e-09
1.356579038007828e-06	1.007879e-09
1.357460269744415e-06	1.002070e-09
1.358488627822708e-06	1.004159e-09
1.359461055978686e-06	1.000966e-09
1.360703264406565e-06	1.006788e-09
1.362099007694742e-06	1.002016e-09
1.363927632221904e-06	1.005249e-09
1.365774045198297e-06	1.001357e-09
1.368763169687618e-06	1.004814e-09
1.371597961124937e-06	1.002683e-09
1.376194206940940e-06	1.005371e-09
1.381077019440940e-06	1.005136e-09
1.385959831940940e-06	1.005140e-09
1.390842644440940e-06	1.005136e-09
1.395725456940940e-06	1.005140e-09
1.400608269440940e-06	1.005136e-09
1.405491081940940e-06	1.005140e-09
1.410373894440940e-06	1.005136e-09
1.415256706940940e-06	1.005140e-09
1.420139519440940e-06	1.005136e-09
1.425022331940940e-06	1.005140e-09
1.429905144440940e-06	1.005136e-09
1.434787956940940e-06	1.005140e-09
1.439670769440940e-06	1.005136e-09
1.444553581940940e-06	9.772921e-10
1.445117187500000e-06	9.893598e-10
1.446244398618119e-06	1.009053e-09
1.447745577763762e-06	1.001224e-09
1.450000000000000e-06	-2.754545e-09
1.450006824179380e-06	-1.571775e-09
1.450020472538141e-06	1.211096e-09
1.450023763036500e-06	1.150787e-09
1.450027961024338e-06	9.629623e-10
1.450036357000014e-06	9.851417e-10
1.450053148951366e-06	9.937831e-10
1.450078373332198e-06	1.006521e-09
1.450104439276319e-06	1.010838e-09
1.450139126985382e-06	1.010905e-09
1.450182685433676e-06	1.009243e-09
1.450248115901619e-06	1.007635e-09
1.450332394506926e-06	1.006424e-09
1.450460685721321e-06	1.005726e-09
1.450650338143655e-06	1.005303e-09
1.450902549490600e-06	1.005136e-09
1.451247406343392e-06	1.005032e-09
1.451594651802279e-06	1.005019e-09
1.452101082124995e-06	1.005043e-09
1.452779374631726e-06	1.005096e-09
1.453488567502389e-06	1.005129e-09
1.454486522279444e-06	1.005157e-09
1.455633987714856e-06	1.005151e-09
1.456735618717757e-06	1.005137e-09
1.458027005441282e-06	1.005133e-09
1.459508163581764e-06	1.005139e-09
1.460886479062748e-06	1.005138e-09
1.463501729760969e-06	1.005138e-09
1.466275678042175e-06	1.005137e-09
1.471158490542175e-06	1.005138e-09
1.476041303042175e-06	1.005138e-09
1.480924115542175e-06	1.005138e-09
1.485806928042175e-06	1.005138e-09
1.495572553042175e-06	1.005138e-09
1.500455365542175e-06	1.005138e-09
1.505338178042175e-06	1.005138e-09
1.511225610709815e-06	1.005137e-09
1.517113043377454e-06	1.005137e-09
1.523000476045093e-06	1.005137e-09
1.528887908712732e-06	1.005138e-09
1.534775341380371e-06	1.005139e-09
1.540662774048010e-06	1.005141e-09
1.546550206715650e-06	1.005143e-09
1.548301472174805e-06	1.005137e-09
1.550000000100000e-06	1.005140e-09
1.553397055950390e-06	1.005140e-09
1.555117187600000e-06	1.005137e-09
1.556559736800780e-06	1.005146e-09
1.557114901698441e-06	1.005145e-09
1.558225231493765e-06	1.005136e-09
1.560000000100000e-06	8.845504e-10
1.560004791196871e-06	8.757718e-10
1.560014373390613e-06	1.003474e-09
1.560016717640287e-06	1.090884e-09
1.560019567306234e-06	1.153692e-09
1.560025266638126e-06	1.127804e-09
1.560030565747715e-06	1.089059e-09
1.560041163966894e-06	1.043624e-09
1.560060995025334e-06	1.010446e-09
1.560085517789417e-06	1.003283e-09
1.560134563317582e-06	1.004508e-09
1.560232654373913e-06	1.005147e-09
1.560428836486574e-06	1.005142e-09
1.560743924966709e-06	1.005150e-09
1.561238855919440e-06	1.005137e-09
1.562096815799346e-06	1.005135e-09
1.563319201907907e-06	1.005134e-09
1.564620841351318e-06	1.005136e-09
1.566621366525305e-06	1.005137e-09
1.569551634512185e-06	1.005138e-09
1.573197045006112e-06	1.005138e-09
1.578079857506112e-06	1.005138e-09
1.582962670006112e-06	1.005138e-09
1.587845482506112e-06	1.005138e-09
1.695267357506112e-06	1.005138e-09
1.700000000000000e-06	2.580791e-05
1.700009536743164e-06	4.368556e-05
1.700009674748238e-06	3.719914e-05
1.700009950758384e-06	1.554129e-05
1.700010502778677e-06	-5.769505e-06
1.700011606819262e-06	-1.348027e-05
1.700013814900434e-06	-2.809587e-06
1.700018231062776e-06	1.158565e-05
1.700027063387461e-06	1.277824e-05
1.700043983140116e-06	4.731383e-06
1.700062563679621e-06	1.281897e-06
1.700094460750087e-06	2.338513e-07
1.700138602332865e-06	-1.351511e-07
1.700212477505075e-06	-3.590753e-07
1.700322308486592e-06	-5.375858e-07
1.700541970449624e-06	-5.057865e-07
1.700776211058188e-06	-3.814689e-07
1.701234660745716e-06	-1.904483e-07
1.701893107806715e-06	-5.799678e-08
1.703210001928714e-06	2.110941e-08
1.704847825920509e-06	2.065866e-08
1.707301791268664e-06	-2.944526e-09
1.710883137605572e-06	-1.380202e-08
1.715765950105572e-06	-1.493951e-08
1.720648762605572e-06	-1.284464e-08
1.725531575105572e-06	-9.509677e-09
1.730414387605572e-06	-6.604886e-09
1.735297200105572e-06	-4.324320e-09
1.740180012605572e-06	-2.684164e-09
1.745062825105572e-06	-1.516593e-09
1.749945637605572e-06	-7.105250e-10
1.754828450105572e-06	-1.548024e-10
1.759711262605572e-06	2.234728e-10
1.764594075105572e-06	4.796199e-10
1.769476887605572e-06	6.530776e-10
1.774359700105572e-06	7.689813e-10
1.779242512605572e-06	8.475673e-10
1.784125325105572e-06	8.992629e-10
1.789008137605572e-06	9.343033e-10
1.795117187600000e-06	6.779264e-10
1.797569662588857e-06	9.673828e-10
1.800000000100000e-06	-4.691581e-05
1.800006969330330e-06	-1.750717e-05
1.800020907790990e-06	6.324540e-05
1.800024290245174e-06	2.851773e-05
1.800028531494929e-06	-1.565160e-05
1.800037013994438e-06	-2.920541e-06
1.800050059610561e-06	-1.207661e-06
1.800076150842805e-06	-2.235016e-07
1.800109663218405e-06	-8.916886e-08
1.800149410453035e-06	-2.881996e-09
1.800188569752375e-06	-1.866311e-08
1.800239043698380e-06	9.877716e-09
1.800298065559713e-06	-1.038868e-08
1.800380263059963e-06	6.884384e-09
1.800485360394859e-06	-6.846775e-09
1.800667680659728e-06	1.654252e-09
1.800859810982218e-06	-1.633336e-09
1.801125797202472e-06	6.986765e-10
1.801377082169803e-06	-1.517329e-09
1.801775228697379e-06	2.002243e-09
1.802294867797702e-06	-4.728533e-10
1.803265204854727e-06	1.316015e-09
1.804452100702887e-06	3.192232e-10
1.806825892399205e-06	1.038788e-09
1.809319385098015e-06	9.320323e-10
1.812127681765035e-06	1.013748e-09
1.814975039235080e-06	8.903436e-10
1.818545740553308e-06	1.033397e-09
1.822351186381376e-06	9.120219e-10
1.827233998881376e-06	1.005503e-09
1.832116811381376e-06	1.004437e-09
1.845117187500000e-06	1.171083e-09
1.850000000000000e-06	4.512336e-07
1.850001192092896e-06	3.566186e-07
1.850003576278687e-06	4.727400e-08
1.850004172849116e-06	1.448250e-08
1.850004890799861e-06	9.392962e-09
1.850006326701351e-06	4.398342e-09
1.850008205214120e-06	1.953481e-09
1.850011962239657e-06	9.530016e-10
1.850018215415042e-06	7.492039e-10
1.850025125739788e-06	8.000177e-10
1.850035131774822e-06	9.280115e-10
1.850049530674055e-06	1.046933e-09
1.850070840605169e-06	1.078383e-09
1.850094774992579e-06	1.054540e-09
1.850131765912724e-06	1.026805e-09
1.850182595252675e-06	1.014652e-09
1.850266380837679e-06	1.009029e-09
1.850376653741939e-06	1.006910e-09
1.850536656907978e-06	1.005957e-09
1.850728156116294e-06	1.005458e-09
1.850973079656017e-06	1.004952e-09
1.851253173467599e-06	1.004647e-09
1.851621149893830e-06	1.004652e-09
1.852187051094205e-06	1.004899e-09
1.852701692936974e-06	1.005039e-09
1.853311935842521e-06	1.005187e-09
1.853868163906093e-06	1.005272e-09
1.854543620786489e-06	1.005254e-09
1.855036917176085e-06	1.005172e-09
1.855563022860995e-06	1.005077e-09
1.856116291140513e-06	1.005052e-09
1.856838165316702e-06	1.005097e-09
1.857545895513552e-06	1.005154e-09
1.858329569151097e-06	1.005180e-09
1.859155329887741e-06	1.005152e-09
1.860030201946728e-06	1.005120e-09
1.861001343150769e-06	1.005122e-09
1.862133504251310e-06	1.005145e-09
1.863324351818683e-06	1.005146e-09
1.864827701250984e-06	1.005134e-09
1.866340911369184e-06	1.005134e-09
1.868432375146167e-06	1.005141e-09
1.870531723295726e-06	1.005137e-09
1.873712011978141e-06	1.005138e-09
1.876738740912256e-06	1.005139e-09
1.881153868649878e-06	1.005138e-09
1.886036681149878e-06	1.005139e-09
1.890919493649878e-06	1.005138e-09
1.895802306149878e-06	1.005138e-09
1.900685118649878e-06	1.005138e-09
1.905567931149878e-06	1.005138e-09
1.910450743649878e-06	1.005138e-09
1.915333556149878e-06	1.005138e-09
1.920216368649878e-06	1.005138e-09
1.925099181149878e-06	1.005138e-09
1.929981993649878e-06	1.005138e-09
1.934864806149877e-06	1.005138e-09
1.939747618649877e-06	1.005138e-09
1.944630431149877e-06	1.005147e-09
1.945117187500000e-06	1.005143e-09
1.946090700200247e-06	1.005135e-09
1.948037725600740e-06	1.005138e-09
1.950000000000000e-06	1.002930e-09
1.950005977974952e-06	9.974499e-10
1.950017933924856e-06	9.726872e-10
1.950020815869131e-06	9.649658e-10
1.950024493459809e-06	9.560064e-10
1.950031848641165e-06	9.503407e-10
1.950046559003877e-06	9.641911e-10
1.950065119950979e-06	9.928156e-10
1.950088739357789e-06	1.015979e-09
1.950117503378350e-06	1.021451e-09
1.950157352634334e-06	1.017075e-09
1.950208345294473e-06	1.012253e-09
1.950277687260140e-06	1.008983e-09
1.950363296005175e-06	1.007155e-09
1.950473016345459e-06	1.006138e-09
1.950604171866670e-06	1.005615e-09
1.950770001278273e-06	1.005310e-09
1.950988306532407e-06	1.005088e-09
1.951283778363807e-06	1.004936e-09
1.951688255346368e-06	1.004910e-09
1.952255888826541e-06	1.005002e-09
1.952834535653498e-06	1.005081e-09
1.953508948347643e-06	1.005131e-09
1.954280699542353e-06	1.005160e-09
1.955098926626162e-06	1.005157e-09
1.956202755045530e-06	1.005136e-09
1.957209083624942e-06	1.005131e-09
1.958746802155651e-06	1.005140e-09
1.960007996096042e-06	1.005143e-09
1.961320572139514e-06	1.005139e-09
1.962803876387165e-06	1.005137e-09
1.964447791839221e-06	1.005139e-09
1.966034413655959e-06	1.005138e-09
1.968754132657141e-06	1.005138e-09
1.973636945157140e-06	1.005138e-09
1.978519757657140e-06	1.005138e-09
1.983402570157140e-06	1.005138e-09
1.988285382657140e-06	1.005138e-09
2.045117187600000e-06	1.005138e-09
2.050000000100000e-06	1.005138e-09
2.054882812600000e-06	1.005141e-09
2.055117187600001e-06	1.005140e-09
2.055585937600002e-06	1.005138e-09
2.056523437600005e-06	1.005137e-09
2.058125000099995e-06	1.005138e-09
2.060000000100000e-06	8.991779e-10
2.060004798651193e-06	8.876802e-10
2.060014395753578e-06	9.834363e-10
2.060016760645764e-06	1.059684e-09
2.060019561553088e-06	1.121123e-09
2.060023597521405e-06	1.116848e-09
2.060027848019538e-06	1.092631e-09
2.060035296688329e-06	1.058770e-09
2.060045847072517e-06	1.030067e-09
2.060065708670096e-06	1.011057e-09
2.060105431865253e-06	1.005098e-09
2.060168716475525e-06	1.005460e-09
2.060295285696069e-06	1.005454e-09
2.060548424137158e-06	1.005221e-09
2.060916437113953e-06	1.005156e-09
2.061414309784618e-06	1.005132e-09
2.062256854228062e-06	1.005133e-09
2.063374442305635e-06	1.005132e-09
2.064540550020421e-06	1.005136e-09
2.066485308908081e-06	1.005136e-09
2.068963217739551e-06	1.005138e-09
2.073846030239551e-06	1.005138e-09
2.078728842739551e-06	1.005138e-09
2.083611655239551e-06	1.005138e-09
2.088494467739550e-06	1.005138e-09
2.098260092739550e-06	1.005138e-09
2.103142905239550e-06	1.005138e-09
2.108025717739550e-06	1.005138e-09
2.112908530239549e-06	1.005138e-09
2.123371699882406e-06	1.005138e-09
2.133834869525263e-06	1.005138e-09
2.144298039168120e-06	1.005138e-09
2.154761208810976e-06	1.005138e-09
2.165224378453833e-06	1.005138e-09
2.175687548096690e-06	1.005138e-09
2.186150717739546e-06	1.005138e-09
2.195117187500000e-06	1.005138e-09
2.200000000000000e-06	2.613779e-05
2.200014238829268e-06	2.148006e-05
2.200042716487803e-06	6.099921e-06
2.200049607525073e-06	1.707415e-06
2.200058329185784e-06	-4.048566e-06
2.200074834984298e-06	-5.288054e-06
2.200103989299626e-06	-1.103267e-06
2.200162297930281e-06	-1.375627e-06
2.200278915191590e-06	-6.726450e-07
2.200512149714210e-06	-6.232150e-07
2.200796067986319e-06	-1.051990e-05
2.200849073256386e-06	-8.376058e-06
2.200955083796518e-06	-2.563227e-07
2.201167104876784e-06	-2.841314e-07
2.201220110146851e-06	-1.614038e-07
2.201233361464367e-06	-1.158139e-07
2.201259864099400e-06	-7.851564e-08
2.201266489758159e-06	-7.168152e-08
2.201279741075675e-06	-6.363398e-08
2.201306243710708e-06	-5.257138e-08
2.201359248980775e-06	-3.780018e-08
2.201465259520908e-06	-1.775146e-08
2.201677280601173e-06	8.739499e-09
2.202101322761705e-06	3.581114e-08
2.202885859580002e-06	4.647245e-08
2.203936642300315e-06	3.246765e-08
2.206038207740940e-06	-2.921005e-09
2.208350295422642e-06	-2.104559e-08
2.210884740345158e-06	-1.952187e-08
2.212520264713290e-06	-1.324907e-08
2.214597703575798e-06	-5.952914e-09
2.216956106754670e-06	-1.623067e-09
2.220594629417456e-06	1.340981e-09
2.221158897905348e-06	9.725103e-10
2.222287434881133e-06	-2.026368e-08
2.222455423488754e-06	-1.792736e-07
2.222791400703996e-06	-1.879025e-06
2.223012041656371e-06	-5.606297e-06
2.223226717563375e-06	-1.502293e-05
2.223354868787655e-06	-3.142382e-05
2.223465531951593e-06	-6.620187e-05
2.223583077621107e-06	-1.318311e-04
2.223718440890482e-06	-2.408074e-04
2.223810451707237e-06	1.151672e-03
2.223934788357205e-06	8.798450e-03
2.223950136420610e-06	1.518021e-02
2.223980832547420e-06	4.918082e-02
2.224003215072774e-06	1.094511e-01
2.224025307279839e-06	2.214088e-01
2.224029202721259e-06	2.546294e-01
2.224036993604098e-06	3.471456e-01
2.224048976003600e-06	5.116884e-01
2.224063337464142e-06	7.319385e-01
2.224078424150899e-06	9.972034e-01
2.224086772817921e-06	1.183573e+00
2.224092954677983e-06	1.366825e+00
2.224101137170112e-06	1.644981e+00
2.224104195691087e-06	1.727865e+00
2.224107327937076e-06	1.770728e+00
2.224110758082619e-06	1.787906e+00
2.224114087612934e-06	1.793869e+00
2.224118501198121e-06	1.797202e+00
2.224124291063231e-06	1.798852e+00
2.224132068583970e-06	1.799355e+00
2.224140709597451e-06	1.799594e+00
2.224153394467748e-06	1.799908e+00
2.224172240004194e-06	1.800130e+00
2.224197545741630e-06	1.800184e+00
2.224238789545274e-06	1.800183e+00
2.224321277152562e-06	1.800169e+00
2.224486252367138e-06	1.800142e+00
2.224718312227560e-06	1.800113e+00
2.224962857330408e-06	1.800098e+00
2.224999450365498e-06	1.800093e+00
2.225072636435677e-06	1.800081e+00
2.225219008576036e-06	1.800072e+00
2.225511752856753e-06	1.800057e+00
2.225538299146418e-06	1.800057e+00
2.225591391725748e-06	1.800057e+00
2.225604664870580e-06	1.800057e+00
2.225637847732661e-06	1.800056e+00
2.225654439163702e-06	1.800056e+00
2.225662734879222e-06	1.800055e+00
2.225674348880950e-06	1.800055e+00
2.225677667167158e-06	1.800055e+00
2.225684303739575e-06	1.800055e+00
2.225697576884407e-06	1.800054e+00
2.225724123174072e-06	1.800053e+00
2.225777215753401e-06	1.800050e+00
2.225883400912060e-06	1.800045e+00
2.226095771229377e-06	1.800037e+00
2.226520511864012e-06	1.800027e+00
2.227036821401043e-06	1.800020e+00
2.227943400630865e-06	1.800012e+00
2.229756559090507e-06	1.800004e+00
2.231766623785033e-06	1.800001e+00
2.234521112757950e-06	1.800000e+00
2.237933704736312e-06	1.800000e+00
2.242816517236312e-06	1.800000e+00
2.247699329736312e-06	1.800000e+00
2.252582142236312e-06	1.800000e+00
2.257464954736311e-06	1.800000e+00
2.262347767236311e-06	1.800000e+00
2.267230579736311e-06	1.800000e+00
2.272113392236311e-06	1.800000e+00
2.276996204736311e-06	1.800000e+00
2.281879017236310e-06	1.800000e+00
2.286761829736310e-06	1.800000e+00
2.291644642236310e-06	1.800000e+00
2.295117187600000e-06	1.800000e+00
2.300000000100000e-06	1.799694e+00
2.300012066750933e-06	1.799835e+00
2.300036200052797e-06	1.800266e+00
2.300042155623781e-06	1.800168e+00
2.300049203901270e-06	1.800049e+00
2.300059070252017e-06	1.800070e+00
2.300069444557667e-06	1.800040e+00
2.300086059703450e-06	1.800037e+00
2.300110960296781e-06	1.800017e+00
2.300145729450101e-06	1.800010e+00
2.300210267109617e-06	1.800002e+00
2.300302698336211e-06	1.800001e+00
2.300473259592068e-06	1.800000e+00
2.300685933350229e-06	1.800000e+00
2.300956579415917e-06	1.800000e+00
2.301292258938176e-06	1.800000e+00
2.301814456236400e-06	1.800000e+00
2.302611946264309e-06	1.800000e+00
2.303756515191443e-06	1.800000e+00
2.304873623966402e-06	1.800000e+00
2.306196747802731e-06	1.800000e+00
2.307667061636718e-06	1.800000e+00
2.308719928762005e-06	1.800000e+00
2.309309716039699e-06	1.800000e+00
2.309923095643590e-06	1.800000e+00
2.310552553654893e-06	1.800000e+00
2.311002885380927e-06	1.800000e+00
2.311492824602746e-06	1.800000e+00
2.312133526886272e-06	1.800000e+00
2.312898036135707e-06	1.800000e+00
2.313774564377667e-06	1.800000e+00
2.314855836246803e-06	1.800000e+00
2.316442956308580e-06	1.800000e+00
2.319002342626584e-06	1.800000e+00
2.323885155126584e-06	1.800000e+00
2.328767967626583e-06	1.800000e+00
2.333650780126583e-06	1.800000e+00
2.338533592626583e-06	1.800000e+00
2.343416405126583e-06	1.800000e+00
2.345117187500001e-06	1.800000e+00
2.346598435253165e-06	1.800000e+00
2.347037504493672e-06	1.800000e+00
2.347915642974687e-06	1.800000e+00
2.348243723037970e-06	1.800000e+00
2.348899883164535e-06	1.800000e+00
2.350000000000000e-06	1.799978e+00
2.350002838826920e-06	1.799985e+00
2.350008516480761e-06	1.800002e+00
2.350009911979233e-06	1.800002e+00
2.350011601092734e-06	1.800000e+00
2.350014085686665e-06	1.800000e+00
2.350016733768795e-06	1.800000e+00
2.350022029933056e-06	1.800000e+00
2.350031446528995e-06	1.800000e+00
2.350046117887368e-06	1.800000e+00
2.350066237770001e-06	1.800000e+00
2.350097740040071e-06	1.800000e+00
2.350160744580211e-06	1.800000e+00
2.350270829325080e-06	1.800000e+00
2.350387345042346e-06	1.800000e+00
2.350552805163029e-06	1.800000e+00
2.350745593255228e-06	1.800000e+00
2.350988320445614e-06	1.800000e+00
2.351284764795528e-06	1.800000e+00
2.351492636255930e-06	1.800000e+00
2.351683578583956e-06	1.800000e+00
2.351918839031066e-06	1.800000e+00
2.352209925642835e-06	1.800000e+00
2.352469225108814e-06	1.800000e+00
2.352752017987029e-06	1.800000e+00
2.353076392021877e-06	1.800000e+00
2.353467919356435e-06	1.800000e+00
2.353933289686483e-06	1.800000e+00
2.354395250325200e-06	1.800000e+00
2.354906827941498e-06	1.800000e+00
2.355471383057728e-06	1.800000e+00
2.356082494473026e-06	1.800000e+00
2.356662185667561e-06	1.800000e+00
2.357284733661157e-06	1.800000e+00
2.358144224339765e-06	1.800000e+00
2.358966085615489e-06	1.800000e+00
2.359823341611275e-06	1.800000e+00
2.360984515590577e-06	1.800000e+00
2.362203147025969e-06	1.800000e+00
2.363493339290611e-06	1.800000e+00
2.365260399555395e-06	1.800000e+00
2.366912263726990e-06	1.800000e+00
2.369605910607296e-06	1.800000e+00
2.372734020012318e-06	1.800000e+00
2.375856438398863e-06	1.800000e+00
2.380739250898863e-06	1.800000e+00
2.385622063398863e-06	1.800000e+00
2.390504875898863e-06	1.800000e+00
2.395387688398863e-06	1.800000e+00
2.400270500898862e-06	1.800000e+00
2.405153313398862e-06	1.800000e+00
2.410036125898862e-06	1.800000e+00
2.414918938398862e-06	1.800000e+00
2.419801750898862e-06	1.800000e+00
2.424684563398861e-06	1.800000e+00
2.429567375898861e-06	1.800000e+00
2.434450188398861e-06	1.800000e+00
2.439333000898861e-06	1.800000e+00
2.444215813398861e-06	1.800000e+00
2.445117187500000e-06	1.800000e+00
2.446919935702280e-06	1.800000e+00
2.450000000000000e-06	1.800000e+00
2.450009079147531e-06	1.800000e+00
2.450027237442591e-06	1.800000e+00
2.450031627127796e-06	1.800000e+00
2.450037207682308e-06	1.800000e+00
2.450046127182951e-06	1.800000e+00
2.450063966184239e-06	1.800000e+00
2.450099644186813e-06	1.800000e+00
2.450171000191961e-06	1.800000e+00
2.450313712202258e-06	1.800000e+00
2.450463493554741e-06	1.800000e+00
2.450635987299993e-06	1.800000e+00
2.450847079297994e-06	1.800000e+00
2.451082656048223e-06	1.800000e+00
2.451382931272283e-06	1.800000e+00
2.451760201719736e-06	1.800000e+00
2.452361234949661e-06	1.800000e+00
2.453063784486174e-06	1.800000e+00
2.453835328796861e-06	1.800000e+00
2.454679716252761e-06	1.800000e+00
2.455664384911859e-06	1.800000e+00
2.456825322916295e-06	1.800000e+00
2.457963861029349e-06	1.800000e+00
2.458873618064368e-06	1.800000e+00
2.459367926960124e-06	1.800000e+00
2.459892706215807e-06	1.800000e+00
2.460349945357865e-06	1.800000e+00
2.460707802073481e-06	1.800000e+00
2.461116592968948e-06	1.800000e+00
2.461726850804680e-06	1.800000e+00
2.462389378124158e-06	1.800000e+00
2.463139532825229e-06	1.800000e+00
2.464036072547246e-06	1.800000e+00
2.465247536422947e-06	1.800000e+00
2.466823219542940e-06	1.800000e+00
2.469068536156753e-06	1.800000e+00
2.471634234582893e-06	1.800000e+00
2.474726163933703e-06	1.800000e+00
2.479608976433703e-06	1.800000e+00
2.484491788933703e-06	1.800000e+00
2.494257413933703e-06	1.800000e+00
2.547575733102202e-06	1.800000e+00
2.550000000100000e-06	1.800000e+00
2.554848534095596e-06	1.800000e+00
2.555117187600001e-06	1.800000e+00
2.555654494608810e-06	1.800000e+00
2.556729108626428e-06	1.800000e+00
2.557850772064763e-06	1.800000e+00
2.560000000100000e-06	1.800000e+00
2.560005818078080e-06	1.800000e+00
2.560017454034238e-06	1.800000e+00
2.560020298590527e-06	1.800000e+00
2.560023753674627e-06	1.800000e+00
2.560030663842829e-06	1.800000e+00
2.560037370054153e-06	1.800000e+00
2.560050782476802e-06	1.800000e+00
2.560074962323908e-06	1.800000e+00
2.560103033642200e-06	1.800000e+00
2.560159176278785e-06	1.800000e+00
2.560270032307389e-06	1.800000e+00
2.560481136238198e-06	1.800000e+00
2.560811177960850e-06	1.800000e+00
2.561349438542355e-06	1.800000e+00
2.561925470753108e-06	1.800000e+00
2.563038631709216e-06	1.800000e+00
2.564558550434361e-06	1.800000e+00
2.566135597080319e-06	1.800000e+00
2.568845604698090e-06	1.800000e+00
2.572762989871737e-06	1.800000e+00
2.577645802371737e-06	1.800000e+00
2.582528614871736e-06	1.800000e+00
2.689950489871732e-06	1.800000e+00
2.694833302371732e-06	1.800000e+00
2.695117187500001e-06	1.800000e+00
2.695684957756538e-06	1.800000e+00
2.696820498269614e-06	1.800000e+00
2.697728918973850e-06	1.800000e+00
2.698183158591529e-06	1.800000e+00
2.699091637826887e-06	1.800000e+00
2.700000000000000e-06	1.792604e+00
2.700002342214772e-06	1.793144e+00
2.700007026644316e-06	1.804700e+00
2.700008170772189e-06	1.807847e+00
2.700009597752086e-06	1.806737e+00
2.700011261355642e-06	1.803569e+00
2.700013043529416e-06	1.802103e+00
2.700016607876964e-06	1.801015e+00
2.700023534737377e-06	1.800241e+00
2.700034401610137e-06	1.799950e+00
2.700049663616137e-06	1.799945e+00
2.700075773566218e-06	1.799991e+00
2.700101398642821e-06	1.800005e+00
2.700105560462779e-06	1.800005e+00
2.700113884102696e-06	1.800007e+00
2.700115965012675e-06	1.800007e+00
2.700121167287622e-06	1.800007e+00
2.700123248197601e-06	1.800007e+00
2.700127410017559e-06	1.800007e+00
2.700130531382528e-06	1.800007e+00
2.700134693202486e-06	1.800007e+00
2.700137814567454e-06	1.800007e+00
2.700141976387413e-06	1.800007e+00
2.700150300027329e-06	1.800007e+00
2.700166947307161e-06	1.800007e+00
2.700200241866825e-06	1.800006e+00
2.700266830986154e-06	1.800005e+00
2.700373625113736e-06	1.800004e+00
2.700492705195625e-06	1.800004e+00
2.700633050923129e-06	1.800003e+00
2.700813371876934e-06	1.800003e+00
2.701098689582487e-06	1.800002e+00
2.701583036683066e-06	1.800002e+00
2.702551730884224e-06	1.800001e+00
2.704102203063206e-06	1.800000e+00
2.705848814578710e-06	1.800000e+00
2.707726774564387e-06	1.800000e+00
2.709449437411029e-06	1.800000e+00
2.711506612954343e-06	1.800000e+00
2.713811867865388e-06	1.800000e+00
2.717400387113273e-06	1.800000e+00
2.722283199613273e-06	1.800000e+00
2.722893551175773e-06	1.800000e+00
2.724114254300773e-06	1.800000e+00
2.724994674468575e-06	1.800001e+00
2.726161859467761e-06	1.800003e+00
2.726313550727397e-06	1.800007e+00
2.726616933246668e-06	1.800028e+00
2.726642575525427e-06	1.800036e+00
2.726693860082943e-06	1.800064e+00
2.726796429197975e-06	1.799869e+00
2.726877021776659e-06	1.792851e+00
2.726976112190647e-06	1.750243e+00
2.727037193900522e-06	1.686514e+00
2.727098039897502e-06	1.602271e+00
2.727151640832340e-06	1.517434e+00
2.727173575277402e-06	1.445667e+00
2.727194048835435e-06	1.299430e+00
2.727213021088598e-06	1.045200e+00
2.727228850053086e-06	7.026466e-01
2.727243967846160e-06	2.980522e-01
2.727252148818604e-06	1.167456e-01
2.727259772919931e-06	3.262309e-02
2.727268298208950e-06	6.572361e-03
2.727277352809882e-06	2.150763e-03
2.727286865026883e-06	1.374414e-03
2.727305889460886e-06	7.911273e-04
2.727339825037988e-06	4.344298e-04
2.727377084744692e-06	3.038909e-04
2.727416046928267e-06	2.404399e-04
2.727486921526952e-06	1.805975e-04
2.727579842596422e-06	1.272492e-04
2.727664645072421e-06	6.785170e-05
2.727738238663440e-06	1.218033e-05
2.727818307631954e-06	-1.176971e-05
2.727880736406282e-06	-1.153457e-05
2.727957535178474e-06	-1.033309e-05
2.728111132722858e-06	6.033952e-06
2.728125431806326e-06	2.278896e-06
2.728154029973260e-06	-8.026822e-06
2.728161179514993e-06	-7.882288e-06
2.728175478598461e-06	-7.567376e-06
2.728204076765395e-06	-7.276267e-06
2.728213013692562e-06	-7.172780e-06
2.728218375848862e-06	-7.118912e-06
2.728223738005162e-06	-7.064443e-06
2.728229100161462e-06	-7.009373e-06
2.728234462317763e-06	-6.953702e-06
2.728239824474063e-06	-6.897431e-06
2.728245186630363e-06	-6.840558e-06
2.728250548786663e-06	-6.783086e-06
2.728336343287466e-06	-5.959566e-06
2.728450735955203e-06	-5.032918e-06
2.728679521290678e-06	-3.589524e-06
2.728942631807996e-06	-2.447091e-06
2.729279441029596e-06	-1.554468e-06
2.729739204309189e-06	-8.638123e-07
2.730391975684787e-06	-3.649202e-07
2.731193106104769e-06	-9.752576e-08
2.732293190601673e-06	2.630553e-08
2.733806021308640e-06	5.193529e-08
2.736075671768567e-06	1.996677e-08
2.738860184239407e-06	-8.556404e-09
2.742277918714100e-06	-1.502076e-08
2.747160731214100e-06	-1.394919e-08
2.752043543714100e-06	-1.144845e-08
2.756926356214100e-06	-8.176846e-09
2.761809168714099e-06	-5.591103e-09
2.766691981214099e-06	-3.566143e-09
2.771574793714099e-06	-2.154176e-09
2.776457606214099e-06	-1.141933e-09
2.781340418714099e-06	-4.543826e-10
2.786223231214098e-06	2.201173e-11
2.791106043714098e-06	3.470660e-10
2.795117187600001e-06	5.313166e-10
2.800000000100001e-06	-2.949740e-05
2.800009536843165e-06	-8.726973e-06
2.800028610329493e-06	2.844561e-05
2.800033397739877e-06	1.294003e-06
2.800039107450588e-06	-1.993129e-05
2.800050526872009e-06	-1.080539e-06
2.800065347625488e-06	-1.251080e-06
2.800094989132446e-06	-4.857118e-08
2.800125890770196e-06	-1.822742e-07
2.800167830346063e-06	3.928068e-09
2.800208006322510e-06	-9.794039e-08
2.800265863012143e-06	2.184421e-08
2.800328521529137e-06	-5.643814e-08
2.800425966540835e-06	2.212567e-08
2.800549767157471e-06	-2.871535e-08
2.800764879397982e-06	4.455703e-09
2.800998567622719e-06	-4.593722e-10
2.801239981040099e-06	8.321962e-09
2.801548605031334e-06	-7.267188e-09
2.802007508850695e-06	8.012145e-09
2.802800314502895e-06	-9.666046e-10
2.803798771153180e-06	4.218901e-09
2.805543248504126e-06	-5.974999e-10
2.808337057868495e-06	6.522490e-10
2.810798080780562e-06	6.939604e-10
2.813543316225030e-06	1.338528e-09
2.816668950783682e-06	8.213488e-10
2.820060764497342e-06	1.673087e-09
2.824943576997342e-06	1.007663e-09
2.829826389497342e-06	1.009312e-09
2.839592014497341e-06	1.009369e-09
2.844474826997341e-06	1.086355e-08
2.845117187500001e-06	6.690470e-09
2.846401908505320e-06	2.390908e-09
2.847430557989361e-06	-5.992621e-09
2.847942701031919e-06	-5.999633e-09
2.848966987117034e-06	1.084684e-09
2.850000000000001e-06	2.256812e-06
2.850000504400822e-06	1.966991e-06
2.850001513202466e-06	9.119358e-07
2.850001765122135e-06	7.272754e-07
2.850002069712718e-06	5.874144e-07
2.850002678893884e-06	3.957746e-07
2.850003897256217e-06	1.911817e-07
2.850006333980882e-06	4.963047e-08
2.850011207430212e-06	1.642143e-09
2.850016144105490e-06	3.678710e-10
2.850022985326678e-06	8.329599e-10
2.850030953538772e-06	8.457405e-10
2.850045539549106e-06	1.023880e-09
2.850066578487929e-06	1.070922e-09
2.850089320523066e-06	1.059414e-09
2.850122986611714e-06	1.028025e-09
2.850170486788929e-06	1.016859e-09
2.850248943908552e-06	1.009166e-09
2.850353417330176e-06	1.007384e-09
2.850504831476333e-06	1.005911e-09
2.850688974663674e-06	1.005621e-09
2.850928154550288e-06	1.004933e-09
2.851241275094351e-06	1.004785e-09
2.851709755823121e-06	1.004664e-09
2.852378823948164e-06	1.004938e-09
2.852947490075404e-06	1.005108e-09
2.853497725270769e-06	1.005238e-09
2.854070638571606e-06	1.005313e-09
2.854563018614530e-06	1.005259e-09
2.855061013482760e-06	1.005140e-09
2.855594103091164e-06	1.005067e-09
2.856131075861846e-06	1.005037e-09
2.856735011411368e-06	1.005116e-09
2.857460915676396e-06	1.005154e-09
2.858198706985364e-06	1.005196e-09
2.859081253044176e-06	1.005157e-09
2.859893341276353e-06	1.005139e-09
2.860918236240125e-06	1.005107e-09
2.862246838745902e-06	1.005143e-09
2.863498272913890e-06	1.005131e-09
2.865148373697612e-06	1.005140e-09
2.867043626829165e-06	1.005131e-09
2.869285859366432e-06	1.005141e-09
2.871593076038149e-06	1.005123e-09
2.875831044004827e-06	1.005137e-09
2.879687076396963e-06	1.005135e-09
2.884544361403428e-06	1.005138e-09
2.889427173903428e-06	1.005138e-09
2.894309986403427e-06	1.005138e-09
2.899192798903427e-06	1.005138e-09
2.904075611403427e-06	1.005138e-09
2.908958423903427e-06	1.005138e-09
2.913841236403427e-06	1.005138e-09
2.918724048903426e-06	1.005138e-09
2.923606861403426e-06	1.005138e-09
2.928489673903426e-06	1.005138e-09
2.933372486403426e-06	1.005138e-09
2.938255298903426e-06	1.005138e-09
2.943138111403425e-06	1.005117e-09
2.945117187500001e-06	1.005179e-09
2.946041847806850e-06	1.005176e-09
2.947891168420548e-06	1.005133e-09
2.950000000000001e-06	9.859515e-10
2.950006423368143e-06	9.854086e-10
2.950019270104428e-06	9.720426e-10
2.950022366765480e-06	9.641048e-10
2.950026318355471e-06	9.552062e-10
2.950034221535451e-06	9.527650e-10
2.950050027895412e-06	9.712355e-10
2.950069139147953e-06	9.987862e-10
2.950093895860301e-06	1.017755e-09
2.950123158864461e-06	1.020390e-09
2.950164184079857e-06	1.015750e-09
2.950215506379759e-06	1.011500e-09
2.950285468771931e-06	1.008601e-09
2.950369554843662e-06	1.006988e-09
2.950477186578059e-06	1.006070e-09
2.950605615614953e-06	1.005591e-09
2.950779990462992e-06	1.005287e-09
2.950999708418006e-06	1.005076e-09
2.951306063314182e-06	1.004935e-09
2.951712081446002e-06	1.004920e-09
2.952264873558553e-06	1.005008e-09
2.952852993914493e-06	1.005085e-09
2.953529924536425e-06	1.005133e-09
2.954314476480175e-06	1.005159e-09
2.955178765727542e-06	1.005154e-09
2.956253527608188e-06	1.005136e-09
2.957316542107997e-06	1.005132e-09
2.958607522384990e-06	1.005140e-09
2.959804183671939e-06	1.005142e-09
2.961060645947553e-06	1.005139e-09
2.962441769541260e-06	1.005137e-09
2.964064074020307e-06	1.005138e-09
2.965628681204846e-06	1.005138e-09
2.968294637873365e-06	1.005138e-09
2.973177450373364e-06	1.005138e-09
2.978060262873364e-06	1.005138e-09
2.982943075373364e-06	1.005138e-09
2.987825887873364e-06	1.005138e-09
3.045117187600001e-06	1.005138e-09
3.050000000100000e-06	1.005138e-09
3.054882812600000e-06	1.005141e-09
3.055117187600001e-06	1.005140e-09
3.055585937600002e-06	1.005138e-09
3.056523437600005e-06	1.005137e-09
3.058125000099995e-06	1.005139e-09
3.060000000100001e-06	8.985183e-10
3.060004815988815e-06	8.874349e-10
3.060014447766445e-06	9.861587e-10
3.060016820139065e-06	1.063022e-09
3.060019634431394e-06	1.124012e-09
3.060023748563648e-06	1.118063e-09
3.060028070362829e-06	1.092613e-09
3.060035704000467e-06	1.057671e-09
3.060046639186430e-06	1.028474e-09
3.060066701523290e-06	1.010276e-09
3.060106826197009e-06	1.004977e-09
3.060171281860263e-06	1.005428e-09
3.060300193186770e-06	1.005417e-09
3.060558015839783e-06	1.005211e-09
3.060928758074486e-06	1.005154e-09
3.061441749677855e-06	1.005133e-09
3.062325875244655e-06	1.005133e-09
3.063532540820318e-06	1.005133e-09
3.064713276968430e-06	1.005136e-09
3.066799084370907e-06	1.005136e-09
3.069217175964214e-06	1.005138e-09
3.074053359150827e-06	1.005138e-09
3.078936171650827e-06	1.005138e-09
3.083818984150826e-06	1.005138e-09
3.088701796650826e-06	1.005138e-09
3.098467421650826e-06	1.005138e-09
3.103350234150826e-06	1.005138e-09
3.108233046650825e-06	1.005138e-09
3.113115859150825e-06	1.005138e-09
3.117998671650825e-06	1.005138e-09
3.195117187500001e-06	1.005138e-09
3.200000000000001e-06	2.575081e-05
3.200014245877877e-06	2.098046e-05
3.200042737633629e-06	5.602625e-06
3.200049631831527e-06	1.454409e-06
3.200058357743048e-06	-3.996272e-06
3.200074950542054e-06	-4.808222e-06
3.200099670460880e-06	-9.846299e-07
3.200149110298532e-06	-1.458880e-06
3.200247989973836e-06	-6.620937e-07
3.200445749324443e-06	-6.913737e-07
3.200718981364035e-06	-3.765091e-07
3.201087265064314e-06	9.434912e-06
3.201160283461167e-06	2.250986e-06
3.201178538060381e-06	-6.591822e-08
3.201215047258807e-06	-1.272849e-07
3.201224174558414e-06	-1.187129e-07
3.201246992807431e-06	-8.841732e-08
3.201256120107037e-06	-7.840387e-08
3.201274374706251e-06	-6.305009e-08
3.201310883904677e-06	-4.503655e-08
3.201383902301531e-06	-2.603418e-08
3.201529939095237e-06	-2.509414e-09
3.201822012682651e-06	2.583863e-08
3.202406159857477e-06	4.860220e-08
3.203261508737825e-06	4.633047e-08
3.204744468508235e-06	1.668262e-08
3.206305326452876e-06	-8.707864e-09
3.208574169111585e-06	-2.261019e-08
3.210678329797318e-06	-2.000295e-08
3.212359961200261e-06	-1.327820e-08
3.214487961058147e-06	-5.844052e-09
3.216642778268302e-06	-1.835182e-09
3.220022454823735e-06	2.960795e-10
3.224671796292263e-06	2.729234e-09
3.224846846379189e-06	-3.451499e-09
3.225196946553042e-06	-6.591932e-07
3.225825526188520e-06	-8.602033e-06
3.226064277522437e-06	-2.685747e-05
3.226228521047058e-06	-6.855818e-05
3.226355793599599e-06	-1.370263e-04
3.226510480644724e-06	-2.570152e-04
3.226606417076270e-06	5.228362e-03
3.226735549885026e-06	3.318638e-02
3.226753101335000e-06	5.833980e-02
3.226788204234950e-06	1.662741e-01
3.226792395157802e-06	1.901615e-01
3.226800777003507e-06	2.696677e-01
3.226817540694917e-06	4.777845e-01
3.226831323030286e-06	6.802841e-01
3.226846639550694e-06	9.286627e-01
3.226848833596208e-06	9.683638e-01
3.226853221687237e-06	1.059600e+00
3.226858963106933e-06	1.199759e+00
3.226864072722837e-06	1.356710e+00
3.226871169961763e-06	1.609904e+00
3.226874227462647e-06	1.705235e+00
3.226876955723673e-06	1.755988e+00
3.226880167130771e-06	1.781299e+00
3.226883627136935e-06	1.791422e+00
3.226887355550019e-06	1.795682e+00
3.226892933764132e-06	1.798318e+00
3.226899762042908e-06	1.799243e+00
3.226907238785428e-06	1.799468e+00
3.226917787410816e-06	1.799749e+00
3.226934079664049e-06	1.800048e+00
3.226957322076029e-06	1.800175e+00
3.226988980281002e-06	1.800185e+00
3.227045352962472e-06	1.800178e+00
3.227154342687150e-06	1.800158e+00
3.227372322136504e-06	1.800128e+00
3.227682610062399e-06	1.800096e+00
3.228045486362914e-06	1.800074e+00
3.228076640119148e-06	1.800071e+00
3.228138947631616e-06	1.800067e+00
3.228154524509732e-06	1.800067e+00
3.228185678265966e-06	1.800065e+00
3.228193466705025e-06	1.800065e+00
3.228209043583141e-06	1.800064e+00
3.228212937802671e-06	1.800064e+00
3.228222673351494e-06	1.800064e+00
3.228226567571023e-06	1.800064e+00
3.228234356010081e-06	1.800063e+00
3.228249932888198e-06	1.800063e+00
3.228281086644432e-06	1.800061e+00
3.228343394156899e-06	1.800057e+00
3.228468009181834e-06	1.800051e+00
3.228717239231704e-06	1.800041e+00
3.229215095858671e-06	1.800028e+00
3.229762966678440e-06	1.800020e+00
3.230840241910383e-06	1.800011e+00
3.232592258784299e-06	1.800004e+00
3.234784292826626e-06	1.800001e+00
3.237589186160735e-06	1.800000e+00
3.241551222593612e-06	1.800000e+00
3.246434035093612e-06	1.800000e+00
3.251316847593612e-06	1.800000e+00
3.256199660093612e-06	1.800000e+00
3.261082472593612e-06	1.800000e+00
3.265965285093611e-06	1.800000e+00
3.270848097593611e-06	1.800000e+00
3.275730910093611e-06	1.800000e+00
3.280613722593611e-06	1.800000e+00
3.285496535093611e-06	1.800000e+00
3.290379347593610e-06	1.800000e+00
3.295262160093610e-06	1.800000e+00
3.300000000100000e-06	1.799684e+00
3.300011716985529e-06	1.799829e+00
3.300035150756586e-06	1.800277e+00
3.300040932183504e-06	1.800178e+00
3.300047784840722e-06	1.800053e+00
3.300057310424422e-06	1.800074e+00
3.300067354409471e-06	1.800043e+00
3.300083674482143e-06	1.800039e+00
3.300107807782792e-06	1.800019e+00
3.300142452361269e-06	1.800011e+00
3.300206156070309e-06	1.800002e+00
3.300298871016849e-06	1.800001e+00
3.300471117177184e-06	1.800000e+00
3.300678299390841e-06	1.800000e+00
3.300950073567175e-06	1.800000e+00
3.301286821738219e-06	1.800000e+00
3.301837914963128e-06	1.800000e+00
3.302678925224195e-06	1.800000e+00
3.303788599071794e-06	1.800000e+00
3.304932411028264e-06	1.800000e+00
3.306273293622899e-06	1.800000e+00
3.307767829943232e-06	1.800000e+00
3.309164147746645e-06	1.800017e+00
3.309270633959418e-06	1.800012e+00
3.309483606384962e-06	1.800000e+00
3.309909551236051e-06	1.800000e+00
3.310379565002672e-06	1.800000e+00
3.310954482127583e-06	1.800000e+00
3.311325857024974e-06	1.800000e+00
3.311807727150984e-06	1.800000e+00
3.312305171286097e-06	1.800000e+00
3.312933497852177e-06	1.800000e+00
3.313705043295768e-06	1.800000e+00
3.314590743879142e-06	1.800000e+00
3.315763207540850e-06	1.800000e+00
3.317451371476893e-06	1.800000e+00
3.320563368224741e-06	1.800000e+00
3.325085660998843e-06	1.800000e+00
3.329968473498843e-06	1.800000e+00
3.334851285998843e-06	1.800000e+00
3.339734098498842e-06	1.800000e+00
3.348118846506954e-06	1.800000e+00
3.350000000000001e-06	1.800000e+00
3.350004852027177e-06	1.800000e+00
3.350014556081529e-06	1.800000e+00
3.350016849712450e-06	1.800000e+00
3.350019753227890e-06	1.800000e+00
3.350023929342398e-06	1.800000e+00
3.350028344645746e-06	1.800000e+00
3.350036757080540e-06	1.800000e+00
3.350048881995761e-06	1.800000e+00
3.350072900318626e-06	1.800000e+00
3.350108773312818e-06	1.800000e+00
3.350180519301203e-06	1.800000e+00
3.350307028480006e-06	1.800000e+00
3.350423719238807e-06	1.800000e+00
3.350612058167642e-06	1.800000e+00
3.350805203911896e-06	1.800000e+00
3.351058066303922e-06	1.800000e+00
3.351333561730752e-06	1.800000e+00
3.351536125176718e-06	1.800000e+00
3.351743611901760e-06	1.800000e+00
3.351966596697026e-06	1.800000e+00
3.352163040481914e-06	1.800000e+00
3.352398868446858e-06	1.800000e+00
3.352665092848339e-06	1.800000e+00
3.353023423756775e-06	1.800000e+00
3.353364871702850e-06	1.800000e+00
3.353779633090085e-06	1.800000e+00
3.354254244157764e-06	1.800000e+00
3.354758898946922e-06	1.800000e+00
3.355310099248219e-06	1.800000e+00
3.355984868380743e-06	1.800000e+00
3.356645171481648e-06	1.800000e+00
3.357276766905725e-06	1.800000e+00
3.358108619844950e-06	1.800000e+00
3.358891365138705e-06	1.800000e+00
3.359815402302366e-06	1.800000e+00
3.360945188068985e-06	1.800000e+00
3.362108618216095e-06	1.800000e+00
3.363461240632123e-06	1.800000e+00
3.365053023692560e-06	1.800000e+00
3.366850880723741e-06	1.800000e+00
3.369119314195529e-06	1.800000e+00
3.372295103592782e-06	1.800000e+00
3.375535385930765e-06	1.800000e+00
3.380371202238690e-06	1.800000e+00
3.385254014738690e-06	1.800000e+00
3.390136827238689e-06	1.800000e+00
3.395019639738689e-06	1.800000e+00
3.399902452238689e-06	1.800000e+00
3.404785264738689e-06	1.800000e+00
3.409668077238689e-06	1.800000e+00
3.414550889738688e-06	1.800000e+00
3.419433702238688e-06	1.800000e+00
3.424316514738688e-06	1.800000e+00
3.429199327238688e-06	1.800000e+00
3.434082139738688e-06	1.800000e+00
3.438964952238687e-06	1.800000e+00
3.443847764738687e-06	1.800000e+00
3.445117187500001e-06	1.800000e+00
3.447656033022629e-06	1.800000e+00
3.450000000000001e-06	1.800000e+00
3.450006423729519e-06	1.800000e+00
3.450019271188555e-06	1.800000e+00
3.450022408371736e-06	1.800000e+00
3.450026339765664e-06	1.800000e+00
3.450033955675824e-06	1.800000e+00
3.450048304413848e-06	1.800000e+00
3.450064091154672e-06	1.800000e+00
3.450088816211266e-06	1.800000e+00
3.450125428987693e-06	1.800000e+00
3.450198654540548e-06	1.800000e+00
3.450345105646259e-06	1.800000e+00
3.450516408733534e-06	1.800000e+00
3.450690526081263e-06	1.800000e+00
3.450933154976645e-06	1.800000e+00
3.451202439021724e-06	1.800000e+00
3.451506625881012e-06	1.800000e+00
3.451924168185975e-06	1.800000e+00
3.452620265054893e-06	1.800000e+00
3.453379329313456e-06	1.800000e+00
3.454313923796373e-06	1.800000e+00
3.455422776826828e-06	1.800000e+00
3.456663656471047e-06	1.800000e+00
3.457644983519020e-06	1.800000e+00
3.458917299501115e-06	1.800000e+00
3.459609430290763e-06	1.800000e+00
3.460047841067688e-06	1.800000e+00
3.460613583321414e-06	1.800000e+00
3.460981738699107e-06	1.800000e+00
3.461326740012028e-06	1.800000e+00
3.461705813994919e-06	1.800000e+00
3.462247861220060e-06	1.800000e+00
3.462885215190718e-06	1.800000e+00
3.463591281495675e-06	1.800000e+00
3.464476146066068e-06	1.800000e+00
3.465610478593392e-06	1.800000e+00
3.467137836721455e-06	1.800000e+00
3.469407485079857e-06	1.800000e+00
3.471932766508952e-06	1.800000e+00
3.474744315176356e-06	1.800000e+00
3.479627127676355e-06	1.800000e+00
3.484509940176355e-06	1.800000e+00
3.489392752676355e-06	1.800000e+00
3.494275565176355e-06	1.800000e+00
3.499158377676355e-06	1.800000e+00
3.547684640558114e-06	1.800000e+00
3.550000000100000e-06	1.800000e+00
3.554630719183773e-06	1.800000e+00
3.555117187600001e-06	1.800000e+00
3.556090124432457e-06	1.800000e+00
3.558035998097369e-06	1.800000e+00
3.560000000100001e-06	1.800000e+00
3.560005354133417e-06	1.800000e+00
3.560016062200251e-06	1.800000e+00
3.560018677947301e-06	1.800000e+00
3.560021868742287e-06	1.800000e+00
3.560028250332259e-06	1.800000e+00
3.560034637810202e-06	1.800000e+00
3.560047412766088e-06	1.800000e+00
3.560071834567679e-06	1.800000e+00
3.560098699019221e-06	1.800000e+00
3.560152427922305e-06	1.800000e+00
3.560258387509540e-06	1.800000e+00
3.560462271956966e-06	1.800000e+00
3.560767962722046e-06	1.800000e+00
3.561287747656779e-06	1.800000e+00
3.561837569440813e-06	1.800000e+00
3.562849204518828e-06	1.800000e+00
3.564402888087540e-06	1.800000e+00
3.565826458535980e-06	1.800000e+00
3.568334688681707e-06	1.800000e+00
3.571768199073455e-06	1.800000e+00
3.576651011573455e-06	1.800000e+00
3.586416636573454e-06	1.800000e+00
3.688955699073450e-06	1.800000e+00
3.693838511573450e-06	1.800000e+00
3.697674539353104e-06	1.800000e+00
3.700000000000001e-06	1.796645e+00
3.700005853500525e-06	1.797821e+00
3.700017560501573e-06	1.804508e+00
3.700020439591632e-06	1.803376e+00
3.700023941149809e-06	1.799949e+00
3.700027789294496e-06	1.799550e+00
3.700032052698390e-06	1.799902e+00
3.700037462669601e-06	1.799824e+00
3.700045640095918e-06	1.799951e+00
3.700058400995533e-06	1.799960e+00
3.700080648194657e-06	1.799999e+00
3.700110443141774e-06	1.800089e+00
3.700115226719807e-06	1.800038e+00
3.700116422614315e-06	1.800018e+00
3.700118814403332e-06	1.800007e+00
3.700119412350586e-06	1.800006e+00
3.700120608245095e-06	1.800007e+00
3.700123000034111e-06	1.800007e+00
3.700127783612144e-06	1.800007e+00
3.700137350768211e-06	1.800007e+00
3.700156485080344e-06	1.800007e+00
3.700194753704610e-06	1.800007e+00
3.700271290953141e-06	1.800006e+00
3.700372361280624e-06	1.800005e+00
3.700495884577205e-06	1.800004e+00
3.700632298301603e-06	1.800004e+00
3.700826684752078e-06	1.800003e+00
3.701109047412693e-06	1.800002e+00
3.701638189069804e-06	1.800002e+00
3.702696472384028e-06	1.800001e+00
3.704191704812662e-06	1.800000e+00
3.706044901858189e-06	1.800000e+00
3.708079519521860e-06	1.800000e+00
3.709700017144348e-06	1.800000e+00
3.711752419416934e-06	1.800000e+00
3.713850910241265e-06	1.800000e+00
3.717362203870913e-06	1.800000e+00
3.719168539181812e-06	1.800000e+00
3.719620123009537e-06	1.800000e+00
3.720523290664987e-06	1.800000e+00
3.721726449725746e-06	1.800002e+00
3.721873025164549e-06	1.800002e+00
3.722166176042155e-06	1.800006e+00
3.722239463761557e-06	1.800009e+00
3.722386039200360e-06	1.800028e+00
3.722516413758689e-06	1.800036e+00
3.722667285414392e-06	1.796024e+00
3.722763712723892e-06	1.774126e+00
3.722824345608603e-06	1.724816e+00
3.722888871388287e-06	1.641997e+00
3.722932519638180e-06	1.585973e+00
3.722975344141541e-06	1.507566e+00
3.722995779221641e-06	1.407492e+00
3.723024562764173e-06	1.115420e+00
3.723041143753789e-06	8.172976e-01
3.723060541851915e-06	3.455343e-01
3.723070230713347e-06	1.339087e-01
3.723077924718685e-06	4.160381e-02
3.723087468691970e-06	7.794568e-03
3.723095805527286e-06	2.484434e-03
3.723105867215954e-06	1.610914e-03
3.723124546858657e-06	8.783404e-04
3.723156046957698e-06	4.660735e-04
3.723189648356305e-06	3.254588e-04
3.723228057555052e-06	2.536693e-04
3.723287661700867e-06	1.944513e-04
3.723375998369420e-06	1.412525e-04
3.723473737660833e-06	7.801979e-05
3.723545472989047e-06	2.240505e-05
3.723628919624929e-06	-1.089772e-05
3.723683136522598e-06	-1.257379e-05
3.723763263718910e-06	-1.056704e-05
3.723909152521828e-06	-8.752072e-06
3.724121265586997e-06	-1.872972e-05
3.724142837411770e-06	-1.521592e-05
3.724185981061316e-06	-5.629342e-06
3.724196766973702e-06	-5.559883e-06
3.724218338798475e-06	-5.458498e-06
3.724261482448020e-06	-5.098951e-06
3.724274964838503e-06	-4.988389e-06
3.724281706033745e-06	-4.933193e-06
3.724288447228986e-06	-4.879178e-06
3.724295188424228e-06	-4.826343e-06
3.724301929619469e-06	-4.774689e-06
3.724308670814711e-06	-4.724215e-06
3.724315412009952e-06	-4.674921e-06
3.724322153205194e-06	-4.626807e-06
3.724365296854739e-06	-4.330317e-06
3.724451584153830e-06	-3.811122e-06
3.724624158752012e-06	-2.985979e-06
3.724907441697612e-06	-2.011354e-06
3.725206073529191e-06	-1.343716e-06
3.725643552647785e-06	-7.786408e-07
3.726317644910460e-06	-3.280952e-07
3.727180051309952e-06	-8.183653e-08
3.728309797983045e-06	2.185709e-08
3.729908602784198e-06	4.187989e-08
3.732342444467472e-06	1.423014e-08
3.735407568574705e-06	-9.958560e-09
3.739043949878992e-06	-1.317127e-08
3.743926762378992e-06	-1.017046e-08
3.748809574878992e-06	-7.677405e-09
3.753692387378992e-06	-5.197944e-09
3.758575199878991e-06	-3.392624e-09
3.763458012378991e-06	-2.012090e-09
3.768340824878991e-06	-1.069082e-09
3.773223637378991e-06	-3.958615e-10
3.778106449878991e-06	5.605622e-11
3.782989262378990e-06	3.688718e-10
3.787872074878990e-06	5.776986e-10
3.792754887378990e-06	7.318666e-10
3.795117187600001e-06	6.594986e-10
3.795591823773936e-06	7.999899e-10
3.797490368469680e-06	8.211135e-10
3.800000000100000e-06	-4.274632e-05
3.800007447336209e-06	-1.526646e-05
3.800022341808625e-06	5.517621e-05
3.800025939613514e-06	2.202045e-05
3.800030480846614e-06	-1.741715e-05
3.800039563312813e-06	-2.666059e-06
3.800053726598968e-06	-1.138604e-06
3.800082053171277e-06	-1.400328e-07
3.800121105700625e-06	-4.341660e-08
3.800158651057808e-06	2.545065e-08
3.800203072090633e-06	-1.757680e-08
3.800254649977171e-06	2.318122e-08
3.800324717800973e-06	-1.160593e-08
3.800415174608492e-06	1.434475e-08
3.800554643488613e-06	-6.420865e-09
3.800759710450352e-06	3.462160e-09
3.801002637255519e-06	7.413767e-10
3.801248184553888e-06	4.455191e-09
3.801592016587365e-06	-1.691695e-09
3.802098972260882e-06	3.006503e-09
3.802889198671211e-06	1.569627e-10
3.803927095442549e-06	2.149634e-09
3.805740806774008e-06	6.156118e-10
3.808177207088137e-06	1.087125e-09
3.810800347520219e-06	9.808994e-10
3.813484286607996e-06	1.201199e-09
3.816801469239607e-06	9.663722e-10
3.820272544345034e-06	1.229088e-09
3.825155356845034e-06	1.001126e-09
3.830038169345033e-06	1.001865e-09
3.839803794345033e-06	1.001894e-09
3.844686606845033e-06	6.712526e-09
3.845978348809936e-06	-5.479326e-10
3.847700671429807e-06	1.394178e-09
3.850000000000000e-06	7.562109e-07
3.850001122719029e-06	6.019663e-07
3.850003368157086e-06	9.232868e-08
3.850003930171363e-06	3.539559e-08
3.850004606598782e-06	2.292159e-08
3.850005959453618e-06	1.043740e-08
3.850007868108304e-06	3.850125e-09
3.850011685417675e-06	1.241885e-09
3.850018000675219e-06	8.248945e-10
3.850024944234201e-06	8.661641e-10
3.850034990216932e-06	9.441105e-10
3.850049463735350e-06	1.030037e-09
3.850072179593564e-06	1.054293e-09
3.850096841485857e-06	1.040453e-09
3.850136348901921e-06	1.020770e-09
3.850189531876788e-06	1.012445e-09
3.850279985328224e-06	1.008045e-09
3.850394143924515e-06	1.006501e-09
3.850560756820847e-06	1.005696e-09
3.850756051513241e-06	1.005292e-09
3.851025085893727e-06	1.004859e-09
3.851394285715833e-06	1.004726e-09
3.851920446212965e-06	1.004865e-09
3.852380145709748e-06	1.004992e-09
3.852828854835820e-06	1.005099e-09
3.853306582052455e-06	1.005224e-09
3.853923867717192e-06	1.005300e-09
3.854354226913507e-06	1.005265e-09
3.854872184329561e-06	1.005148e-09
3.855340427831726e-06	1.005081e-09
3.855954385434380e-06	1.005063e-09
3.856552409002739e-06	1.005104e-09
3.857201142991752e-06	1.005149e-09
3.857981175420106e-06	1.005175e-09
3.858703469368085e-06	1.005153e-09
3.859503377103970e-06	1.005126e-09
3.860462853544228e-06	1.005122e-09
3.861432202110546e-06	1.005142e-09
3.862494902729666e-06	1.005146e-09
3.863716299420464e-06	1.005137e-09
3.864999878980497e-06	1.005131e-09
3.866606194880213e-06	1.005140e-09
3.868267611866611e-06	1.005138e-09
3.870804784523604e-06	1.005137e-09
3.873420377283603e-06	1.005136e-09
3.877578808622299e-06	1.005138e-09
3.882060689644577e-06	1.005138e-09
3.886943502144577e-06	1.005138e-09
3.891826314644577e-06	1.005138e-09
3.896709127144577e-06	1.005138e-09
3.901591939644577e-06	1.005138e-09
3.906474752144576e-06	1.005138e-09
3.911357564644576e-06	1.005138e-09
3.916240377144576e-06	1.005138e-09
3.921123189644576e-06	1.005138e-09
3.926006002144576e-06	1.005138e-09
3.930888814644575e-06	1.005138e-09
3.935771627144575e-06	1.005138e-09
3.940654439644575e-06	1.005138e-09
3.945537252144575e-06	1.005138e-09
3.950000000000000e-06	1.000345e-09
3.950013393406088e-06	9.924130e-10
3.950040180218264e-06	9.644258e-10
3.950046650057619e-06	9.638617e-10
3.950054883104372e-06	9.745272e-10
3.950067220623121e-06	9.954467e-10
3.950082537335049e-06	1.010750e-09
3.950113170758905e-06	1.017840e-09
3.950149619767507e-06	1.015776e-09
3.950191743901104e-06	1.012071e-09
3.950246148582050e-06	1.009371e-09
3.950320304524119e-06	1.007482e-09
3.950415392333271e-06	1.006353e-09
3.950537511781032e-06	1.005717e-09
3.950692764056435e-06	1.005369e-09
3.950897853949363e-06	1.005144e-09
3.951172795183245e-06	1.004991e-09
3.951564134077497e-06	1.004938e-09
3.952123018991430e-06	1.005002e-09
3.952711534848098e-06	1.005077e-09
3.953368515595538e-06	1.005125e-09
3.954072484662518e-06	1.005152e-09
3.955095321677124e-06	1.005154e-09
3.956136985048769e-06	1.005140e-09
3.957239560253809e-06	1.005134e-09
3.958215081061957e-06	1.005138e-09
3.959422917159287e-06	1.005140e-09
3.960744287106484e-06	1.005139e-09
3.961891479522014e-06	1.005137e-09
3.963609745967825e-06	1.005138e-09
3.965164717875147e-06	1.005138e-09
3.968274661689792e-06	1.005138e-09
3.973157474189792e-06	1.005138e-09
3.978040286689792e-06	1.005138e-09
3.982923099189792e-06	1.005138e-09
3.987805911689792e-06	1.005138e-09
4.045117187600000e-06	1.005138e-09
4.050000000100000e-06	1.005138e-09
4.054882812600000e-06	1.005143e-09
4.055117187600000e-06	1.005141e-09
4.055585937600001e-06	1.005137e-09
4.056523437600002e-06	1.005137e-09
4.058125000099998e-06	1.005139e-09
4.060000000100000e-06	8.959018e-10
4.060004875927632e-06	8.861206e-10
4.060014627582897e-06	9.946788e-10
4.060017025466190e-06	1.073631e-09
4.060019886495274e-06	1.133168e-09
4.060024294002359e-06	1.121359e-09
4.060028882468036e-06	1.091843e-09
4.060037229530215e-06	1.053530e-09
4.060049702678950e-06	1.023040e-09
4.060070517497148e-06	1.007868e-09
4.060112147133545e-06	1.004702e-09
4.060181925005546e-06	1.005358e-09
4.060321480749547e-06	1.005319e-09
4.060600592237549e-06	1.005185e-09
4.060982674223431e-06	1.005148e-09
4.061553462850613e-06	1.005134e-09
4.062631809867157e-06	1.005133e-09
4.063717159931223e-06	1.005133e-09
4.065161355734134e-06	1.005136e-09
4.067186715139677e-06	1.005137e-09
4.069631308544678e-06	1.005138e-09
4.074207294752155e-06	1.005138e-09
4.079090107252155e-06	1.005138e-09
4.083972919752155e-06	1.005138e-09
4.088855732252155e-06	1.005138e-09
4.093738544752155e-06	1.005138e-09
4.103504169752154e-06	1.005138e-09
4.108386982252154e-06	1.005138e-09
4.113269794752154e-06	1.005138e-09
4.118152607252154e-06	1.005138e-09
4.195117187500001e-06	1.005138e-09
4.200000000000000e-06	2.371232e-05
4.200014263359223e-06	1.890258e-05
4.200042790077670e-06	5.480874e-06
4.200049692031621e-06	1.954966e-06
4.200058428828639e-06	-3.277527e-06
4.200075902422674e-06	-4.161476e-06
4.200100112292541e-06	-7.016215e-07
4.200148532032275e-06	-1.346944e-06
4.200245371511745e-06	-5.529137e-07
4.200439050470683e-06	-6.125976e-07
4.200704281343544e-06	-3.241316e-07
4.201060103561062e-06	9.551420e-06
4.201129670833045e-06	7.621240e-06
4.201268805377011e-06	-1.821878e-07
4.201303589013003e-06	-9.541866e-08
4.201312284922000e-06	-6.374641e-08
4.201329676739996e-06	-4.585700e-08
4.201364460375988e-06	-2.496589e-08
4.201434027647971e-06	-5.568132e-09
4.201573162191937e-06	1.457862e-08
4.201851431279869e-06	3.762826e-08
4.202407969455734e-06	5.368340e-08
4.203521045807463e-06	4.322260e-08
4.205747198510920e-06	-7.567969e-10
4.207985850723374e-06	-2.160994e-08
4.210971948471959e-06	-1.736031e-08
4.213271690386899e-06	-8.748894e-09
4.215968901128633e-06	-2.352232e-09
4.219068570631873e-06	1.723217e-10
4.223951383131873e-06	8.198964e-10
4.228834195631873e-06	-9.180648e-10
4.233197699314350e-06	4.885908e-09
4.233568659562204e-06	1.552829e-09
4.234310580057913e-06	-1.411245e-07
4.234471613223601e-06	-3.942964e-07
4.234511871515023e-06	-6.184267e-07
4.234592388097866e-06	-1.358375e-06
4.234753421263554e-06	-3.663509e-06
4.235075487594930e-06	-1.339039e-05
4.235225241215844e-06	-2.766563e-05
4.235358521825777e-06	-5.945986e-05
4.235501803128063e-06	-1.180043e-04
4.235660408193029e-06	-2.044194e-04
4.235772121181204e-06	1.106295e-03
4.235912009259763e-06	8.135327e-03
4.235932407020908e-06	1.502609e-02
4.235973202543197e-06	4.556307e-02
4.235983401423769e-06	6.018298e-02
4.236003799184914e-06	1.162936e-01
4.236024989997632e-06	2.385032e-01
4.236054810076337e-06	5.163234e-01
4.236058277439789e-06	5.582138e-01
4.236065212166692e-06	6.532366e-01
4.236079081620498e-06	8.545818e-01
4.236088442043976e-06	1.012436e+00
4.236094838227223e-06	1.148257e+00
4.236099716590499e-06	1.282992e+00
4.236104802812157e-06	1.455981e+00
4.236110461117864e-06	1.658340e+00
4.236113062919520e-06	1.727661e+00
4.236116540301310e-06	1.772367e+00
4.236120059715256e-06	1.789067e+00
4.236123327775430e-06	1.794281e+00
4.236127755221024e-06	1.797354e+00
4.236133748217098e-06	1.798907e+00
4.236141155680053e-06	1.799354e+00
4.236150579725216e-06	1.799616e+00
4.236163305544056e-06	1.799921e+00
4.236183225453459e-06	1.800136e+00
4.236208913377880e-06	1.800183e+00
4.236252122301899e-06	1.800180e+00
4.236338540149937e-06	1.800167e+00
4.236506717819517e-06	1.800141e+00
4.236843073158677e-06	1.800104e+00
4.237386066323943e-06	1.800072e+00
4.237488981863930e-06	1.800059e+00
4.237514710748926e-06	1.800056e+00
4.237566168518919e-06	1.800053e+00
4.237694812943903e-06	1.800048e+00
4.237714109607650e-06	1.800048e+00
4.237746270713895e-06	1.800046e+00
4.237836321811383e-06	1.800043e+00
4.237939237351370e-06	1.800040e+00
4.238145068431343e-06	1.800035e+00
4.238556730591288e-06	1.800027e+00
4.239168682252118e-06	1.800018e+00
4.239985161147065e-06	1.800012e+00
4.241515725004978e-06	1.800005e+00
4.243417433596537e-06	1.800002e+00
4.245450396547888e-06	1.800001e+00
4.247741042090340e-06	1.800000e+00
4.250790313003598e-06	1.800000e+00
4.255673125503598e-06	1.800000e+00
4.260555938003598e-06	1.800000e+00
4.264165083971195e-06	1.800000e+00
4.264803918680939e-06	1.800000e+00
4.265442753390684e-06	1.800000e+00
4.266081588100429e-06	1.800000e+00
4.266720422810173e-06	1.800000e+00
4.267359257519918e-06	1.800000e+00
4.267998092229663e-06	1.800000e+00
4.268636926939407e-06	1.800000e+00
4.270595788908011e-06	1.800000e+00
4.273148524127668e-06	1.800000e+00
4.278031336627668e-06	1.800000e+00
4.282914149127668e-06	1.800000e+00
4.287796961627668e-06	1.800000e+00
4.292679774127667e-06	1.800000e+00
4.293172856841916e-06	1.800000e+00
4.293665939556165e-06	1.800000e+00
4.294159022270414e-06	1.800000e+00
4.294652104984662e-06	1.800000e+00
4.295145187698911e-06	1.800000e+00
4.295638270413159e-06	1.800000e+00
4.296131353127408e-06	1.800000e+00
4.298395612651266e-06	1.800000e+00
4.299120170666502e-06	1.800000e+00
4.300000000100000e-06	1.798446e+00
4.300002234744854e-06	1.798705e+00
4.300006704034562e-06	1.800765e+00
4.300007798137784e-06	1.800876e+00
4.300009158027910e-06	1.800476e+00
4.300011877808160e-06	1.800302e+00
4.300014818860993e-06	1.800259e+00
4.300020700966656e-06	1.800220e+00
4.300030550377720e-06	1.800162e+00
4.300041582647092e-06	1.800117e+00
4.300055571314356e-06	1.800081e+00
4.300073698627135e-06	1.800053e+00
4.300104011664385e-06	1.800027e+00
4.300157876624866e-06	1.800009e+00
4.300265606545828e-06	1.800001e+00
4.300433570239194e-06	1.800000e+00
4.300622221473634e-06	1.800000e+00
4.300866171372844e-06	1.800000e+00
4.301200331099268e-06	1.800000e+00
4.301727111451970e-06	1.800000e+00
4.302719722139260e-06	1.800000e+00
4.303717335507939e-06	1.800000e+00
4.304928059630945e-06	1.800000e+00
4.306361109989279e-06	1.800000e+00
4.307456525890540e-06	1.800000e+00
4.308588459568373e-06	1.800000e+00
4.309847845384183e-06	1.800000e+00
4.311330390323594e-06	1.800000e+00
4.311989591113233e-06	1.800000e+00
4.312489751894625e-06	1.800000e+00
4.313164314596117e-06	1.800000e+00
4.313533461608190e-06	1.800000e+00
4.313944337361959e-06	1.800000e+00
4.314382220380304e-06	1.800000e+00
4.314994696443285e-06	1.800000e+00
4.315684611250719e-06	1.800000e+00
4.316505633358370e-06	1.800000e+00
4.317508176184798e-06	1.800000e+00
4.318944438402340e-06	1.800000e+00
4.321217756755347e-06	1.800000e+00
4.324236517943358e-06	1.800000e+00
4.328080731114144e-06	1.800000e+00
4.332963543614144e-06	1.800000e+00
4.337846356114144e-06	1.800000e+00
4.342729168614144e-06	1.800000e+00
4.345223962228286e-06	1.800000e+00
4.345437511684857e-06	1.800000e+00
4.348427204076845e-06	1.800000e+00
4.350000000000001e-06	1.800000e+00
4.350004109681541e-06	1.800000e+00
4.350012329044622e-06	1.800000e+00
4.350014268801704e-06	1.800000e+00
4.350016743280169e-06	1.800000e+00
4.350020459751047e-06	1.800000e+00
4.350024366366297e-06	1.800000e+00
4.350032179596798e-06	1.800000e+00
4.350042598044886e-06	1.800000e+00
4.350062873797352e-06	1.800000e+00
4.350091518231335e-06	1.800000e+00
4.350148807099299e-06	1.800000e+00
4.350263384835229e-06	1.800000e+00
4.350392955751189e-06	1.800000e+00
4.350540948809458e-06	1.800000e+00
4.350781613960873e-06	1.800000e+00
4.351011971294481e-06	1.800000e+00
4.351216479209118e-06	1.800000e+00
4.351421626520829e-06	1.800000e+00
4.351644352311875e-06	1.800000e+00
4.351978034646096e-06	1.800000e+00
4.352296734472827e-06	1.800000e+00
4.352589227406818e-06	1.800000e+00
4.352941945275718e-06	1.800000e+00
4.353291338136521e-06	1.800000e+00
4.353623921784074e-06	1.800000e+00
4.353980372579814e-06	1.800000e+00
4.354353181505677e-06	1.800000e+00
4.354861858751255e-06	1.800000e+00
4.355332410177386e-06	1.800000e+00
4.355863245352577e-06	1.800000e+00
4.356451837797770e-06	1.800000e+00
4.357042094960510e-06	1.800000e+00
4.357787565604658e-06	1.800000e+00
4.358579361966274e-06	1.800000e+00
4.359384574908324e-06	1.800000e+00
4.360406122554451e-06	1.800000e+00
4.361430062225859e-06	1.800000e+00
4.362708058449197e-06	1.800000e+00
4.364448819798054e-06	1.800000e+00
4.366117787597474e-06	1.800000e+00
4.368664271153533e-06	1.800000e+00
4.371241484518947e-06	1.800000e+00
4.374724418689833e-06	1.800000e+00
4.379607231189833e-06	1.800000e+00
4.384490043689833e-06	1.800000e+00
4.389372856189832e-06	1.800000e+00
4.394255668689832e-06	1.800000e+00
4.399138481189832e-06	1.800000e+00
4.404021293689832e-06	1.800000e+00
4.408904106189832e-06	1.800000e+00
4.413786918689831e-06	1.800000e+00
4.418669731189831e-06	1.800000e+00
4.423552543689831e-06	1.800000e+00
4.438200981189830e-06	1.800000e+00
4.443083793689830e-06	1.800000e+00
4.445117187500001e-06	1.800000e+00
4.445933212379659e-06	1.800000e+00
4.447565262138977e-06	1.800000e+00
4.450000000000001e-06	1.800000e+00
4.450005936169801e-06	1.800000e+00
4.450017808509403e-06	1.800000e+00
4.450020754875824e-06	1.800000e+00
4.450024362939225e-06	1.800000e+00
4.450030764764772e-06	1.800000e+00
4.450043462173155e-06	1.800000e+00
4.450056674423974e-06	1.800000e+00
4.450077657633458e-06	1.800000e+00
4.450106038414761e-06	1.800000e+00
4.450162799977366e-06	1.800000e+00
4.450276323102575e-06	1.800000e+00
4.450456041462384e-06	1.800000e+00
4.450650398623896e-06	1.800000e+00
4.450847821068546e-06	1.800000e+00
4.451111874566972e-06	1.800000e+00
4.451413045136826e-06	1.800000e+00
4.451752470246847e-06	1.800000e+00
4.452248066729522e-06	1.800000e+00
4.453020991037650e-06	1.800000e+00
4.454032976757759e-06	1.800000e+00
4.455087824961479e-06	1.800000e+00
4.456550499042596e-06	1.800000e+00
4.457578299364072e-06	1.800000e+00
4.458365904703695e-06	1.800000e+00
4.459271139542211e-06	1.800000e+00
4.460231761070592e-06	1.800000e+00
4.460767480518502e-06	1.800000e+00
4.461190022163128e-06	1.800000e+00
4.461532476772359e-06	1.800000e+00
4.461941166773012e-06	1.800000e+00
4.462365200282274e-06	1.800000e+00
4.462658753837880e-06	1.800000e+00
4.463013259011472e-06	1.800000e+00
4.463418052637819e-06	1.800000e+00
4.463908072728244e-06	1.800000e+00
4.464485677268082e-06	1.800000e+00
4.465194840629152e-06	1.800000e+00
4.466081561681510e-06	1.800000e+00
4.467248142291624e-06	1.800000e+00
4.468800965904255e-06	1.800000e+00
4.470841030750900e-06	1.800000e+00
4.473322086893122e-06	1.800000e+00
4.476098153173462e-06	1.800000e+00
4.480980965673462e-06	1.800000e+00
4.485863778173462e-06	1.800000e+00
4.490746590673461e-06	1.800000e+00
4.495629403173461e-06	1.800000e+00
4.500512215673461e-06	1.800000e+00
4.505395028173461e-06	1.800000e+00
4.548965868915032e-06	1.800000e+00
4.550000000100000e-06	1.800000e+00
4.552068262469937e-06	1.800000e+00
4.556204787209809e-06	1.800000e+00
4.560000000100000e-06	1.800000e+00
4.560009536843164e-06	1.800000e+00
4.560028610329492e-06	1.800000e+00
4.560033314396230e-06	1.800000e+00
4.560038991834117e-06	1.800000e+00
4.560050346709893e-06	1.800000e+00
4.560066136990155e-06	1.800000e+00
4.560095773216766e-06	1.800000e+00
4.560155045669989e-06	1.800000e+00
4.560249372516128e-06	1.800000e+00
4.560438026208404e-06	1.800000e+00
4.560718710671983e-06	1.800000e+00
4.561280079599140e-06	1.800000e+00
4.561788517395109e-06	1.800000e+00
4.562703847183783e-06	1.800000e+00
4.563914867465592e-06	1.800000e+00
4.565320084834471e-06	1.800000e+00
4.567167903759631e-06	1.800000e+00
4.570700059890056e-06	1.800000e+00
4.574361158323870e-06	1.800000e+00
4.579243970823869e-06	1.800000e+00
4.584126783323869e-06	1.800000e+00
4.695117187500001e-06	1.800000e+00
4.700000000000001e-06	1.797972e+00
4.700009536743164e-06	1.798744e+00
4.700028610229493e-06	1.801681e+00
4.700033385736357e-06	1.800435e+00
4.700038973356031e-06	1.798995e+00
4.700046337761790e-06	1.799756e+00
4.700054152076163e-06	1.799909e+00
4.700065646097456e-06	1.799923e+00
4.700078196882048e-06	1.799989e+00
4.700096236253072e-06	1.800386e+00
4.700099193260441e-06	1.800309e+00
4.700105107275178e-06	1.799940e+00
4.700106585778863e-06	1.799942e+00
4.700109542786231e-06	1.799992e+00
4.700110282038074e-06	1.799993e+00
4.700111760541758e-06	1.799989e+00
4.700114717549127e-06	1.799988e+00
4.700115456800970e-06	1.799988e+00
4.700116935304654e-06	1.799989e+00
4.700119892312023e-06	1.799989e+00
4.700125806326761e-06	1.799991e+00
4.700137634356237e-06	1.799993e+00
4.700161290415188e-06	1.799997e+00
4.700208602533091e-06	1.800002e+00
4.700303226768898e-06	1.800007e+00
4.700423404745047e-06	1.800009e+00
4.700542548420665e-06	1.800010e+00
4.700698636956873e-06	1.800009e+00
4.700913065681255e-06	1.800009e+00
4.701284895591617e-06	1.800007e+00
4.701961544464839e-06	1.800005e+00
4.703314842211284e-06	1.800002e+00
4.704942665438172e-06	1.800002e+00
4.706468046077875e-06	1.800006e+00
4.706598769866630e-06	1.800019e+00
4.706860217444139e-06	1.799572e+00
4.707024821602152e-06	1.797377e+00
4.707049266752333e-06	1.794000e+00
4.707098157052693e-06	1.771113e+00
4.707154679492834e-06	1.717453e+00
4.707216536498157e-06	1.633604e+00
4.707291299104571e-06	1.499816e+00
4.707321271570824e-06	1.389989e+00
4.707342659224214e-06	1.213086e+00
4.707359226689427e-06	9.412620e-01
4.707379048482978e-06	4.608417e-01
4.707390335353920e-06	1.796459e-01
4.707398019190445e-06	5.942092e-02
4.707407919848821e-06	8.660359e-03
4.707414977569271e-06	2.014699e-03
4.707424952501860e-06	1.467175e-03
4.707438846887048e-06	9.201135e-04
4.707466635657425e-06	5.172776e-04
4.707501252348121e-06	3.423370e-04
4.707538007397572e-06	2.661732e-04
4.707598531488870e-06	2.011139e-04
4.707701188124034e-06	1.372428e-04
4.707809721475394e-06	6.288047e-05
4.707890991136101e-06	8.939363e-06
4.707976874446787e-06	-1.211718e-05
4.708043367717634e-06	-1.084570e-05
4.708124182003382e-06	-9.983179e-06
4.708285810574876e-06	-8.030975e-06
4.708609067717866e-06	-5.213325e-06
4.709040154767920e-06	-2.820578e-06
4.709487844070786e-06	-1.521079e-06
4.709945383141878e-06	-5.913649e-06
4.709992482313119e-06	-4.501373e-06
4.710086680655598e-06	-5.913926e-07
4.710110230241218e-06	-5.786942e-07
4.710157329412458e-06	-5.800994e-07
4.710198541187293e-06	-5.486437e-07
4.710229660282577e-06	-5.263494e-07
4.710260779377860e-06	-5.050296e-07
4.710291898473144e-06	-4.846843e-07
4.710323017568427e-06	-4.653135e-07
4.710354136663711e-06	-4.469172e-07
4.710385255758994e-06	-4.294954e-07
4.710416374854278e-06	-4.130481e-07
4.710604771539237e-06	-3.270904e-07
4.710981564909157e-06	-2.029050e-07
4.711428525498218e-06	-1.121103e-07
4.712125020692179e-06	-4.373350e-08
4.713300975403879e-06	-2.652832e-09
4.715652884827279e-06	1.309347e-08
4.718926290182443e-06	1.111675e-08
4.723809102682443e-06	4.418566e-09
4.728691915182443e-06	1.384453e-09
4.733574727682443e-06	9.997253e-10
4.743340352682442e-06	9.970695e-10
4.795117187600001e-06	1.005353e-09
4.800000000100000e-06	-1.511957e-05
4.800014320063700e-06	-3.078731e-06
4.800042959991099e-06	3.573116e-06
4.800049885549699e-06	-1.012376e-05
4.800058614845135e-06	-1.356931e-05
4.800076073436007e-06	7.833301e-07
4.800098233111485e-06	-1.354728e-06
4.800142552462442e-06	1.151736e-08
4.800185555537370e-06	-3.689005e-07
4.800254233261720e-06	1.531644e-08
4.800322193526938e-06	-2.218445e-07
4.800443293341228e-06	6.966889e-08
4.800604906566404e-06	-6.504921e-08
4.800851312687768e-06	1.400367e-08
4.801124811509676e-06	-2.857866e-08
4.801501674579630e-06	3.091673e-08
4.802121364667224e-06	4.475830e-09
4.802695061646849e-06	1.990857e-08
4.803628174432372e-06	-5.023847e-09
4.804798214686468e-06	1.089920e-08
4.806803701206668e-06	-2.388184e-10
4.809014789663198e-06	3.562516e-09
4.811784173559987e-06	3.379912e-10
4.814766145941920e-06	3.179277e-09
4.818647489256703e-06	-3.942175e-10
4.823530301756703e-06	1.053422e-09
4.828413114256703e-06	1.047283e-09
4.838178739256702e-06	1.047056e-09
4.843061551756702e-06	-6.575263e-09
4.845117187500001e-06	2.285677e-08
4.845888728513403e-06	1.854808e-08
4.847431810540207e-06	-5.898178e-09
4.850000000000001e-06	-5.740515e-06
4.850007090728972e-06	-3.921314e-06
4.850021272186914e-06	3.328007e-07
4.850024722487108e-06	2.396064e-07
4.850028978786245e-06	-3.094321e-08
4.850037416896052e-06	3.490624e-09
4.850047804384264e-06	-7.409097e-10
4.850068489226767e-06	1.319813e-09
4.850095086337983e-06	7.546998e-10
4.850137545794633e-06	1.106840e-09
4.850194123372943e-06	9.182907e-10
4.850285822333092e-06	1.048046e-09
4.850418359475374e-06	9.755298e-10
4.850621934846338e-06	1.022178e-09
4.850917187976796e-06	9.973751e-10
4.851289845650261e-06	1.014158e-09
4.851843620573811e-06	1.004739e-09
4.852401787509061e-06	1.006133e-09
4.852991145250482e-06	1.005380e-09
4.853571382636233e-06	1.006395e-09
4.854190983437133e-06	1.003745e-09
4.854869078174118e-06	1.005843e-09
4.855580190896518e-06	1.002626e-09
4.856444724632221e-06	1.004295e-09
4.857246899044123e-06	1.002888e-09
4.858232782880238e-06	1.005647e-09
4.859269005172256e-06	1.002781e-09
4.860659335883523e-06	1.005462e-09
4.862117650607583e-06	1.004111e-09
4.863849118133858e-06	1.006317e-09
4.866056380463340e-06	1.004135e-09
4.868941348613162e-06	1.005644e-09
4.872354947098846e-06	1.004525e-09
4.876750022324485e-06	1.005351e-09
4.881632834824485e-06	1.005137e-09
4.886515647324485e-06	1.005139e-09
4.891398459824485e-06	1.005137e-09
4.896281272324485e-06	1.005139e-09
4.901164084824484e-06	1.005137e-09
4.906046897324484e-06	1.005139e-09
4.910929709824484e-06	1.005137e-09
4.915812522324484e-06	1.005139e-09
4.920695334824484e-06	1.005137e-09
4.925578147324483e-06	1.005139e-09
4.930460959824483e-06	1.005137e-09
4.935343772324483e-06	1.005139e-09
4.940226584824483e-06	1.005137e-09
4.945109397324483e-06	1.307613e-10
4.945117187500001e-06	5.025748e-10
4.945132767851038e-06	1.136793e-09
4.945163928553112e-06	9.568349e-10
4.945226249957259e-06	1.025868e-09
4.945350892765555e-06	9.955323e-10
4.945600178382145e-06	1.009763e-09
4.946098749615326e-06	1.002870e-09
4.947095892081687e-06	1.004930e-09
4.948005715067278e-06	1.015239e-09
4.948180354028820e-06	1.011441e-09
4.948529631951906e-06	1.002071e-09
4.949228187798076e-06	1.005434e-09
4.950000000000001e-06	1.534100e-09
4.950002259260504e-06	1.394128e-09
4.950006777781510e-06	9.803734e-10
4.950007871822679e-06	9.617559e-10
4.950009259173226e-06	9.822120e-10
4.950012033874321e-06	9.895031e-10
4.950017583276511e-06	9.857865e-10
4.950025990997482e-06	9.817940e-10
4.950035568399387e-06	9.846144e-10
4.950048459460100e-06	9.930299e-10
4.950065408515711e-06	1.002343e-09
4.950090109302729e-06	1.009047e-09
4.950120625598117e-06	1.010843e-09
4.950162085054183e-06	1.009808e-09
4.950215266086544e-06	1.008220e-09
4.950291718823175e-06	1.006849e-09
4.950396561883701e-06	1.005975e-09
4.950578826585651e-06	1.005411e-09
4.950804594268277e-06	1.005174e-09
4.951109386610362e-06	1.005067e-09
4.951601235644239e-06	1.005025e-09
4.952187951210039e-06	1.005055e-09
4.952882849792798e-06	1.005102e-09
4.953583330735015e-06	1.005136e-09
4.954619261198108e-06	1.005158e-09
4.955768972153757e-06	1.005148e-09
4.956852942205862e-06	1.005135e-09
4.958218355160098e-06	1.005135e-09
4.959596477791097e-06	1.005139e-09
4.961051141676022e-06	1.005139e-09
4.963906767598262e-06	1.005138e-09
4.966562416331078e-06	1.005138e-09
4.971445228831078e-06	1.005138e-09
4.976328041331078e-06	1.005138e-09
4.981210853831078e-06	1.005138e-09
4.986093666331077e-06	1.005138e-09
4.990976478831077e-06	1.005138e-09
4.995117187500001e-06	1.005138e-09
5.000000000000000e-06	1.005138e-09
