time	V(comp_out)
0.000000000000000e+00	1.005148e-09
1.999999967550318e-17	1.005150e-09
2.775798374381898e-17	1.005151e-09
4.327395188045057e-17	1.005152e-09
7.430588815371377e-17	1.005155e-09
1.000000000000000e-16	1.005158e-09
1.019173807121767e-16	1.005158e-09
1.437098979613190e-13	1.018240e-09
2.873178785419259e-13	1.029902e-09
4.309258591225327e-13	1.040147e-09
5.745338397031397e-13	1.048972e-09
7.181418202837466e-13	1.056379e-09
8.617498008643534e-13	1.062368e-09
1.005357781444960e-12	1.066938e-09
2.010617480270632e-12	1.092939e-09
2.261932404977050e-12	1.095732e-09
2.764562254389886e-12	1.095876e-09
3.769821953215558e-12	1.091176e-09
5.780341350866902e-12	1.075765e-09
9.801380146169590e-12	1.048434e-09
1.784345773677497e-11	1.018702e-09
3.391089264299851e-11	9.989973e-10
5.193258410966800e-11	9.956204e-10
8.055797123597400e-11	9.979165e-10
1.126103152135964e-10	1.000348e-09
1.592524449384017e-10	1.002658e-09
2.122393301327324e-10	1.003995e-09
2.974577652342065e-10	1.004792e-09
4.131659316743356e-10	1.005083e-09
6.264294703911336e-10	1.005146e-09
8.547295443214207e-10	1.005148e-09
1.117725773870553e-09	1.005148e-09
1.440451266103081e-09	1.005148e-09
1.996562250297208e-09	1.005148e-09
2.786517755524820e-09	1.005132e-09
2.888441136369232e-09	1.005136e-09
3.092287898058055e-09	1.005148e-09
3.143249588480261e-09	1.005148e-09
3.245172969324673e-09	1.005148e-09
3.270653814535776e-09	1.005148e-09
3.277024025838551e-09	1.005148e-09
3.289764448444103e-09	1.005148e-09
3.315245293655206e-09	1.005148e-09
3.366206984077411e-09	1.005148e-09
3.468130364921823e-09	1.005148e-09
3.671977126610647e-09	1.005148e-09
4.038312400535356e-09	1.005148e-09
4.770982948384775e-09	1.005148e-09
5.540473087340649e-09	1.005148e-09
6.385298199718203e-09	1.005148e-09
7.127893887142935e-09	1.005148e-09
8.215248261138384e-09	1.005148e-09
9.317699886403367e-09	1.005148e-09
1.081452020234742e-08	1.005148e-09
1.089653605657755e-08	1.005148e-09
1.106056776503779e-08	1.005148e-09
1.110157569215285e-08	1.005148e-09
1.118359154638297e-08	1.005148e-09
1.120409550994050e-08	1.005148e-09
1.125535541883433e-08	1.005148e-09
1.128098537328124e-08	1.005148e-09
1.131686730950692e-08	1.005148e-09
1.132711929128569e-08	1.005148e-09
1.134762325484322e-08	1.005148e-09
1.138863118195828e-08	1.005148e-09
1.147064703618840e-08	1.005148e-09
1.163467874464864e-08	1.005148e-09
1.196274216156914e-08	1.005148e-09
1.250427024929825e-08	1.005148e-09
1.318768538817020e-08	1.005148e-09
1.449946618986533e-08	1.005148e-09
1.674924383115573e-08	1.005148e-09
1.917700297272944e-08	1.005148e-09
2.204511222462888e-08	1.005148e-09
2.544833266147110e-08	1.005148e-09
2.894519721292852e-08	1.005148e-09
3.279041722777977e-08	1.005148e-09
3.767322972777977e-08	1.005148e-09
4.255604222777977e-08	1.005148e-09
4.743885472777977e-08	1.005148e-09
5.232166722777977e-08	1.005148e-09
5.720447972777977e-08	1.005148e-09
6.208729222777976e-08	1.005148e-09
6.697010472777976e-08	1.005148e-09
7.185291722777976e-08	1.005148e-09
7.673572972777976e-08	1.005148e-09
8.161854222777976e-08	1.005148e-09
9.138416722777976e-08	1.005148e-09
9.511718760000000e-08	1.005148e-09
1.000000001000000e-07	1.005148e-09
1.000000001100000e-07	1.005148e-09
1.000000001300000e-07	1.005148e-09
1.000000001700000e-07	1.005148e-09
1.000000002000000e-07	1.005148e-09
1.000000002010000e-07	1.005148e-09
1.010000002030000e-07	1.108024e-09
1.020000002030000e-07	1.119493e-09
1.080000002030000e-07	1.005146e-09
2.000000000000000e-07	1.005227e-09
2.000000000010000e-07	5.620436e-08
2.000000000030000e-07	2.084513e-07
2.000000000040000e-07	1.985415e-06
2.000000003880000e-07	1.114662e-03
2.000000005800000e-07	1.337247e-03
2.000000145685696e-07	1.302857e-03
2.000000285571393e-07	1.269358e-03
2.000000425457089e-07	1.236751e-03
2.000000565342786e-07	1.205036e-03
2.000000705228482e-07	1.174213e-03
2.000000845114179e-07	1.144282e-03
2.000000984999876e-07	1.115243e-03
2.000001968039751e-07	9.309932e-04
2.000003934119503e-07	6.483319e-04
2.000007866279005e-07	2.993329e-04
2.000015730598010e-07	1.165749e-06
2.000031459236020e-07	-1.210660e-04
2.000062916512040e-07	-8.112117e-05
2.000113942670664e-07	-2.175068e-05
2.000215994987911e-07	1.643589e-06
2.000420099622404e-07	1.958512e-06
2.000828308891392e-07	2.421826e-07
2.001497336744055e-07	6.688227e-08
2.002514439751932e-07	1.755635e-08
2.004548645767688e-07	-6.576710e-09
2.007370976047756e-07	-1.197681e-07
2.011981424685755e-07	-3.031177e-07
2.018569713712620e-07	-6.219998e-07
2.030791256975296e-07	-1.852780e-06
2.046892284566449e-07	-9.758787e-06
2.053238824481469e-07	-1.942814e-05
2.061154659459118e-07	-3.721430e-05
2.066178979186265e-07	1.143461e-05
2.072008515069594e-07	1.437450e-02
2.078639729569621e-07	6.566853e-02
2.078951703930810e-07	7.566491e-02
2.079575652653188e-07	1.217280e-01
2.080253177369663e-07	2.010525e-01
2.080390621979858e-07	2.276811e-01
2.080665511200250e-07	3.060651e-01
2.081112812269470e-07	4.610525e-01
2.081302065117413e-07	5.339312e-01
2.081349378329399e-07	5.532585e-01
2.081444004753370e-07	5.966544e-01
2.081633257601313e-07	6.976182e-01
2.081667013513486e-07	7.202561e-01
2.081734525337833e-07	7.816421e-01
2.081850552533499e-07	9.263777e-01
2.081929049506279e-07	1.068260e+00
2.081982198291262e-07	1.206335e+00
2.082028951548639e-07	1.368049e+00
2.082093169130890e-07	1.620532e+00
2.082119259142838e-07	1.706612e+00
2.082145492489234e-07	1.756561e+00
2.082175283977595e-07	1.780641e+00
2.082210373690340e-07	1.791093e+00
2.082244887182017e-07	1.795231e+00
2.082301159350294e-07	1.798131e+00
2.082367553114693e-07	1.799224e+00
2.082442352081280e-07	1.799462e+00
2.082548492192747e-07	1.799720e+00
2.082707755535625e-07	1.800022e+00
2.082922780150805e-07	1.800165e+00
2.083220594227209e-07	1.800180e+00
2.083724546773100e-07	1.800175e+00
2.084732451864883e-07	1.800158e+00
2.086740703988805e-07	1.800131e+00
2.090757208236649e-07	1.800078e+00
2.091407935713362e-07	1.800081e+00
2.091570617582541e-07	1.800082e+00
2.091895981320898e-07	1.800080e+00
2.092180674591960e-07	1.800078e+00
2.092750061134084e-07	1.800074e+00
2.093400788610798e-07	1.800071e+00
2.094702243564225e-07	1.800064e+00
2.097305153471079e-07	1.800053e+00
2.101616183665523e-07	1.800039e+00
2.105834028751065e-07	1.800030e+00
2.113189616187634e-07	1.800019e+00
2.126821353033760e-07	1.800009e+00
2.140103433587882e-07	1.800004e+00
2.158756608570651e-07	1.800002e+00
2.179967537031916e-07	1.800000e+00
2.199962780712642e-07	1.800000e+00
2.226777710598292e-07	1.800000e+00
2.266131060360806e-07	1.800000e+00
2.314959185360806e-07	1.800000e+00
2.363787310360806e-07	1.800000e+00
2.412615435360807e-07	1.800000e+00
2.448581588371494e-07	1.800000e+00
2.454685103996494e-07	1.800000e+00
2.461006602322387e-07	1.800000e+00
2.467328100648279e-07	1.800000e+00
2.473649598974172e-07	1.800000e+00
2.479971097300065e-07	1.800000e+00
2.486292595625958e-07	1.800000e+00
2.492614093951850e-07	1.800000e+00
2.498935592277743e-07	1.800000e+00
2.518463114328727e-07	1.800000e+00
2.540802037423407e-07	1.800000e+00
2.585479883612769e-07	1.800000e+00
2.634308008612769e-07	1.800001e+00
2.683136133612769e-07	1.800000e+00
2.731964258612769e-07	1.800000e+00
2.780792383612769e-07	1.800000e+00
2.829620508612769e-07	1.800000e+00
2.878448633612769e-07	1.800000e+00
2.927276758612770e-07	1.800000e+00
2.954285546676618e-07	1.800000e+00
2.966740229383090e-07	1.800000e+00
2.983346472991720e-07	1.800000e+00
3.000000001000000e-07	1.799066e+00
3.000042228608970e-07	1.799320e+00
3.000126683826909e-07	1.800681e+00
3.000147417036570e-07	1.800592e+00
3.000172926828276e-07	1.800217e+00
3.000214526602750e-07	1.800191e+00
3.000258587299814e-07	1.800169e+00
3.000346708693942e-07	1.800132e+00
3.000444210041589e-07	1.800100e+00
3.000583687211389e-07	1.800067e+00
3.000740165634331e-07	1.800043e+00
3.001013461875005e-07	1.800022e+00
3.001428226911702e-07	1.800009e+00
3.002257756985095e-07	1.800002e+00
3.003916817131880e-07	1.800000e+00
3.006722425366142e-07	1.800000e+00
3.009805062250437e-07	1.800000e+00
3.013102225138451e-07	1.800000e+00
3.017141486247884e-07	1.800000e+00
3.022015675509308e-07	1.800000e+00
3.029164739537815e-07	1.800000e+00
3.037316338116622e-07	1.800000e+00
3.046703581112297e-07	1.800000e+00
3.056501763516929e-07	1.800000e+00
3.069665620505031e-07	1.800000e+00
3.082986131248956e-07	1.800000e+00
3.095494111002340e-07	1.800000e+00
3.113028308936609e-07	1.800000e+00
3.134272803269225e-07	1.800000e+00
3.160476446093256e-07	1.800000e+00
3.181892415978072e-07	1.800000e+00
3.206684366006289e-07	1.800000e+00
3.221802993216897e-07	1.800000e+00
3.235786695609324e-07	1.800000e+00
3.250932780479490e-07	1.800000e+00
3.261207232058839e-07	1.800000e+00
3.268494577479383e-07	1.800000e+00
3.275028226474869e-07	1.800000e+00
3.282923455166469e-07	1.800000e+00
3.287873993888920e-07	1.800000e+00
3.293201738329160e-07	1.800000e+00
3.299186793976002e-07	1.800000e+00
3.307392919782519e-07	1.800000e+00
3.316021735071238e-07	1.800000e+00
3.325152561834293e-07	1.800000e+00
3.336745881850452e-07	1.800000e+00
3.350752033815455e-07	1.800000e+00
3.374668433399655e-07	1.800000e+00
3.399465455008086e-07	1.800000e+00
3.435949358408776e-07	1.800000e+00
3.454351610116097e-07	1.800000e+00
3.480883269523883e-07	1.800000e+00
3.500000000000000e-07	1.800000e+00
3.500000000100001e-07	1.800000e+00
3.510000001900001e-07	1.800000e+00
3.520000001900001e-07	1.800000e+00
3.530000001900001e-07	1.800000e+00
3.540000001900002e-07	1.800000e+00
3.556192326816677e-07	1.800000e+00
3.572623673110731e-07	1.800000e+00
3.597314847351819e-07	1.800000e+00
3.624763207853738e-07	1.800000e+00
3.667059513541575e-07	1.800000e+00
3.715887638541575e-07	1.800000e+00
3.764715763541575e-07	1.800000e+00
4.500000000000000e-07	1.800000e+00
4.500000000100001e-07	1.800000e+00
4.500000000300000e-07	1.800000e+00
4.500000000350000e-07	1.800000e+00
4.500000000450000e-07	1.800000e+00
4.500000000475001e-07	1.800000e+00
4.500000001590625e-07	1.800000e+00
4.510000001590626e-07	1.800000e+00
4.520000001590626e-07	1.800000e+00
4.530000001590626e-07	1.800000e+00
4.540000001590626e-07	1.800000e+00
4.541698603827027e-07	1.800000e+00
4.545095808299827e-07	1.800000e+00
4.551890217245428e-07	1.800000e+00
4.565479035136630e-07	1.800000e+00
4.574207589186689e-07	1.800000e+00
4.581789703754605e-07	1.800000e+00
4.589588648865024e-07	1.800000e+00
4.597378224260669e-07	1.800000e+00
4.606446821004393e-07	1.800000e+00
4.616046216885272e-07	1.800000e+00
4.621345842394211e-07	1.800000e+00
4.625858905051932e-07	1.800000e+00
4.629492895763951e-07	1.800000e+00
4.633499478092259e-07	1.800000e+00
4.637757923753068e-07	1.800000e+00
4.640622607441203e-07	1.800000e+00
4.644287901071719e-07	1.800000e+00
4.648069756267227e-07	1.800000e+00
4.652695522111582e-07	1.800000e+00
4.658464929991850e-07	1.800000e+00
4.665240495681356e-07	1.800000e+00
4.673610309353634e-07	1.800000e+00
4.684380097205699e-07	1.800000e+00
4.699108284851358e-07	1.800000e+00
4.716552032778821e-07	1.800000e+00
4.739578848902383e-07	1.800000e+00
4.763766352882978e-07	1.800000e+00
4.812141360844167e-07	1.800000e+00
4.860969485844167e-07	1.800000e+00
4.909797610844167e-07	1.800000e+00
4.958625735844167e-07	1.800000e+00
5.007453860844167e-07	1.800000e+00
5.056281985844167e-07	1.800000e+00
5.153938235844167e-07	1.800000e+00
5.476761216934997e-07	1.800000e+00
5.500000001000001e-07	1.800000e+00
5.505804847036051e-07	1.800000e+00
5.508422559954266e-07	1.800000e+00
5.510265559710828e-07	1.800000e+00
5.512446901988937e-07	1.800000e+00
5.516809586545156e-07	1.800000e+00
5.525534955657593e-07	1.800000e+00
5.540421432012721e-07	1.800000e+00
5.561338095375117e-07	1.800000e+00
5.600000001000000e-07	1.800000e+00
5.600075516110674e-07	1.800000e+00
5.600226546332021e-07	1.800000e+00
5.600264407237625e-07	1.800000e+00
5.600309394145763e-07	1.800000e+00
5.600399367962038e-07	1.800000e+00
5.600543910895327e-07	1.800000e+00
5.600767042682955e-07	1.800000e+00
5.601191732677965e-07	1.800000e+00
5.601827012111660e-07	1.800000e+00
5.603097570979050e-07	1.800000e+00
5.605638688713830e-07	1.800000e+00
5.609840725712295e-07	1.800000e+00
5.617958554310351e-07	1.800000e+00
5.632578606896813e-07	1.800000e+00
5.647009512207023e-07	1.800000e+00
5.669352266202117e-07	1.800000e+00
5.701325198565989e-07	1.800000e+00
5.748822227561507e-07	1.800000e+00
5.895306602561508e-07	1.800000e+00
6.951171875000001e-07	1.800000e+00
7.000000000000001e-07	1.790256e+00
7.000011920928955e-07	1.788339e+00
7.000035762786866e-07	1.792703e+00
7.000041690353952e-07	1.798572e+00
7.000048898388963e-07	1.804130e+00
7.000061784110343e-07	1.805515e+00
7.000073739001653e-07	1.804748e+00
7.000097648784274e-07	1.802898e+00
7.000139562838021e-07	1.801043e+00
7.000208111453545e-07	1.799791e+00
7.000283494135474e-07	1.799449e+00
7.000400699400909e-07	1.799521e+00
7.000559341615522e-07	1.799768e+00
7.000725020421839e-07	1.799994e+00
7.000888456959076e-07	1.800135e+00
7.001104249213490e-07	1.800252e+00
7.001128627420923e-07	1.800259e+00
7.001134721972781e-07	1.800259e+00
7.001146911076497e-07	1.800258e+00
7.001171289283931e-07	1.800255e+00
7.001177383835789e-07	1.800254e+00
7.001189572939505e-07	1.800253e+00
7.001213951146938e-07	1.800251e+00
7.001262707561805e-07	1.800251e+00
7.001360220391538e-07	1.800238e+00
7.001555246051002e-07	1.799629e+00
7.001945297369931e-07	1.794987e+00
7.002146149151394e-07	1.785281e+00
7.002428524845925e-07	1.750527e+00
7.002582645348374e-07	1.705991e+00
7.002725188618228e-07	1.617655e+00
7.002924633507268e-07	1.403664e+00
7.003065245523607e-07	1.154409e+00
7.003171376855193e-07	8.537065e-01
7.003255829324682e-07	5.340530e-01
7.003333058327891e-07	2.409143e-01
7.003391702313443e-07	9.145414e-02
7.003459680241797e-07	1.964116e-02
7.003520843360393e-07	3.450579e-03
7.003593630711069e-07	1.184965e-03
7.003678192644762e-07	7.662916e-04
7.003847316512150e-07	5.550893e-04
7.004171939312844e-07	3.761852e-04
7.004649502801195e-07	2.727660e-04
7.005318385117845e-07	1.982726e-04
7.006054257237407e-07	1.561254e-04
7.006967229215359e-07	1.006203e-04
7.007584245867151e-07	5.134854e-05
7.008458122748332e-07	-4.082940e-06
7.009114297839063e-07	-1.210275e-05
7.009904466560774e-07	-8.668795e-06
7.010724751048614e-07	-7.915960e-06
7.012365320024292e-07	-6.217611e-06
7.015044964924113e-07	-4.227467e-06
7.018762494076822e-07	-2.568732e-06
7.022710029108022e-07	-1.541520e-06
7.027579905846275e-07	-8.813976e-07
7.033809337543045e-07	-4.149097e-07
7.041883956626083e-07	-1.823300e-07
7.051991712094275e-07	-2.478871e-05
7.053763944961504e-07	-1.942396e-05
7.057308410695962e-07	1.820498e-08
7.058194527129576e-07	1.402232e-08
7.059966759996805e-07	-1.235297e-08
7.063068167514455e-07	-8.490919e-09
7.066612633248913e-07	-4.776820e-09
7.073701564717829e-07	5.724511e-11
7.086363314269311e-07	4.480459e-09
7.101617328331847e-07	6.612149e-09
7.132125356456917e-07	8.031744e-09
7.180953481456917e-07	8.860850e-09
7.229781606456917e-07	8.368395e-09
7.278609731456917e-07	6.553903e-09
7.327437856456917e-07	4.455929e-09
7.376265981456917e-07	3.029582e-09
7.425094106456918e-07	2.243848e-09
7.473922231456918e-07	1.792338e-09
7.522750356456918e-07	1.515865e-09
7.571578481456918e-07	1.338104e-09
7.620406606456918e-07	1.223261e-09
7.669234731456918e-07	1.147937e-09
7.718062856456918e-07	1.098860e-09
7.766890981456918e-07	1.066566e-09
7.815719106456919e-07	1.045480e-09
7.864547231456919e-07	1.031589e-09
7.951171876000000e-07	1.017518e-09
8.000000001000000e-07	-2.935110e-05
8.000095368431641e-07	-8.589095e-06
8.000286103294922e-07	2.840119e-05
8.000333970983627e-07	1.306551e-06
8.000391316559932e-07	-1.993339e-05
8.000506007712540e-07	-7.012043e-07
8.000735390017757e-07	-8.944710e-07
8.001194154628190e-07	3.639827e-08
8.001742756731981e-07	-8.260530e-08
8.002432371087492e-07	4.957917e-08
8.003253163218580e-07	-7.831885e-08
8.004565920306206e-07	5.772537e-08
8.006997624801937e-07	-8.310738e-09
8.009820328572120e-07	4.848229e-09
8.012833069223919e-07	-1.559252e-08
8.017341472794057e-07	5.232142e-09
8.022492902245811e-07	-3.339827e-09
8.028558968281481e-07	5.559419e-09
8.036034116181961e-07	-5.015090e-09
8.046931497566132e-07	5.221389e-09
8.062993395618109e-07	-3.107322e-10
8.081881750841486e-07	2.120845e-09
8.104021414842883e-07	-4.695366e-10
8.132899522243952e-07	2.309059e-09
8.172212668487857e-07	3.208762e-10
8.221040793487857e-07	1.018407e-09
8.269868918487857e-07	1.015337e-09
8.451171875000001e-07	-1.311889e-10
8.500000000000001e-07	-2.898815e-06
8.500095367431641e-07	-1.962154e-06
8.500286102294923e-07	1.241847e-07
8.500333862587229e-07	7.549351e-08
8.500390666052678e-07	-2.386237e-08
8.500496107072969e-07	4.207564e-09
8.500626830271642e-07	-1.640989e-09
8.500888276668988e-07	1.701162e-09
8.501296410076143e-07	6.627847e-10
8.501913600687100e-07	1.185186e-09
8.502797033793924e-07	8.522478e-10
8.504310890390377e-07	1.069183e-09
8.506505838852515e-07	9.622253e-10
8.509711608929796e-07	1.031311e-09
8.514213517127939e-07	9.939116e-10
8.519653878612870e-07	1.010422e-09
8.525695272391665e-07	1.009920e-09
8.531142806650454e-07	1.013248e-09
8.537597127206404e-07	1.003599e-09
8.544273523740798e-07	1.010546e-09
8.551951777963072e-07	1.003714e-09
8.559923589209951e-07	1.012896e-09
8.570278904312242e-07	1.003885e-09
8.581143497324166e-07	1.009545e-09
8.594386414018171e-07	9.997365e-10
8.612556512098078e-07	1.004806e-09
8.630290448404182e-07	9.999064e-10
8.657790963216605e-07	1.005072e-09
8.685075348072668e-07	1.002440e-09
8.723126118161744e-07	1.006645e-09
8.771954243161744e-07	1.005135e-09
8.820782368161744e-07	1.005141e-09
8.869610493161744e-07	1.005135e-09
8.918438618161744e-07	1.005141e-09
8.967266743161744e-07	1.005135e-09
9.016094868161745e-07	1.005141e-09
9.064922993161745e-07	1.005135e-09
9.113751118161745e-07	1.005141e-09
9.162579243161745e-07	1.005135e-09
9.211407368161745e-07	1.005141e-09
9.246284600304603e-07	1.005063e-09
9.281161832447459e-07	1.005034e-09
9.316039064590317e-07	1.005056e-09
9.350916296733174e-07	1.005129e-09
9.385793528876031e-07	1.005252e-09
9.420670761018888e-07	1.005425e-09
9.455547993161746e-07	1.005648e-09
9.500000000000001e-07	-4.132254e-09
9.500132287078793e-07	-2.459270e-09
9.500396861236377e-07	1.150758e-09
9.500460775013480e-07	1.083527e-09
9.500542093069294e-07	9.643868e-10
9.500675291967854e-07	1.011123e-09
9.500837201007908e-07	9.987999e-10
9.501161019088016e-07	1.010005e-09
9.501808655248232e-07	1.007087e-09
9.502425272949737e-07	1.007475e-09
9.503527614575888e-07	1.005348e-09
9.505191933383442e-07	1.005536e-09
9.507489727354403e-07	1.005106e-09
9.509965981392205e-07	1.005238e-09
9.513456396382721e-07	1.004942e-09
9.519323179233940e-07	1.005125e-09
9.526720875517205e-07	1.005102e-09
9.534736805072269e-07	1.005175e-09
9.545218203546056e-07	1.005137e-09
9.557319166269121e-07	1.005145e-09
9.570005196797975e-07	1.005121e-09
9.584894967087373e-07	1.005145e-09
9.601404097961755e-07	1.005125e-09
9.622199059882782e-07	1.005164e-09
9.663669495473176e-07	1.005136e-09
9.707953250281674e-07	1.005140e-09
9.756781375281674e-07	1.005138e-09
9.805609500281674e-07	1.005138e-09
9.854437625281675e-07	1.005138e-09
9.903265750281675e-07	1.005138e-09
9.952093875281675e-07	1.005138e-09
1.000092200028167e-06	1.005138e-09
1.047276537743665e-06	1.005128e-09
1.050000000100000e-06	1.005155e-09
1.054882812600000e-06	1.005568e-09
1.055117187600000e-06	1.005365e-09
1.055585937600000e-06	1.005027e-09
1.056523437599999e-06	1.005183e-09
1.058125000100001e-06	1.005129e-09
1.060000000100000e-06	8.671653e-10
1.060005213957002e-06	8.721241e-10
1.060015641671005e-06	1.042644e-09
1.060018182239412e-06	1.124715e-09
1.060021314827435e-06	1.168127e-09
1.060027580003480e-06	1.118396e-09
1.060034984138972e-06	1.066167e-09
1.060049792409957e-06	1.023586e-09
1.060079408951925e-06	1.003815e-09
1.060113515518873e-06	1.003531e-09
1.060181728652768e-06	1.004871e-09
1.060318154920560e-06	1.005048e-09
1.060591007456142e-06	1.005121e-09
1.060985477124150e-06	1.005141e-09
1.061721815580662e-06	1.005134e-09
1.062923275100975e-06	1.005135e-09
1.064232896431151e-06	1.005136e-09
1.066051676685917e-06	1.005137e-09
1.068241069462990e-06	1.005137e-09
1.071714058428729e-06	1.005138e-09
1.076427119106141e-06	1.005138e-09
1.091075556606141e-06	1.005138e-09
1.188731806606141e-06	1.005138e-09
1.193614619106141e-06	1.005139e-09
1.196994863212282e-06	1.005138e-09
1.200000000000000e-06	2.402328e-05
1.200008872697724e-06	1.644592e-05
1.200026618093171e-06	1.308547e-05
1.200030907458385e-06	2.129673e-05
1.200036343125833e-06	1.996304e-05
1.200047214460728e-06	4.691461e-06
1.200066949010522e-06	4.751119e-06
1.200106418110110e-06	1.351493e-06
1.200164124885013e-06	2.023442e-07
1.200237197532340e-06	-6.609476e-07
1.200332831185612e-06	-7.146449e-07
1.200465616661622e-06	-7.941412e-07
1.200672781446953e-06	-5.275914e-07
1.201085162325362e-06	-3.784868e-07
1.201782770654910e-06	-1.393702e-07
1.202879479823584e-06	-2.662368e-08
1.204095281487745e-06	1.093303e-08
1.205875855583722e-06	-4.110037e-09
1.208408029014096e-06	-3.930516e-09
1.213290841514096e-06	-9.116320e-09
1.218173654014096e-06	-6.835307e-09
1.223056466514096e-06	-4.790309e-09
1.227939279014096e-06	-3.275545e-09
1.232822091514096e-06	-2.133220e-09
1.237704904014096e-06	-1.315584e-09
1.242587716514096e-06	-7.244125e-10
1.247470529014096e-06	-3.092282e-10
1.252353341514096e-06	-1.591616e-11
1.257236154014096e-06	1.900844e-10
1.262118966514096e-06	3.310561e-10
1.267001779014096e-06	4.315552e-10
1.271884591514096e-06	4.984031e-10
1.276767404014096e-06	5.479706e-10
1.281650216514096e-06	5.779839e-10
1.286533029014096e-06	6.034497e-10
1.291415841514096e-06	2.047245e-09
1.295117187600000e-06	2.058225e-09
1.300000000100000e-06	-2.083779e-05
1.300009536843164e-06	-2.925119e-06
1.300028610329492e-06	2.807063e-05
1.300033397306648e-06	1.186207e-06
1.300039126506564e-06	-1.977771e-05
1.300050584906395e-06	-7.676392e-07
1.300071551100377e-06	-9.528937e-07
1.300113483488340e-06	-1.818382e-08
1.300157353189299e-06	-1.218548e-07
1.300215805800657e-06	2.825777e-08
1.300277788834665e-06	-9.057686e-08
1.300373477365543e-06	3.786600e-08
1.300497787477387e-06	-5.438308e-08
1.300746407701076e-06	9.101416e-09
1.301037040767147e-06	-4.392464e-09
1.301365200114815e-06	1.360274e-08
1.301848561568869e-06	-4.250334e-09
1.302452271367351e-06	5.682067e-09
1.303230448043662e-06	-3.654758e-09
1.304331300618719e-06	4.628319e-09
1.305958782700099e-06	-8.314787e-10
1.308115036130956e-06	2.169233e-09
1.310823583798803e-06	7.249661e-10
1.313716319340543e-06	2.029641e-09
1.317531865760815e-06	3.196497e-10
1.322414678260815e-06	1.015337e-09
1.327297490760815e-06	1.012722e-09
1.341945928260815e-06	-3.126761e-10
1.345117187500000e-06	-3.152723e-10
1.350000000000000e-06	-2.497880e-06
1.350009536743164e-06	-1.690845e-06
1.350028610229492e-06	1.071831e-07
1.350033383383641e-06	6.493879e-08
1.350039025527524e-06	-1.958173e-08
1.350048810040390e-06	4.138673e-09
1.350061299393528e-06	-1.079694e-09
1.350084167447831e-06	1.647338e-09
1.350119575254349e-06	7.101992e-10
1.350172600378743e-06	1.171137e-09
1.350249062253444e-06	9.019155e-10
1.350362050053233e-06	1.077518e-09
1.350536049502967e-06	9.676048e-10
1.350784135159679e-06	1.028021e-09
1.351121714669566e-06	9.866210e-10
1.351601740655958e-06	1.008793e-09
1.352127475465370e-06	1.001106e-09
1.352710663346005e-06	1.004035e-09
1.353272766719990e-06	1.005599e-09
1.353826232781113e-06	1.008210e-09
1.354428259867401e-06	1.001692e-09
1.355100552587750e-06	1.006435e-09
1.355803163423275e-06	1.002226e-09
1.356586607954956e-06	1.008031e-09
1.357474618564676e-06	1.002250e-09
1.358501719443455e-06	1.004283e-09
1.359479467637149e-06	1.001103e-09
1.360718305864893e-06	1.006805e-09
1.362111219380742e-06	1.001818e-09
1.363970781321644e-06	1.004965e-09
1.365795358268781e-06	1.001195e-09
1.368803166887243e-06	1.004808e-09
1.371652377556745e-06	1.002678e-09
1.376288388218731e-06	1.005338e-09
1.381171200718731e-06	1.005136e-09
1.386054013218731e-06	1.005140e-09
1.390936825718731e-06	1.005136e-09
1.395819638218731e-06	1.005140e-09
1.400702450718731e-06	1.005136e-09
1.405585263218731e-06	1.005140e-09
1.410468075718731e-06	1.005136e-09
1.415350888218731e-06	1.005140e-09
1.420233700718731e-06	1.005136e-09
1.425116513218731e-06	1.005140e-09
1.429999325718731e-06	1.005136e-09
1.434882138218731e-06	1.005140e-09
1.439764950718731e-06	1.005136e-09
1.444647763218731e-06	9.709525e-10
1.445117187500000e-06	9.861721e-10
1.446056036062538e-06	1.014527e-09
1.447933733187614e-06	1.004275e-09
1.450000000000000e-06	-2.791430e-09
1.450006253132195e-06	-1.605254e-09
1.450018759396583e-06	1.228878e-09
1.450021774599195e-06	1.171849e-09
1.450025621271100e-06	9.699317e-10
1.450033314614911e-06	9.829066e-10
1.450048701302532e-06	9.915093e-10
1.450069710866839e-06	1.003650e-09
1.450094378998334e-06	1.009944e-09
1.450125330283478e-06	1.011166e-09
1.450166355381498e-06	1.009834e-09
1.450222840954346e-06	1.008160e-09
1.450299972974588e-06	1.006787e-09
1.450409299379441e-06	1.005930e-09
1.450573040461382e-06	1.005419e-09
1.450813927411983e-06	1.005177e-09
1.451106994740035e-06	1.005057e-09
1.451463561230497e-06	1.005016e-09
1.451903926999927e-06	1.005030e-09
1.452523157022455e-06	1.005079e-09
1.453194019352451e-06	1.005118e-09
1.454070135171933e-06	1.005150e-09
1.455210334002917e-06	1.005156e-09
1.456311765800217e-06	1.005141e-09
1.457497549071370e-06	1.005132e-09
1.458854188264448e-06	1.005137e-09
1.460316672942518e-06	1.005139e-09
1.462048723908953e-06	1.005139e-09
1.465512825841821e-06	1.005138e-09
1.469356024939255e-06	1.005138e-09
1.474238837439255e-06	1.005138e-09
1.479121649939255e-06	1.005138e-09
1.484004462439255e-06	1.005138e-09
1.488887274939255e-06	1.005138e-09
1.493770087439255e-06	1.005138e-09
1.498652899939255e-06	1.005138e-09
1.508418524939255e-06	1.005138e-09
1.545117187600000e-06	1.005138e-09
1.550000000100000e-06	1.005138e-09
1.554882812600000e-06	1.005135e-09
1.555117187600000e-06	1.005137e-09
1.555585937600000e-06	1.005139e-09
1.556523437599999e-06	1.005136e-09
1.558125000100001e-06	1.005139e-09
1.560000000100000e-06	8.892199e-10
1.560005062038501e-06	8.834657e-10
1.560015185915504e-06	1.021232e-09
1.560017662435388e-06	1.105249e-09
1.560020671332304e-06	1.158122e-09
1.560026689126134e-06	1.120373e-09
1.560032334833312e-06	1.079443e-09
1.560043626247666e-06	1.036653e-09
1.560064440558058e-06	1.008359e-09
1.560090318789898e-06	1.003293e-09
1.560142075253578e-06	1.004639e-09
1.560245588180938e-06	1.005154e-09
1.560452614035657e-06	1.005140e-09
1.560780243168129e-06	1.005150e-09
1.561301386997020e-06	1.005135e-09
1.562229233383508e-06	1.005135e-09
1.563486719352869e-06	1.005135e-09
1.564832109472936e-06	1.005137e-09
1.566888041727335e-06	1.005137e-09
1.569895342579975e-06	1.005138e-09
1.573635723859704e-06	1.005138e-09
1.578518536359704e-06	1.005138e-09
1.583401348859704e-06	1.005138e-09
1.588284161359704e-06	1.005138e-09
1.695117187500000e-06	1.005138e-09
1.700000000000000e-06	2.579840e-05
1.700009536743164e-06	4.366336e-05
1.700009674748289e-06	3.717671e-05
1.700009950758537e-06	1.551873e-05
1.700010502779033e-06	-5.791660e-06
1.700011606820026e-06	-1.349996e-05
1.700013814902011e-06	-2.821765e-06
1.700018231065983e-06	1.158819e-05
1.700027063393925e-06	1.279851e-05
1.700044006974426e-06	4.752200e-06
1.700062634416236e-06	1.295053e-06
1.700094609343368e-06	2.406736e-07
1.700138837344699e-06	-1.323992e-07
1.700212671045737e-06	-3.590398e-07
1.700322619230911e-06	-5.387824e-07
1.700542515601258e-06	-5.068337e-07
1.700776246114043e-06	-3.825305e-07
1.701234818528434e-06	-1.911433e-07
1.701893742503416e-06	-5.836941e-08
1.703211590453379e-06	2.097363e-08
1.704847310653786e-06	2.060286e-08
1.707300464573486e-06	-2.959043e-09
1.710882363995355e-06	-1.379400e-08
1.715765176495355e-06	-1.491738e-08
1.720647988995355e-06	-1.282223e-08
1.725530801495355e-06	-9.491785e-09
1.730413613995355e-06	-6.590977e-09
1.735296426495355e-06	-4.314280e-09
1.740179238995355e-06	-2.676924e-09
1.745062051495355e-06	-1.511520e-09
1.749944863995355e-06	-7.069723e-10
1.754827676495355e-06	-1.523297e-10
1.759710488995355e-06	2.251745e-10
1.764593301495355e-06	4.807994e-10
1.769476113995355e-06	6.538770e-10
1.774358926495355e-06	7.695427e-10
1.779241738995355e-06	8.479368e-10
1.784124551495355e-06	8.995187e-10
1.789007363995355e-06	9.344596e-10
1.795117187600000e-06	6.771591e-10
1.797571209809292e-06	9.670940e-10
1.800000000100000e-06	-4.695751e-05
1.800006965019421e-06	-1.753053e-05
1.800020894858263e-06	6.332481e-05
1.800024275211914e-06	2.858554e-05
1.800028513883912e-06	-1.563079e-05
1.800036991227910e-06	-2.922266e-06
1.800050037181027e-06	-1.207636e-06
1.800076129087260e-06	-2.239750e-07
1.800109629089397e-06	-8.931199e-08
1.800149417174948e-06	-2.986173e-09
1.800188576899103e-06	-1.863002e-08
1.800239095905182e-06	9.809494e-09
1.800298131915910e-06	-1.036523e-08
1.800380426857172e-06	6.850076e-09
1.800485624421308e-06	-6.827921e-09
1.800668454080151e-06	1.620228e-09
1.800860506870592e-06	-1.632564e-09
1.801126708213156e-06	7.003770e-10
1.801378210923993e-06	-1.514573e-09
1.801777535182195e-06	1.995670e-09
1.802298723709550e-06	-4.592653e-10
1.803269736779848e-06	1.317002e-09
1.804459505265104e-06	3.233348e-10
1.806839042235616e-06	1.034837e-09
1.809324109633186e-06	9.306903e-10
1.812129442639353e-06	1.015653e-09
1.814983675041404e-06	8.902898e-10
1.818568890181784e-06	1.032525e-09
1.822383876982855e-06	9.133970e-10
1.827266689482855e-06	1.005489e-09
1.832149501982855e-06	1.004423e-09
1.845117187500000e-06	1.175507e-09
1.850000000000000e-06	4.495957e-07
1.850001192092896e-06	3.553257e-07
1.850003576278687e-06	4.710863e-08
1.850004172851401e-06	1.443635e-08
1.850004890799757e-06	9.365020e-09
1.850006326696469e-06	4.388037e-09
1.850008205560394e-06	1.951185e-09
1.850011963288244e-06	9.536898e-10
1.850018218482425e-06	7.503118e-10
1.850025131793844e-06	8.008890e-10
1.850035142020346e-06	9.283712e-10
1.850049547802541e-06	1.046750e-09
1.850070875828386e-06	1.078038e-09
1.850094829297413e-06	1.054309e-09
1.850131860199621e-06	1.026708e-09
1.850182745905415e-06	1.014613e-09
1.850266639510854e-06	1.009013e-09
1.850377016791228e-06	1.006903e-09
1.850537137657746e-06	1.005953e-09
1.850728724394708e-06	1.005455e-09
1.850973937041827e-06	1.004950e-09
1.851254888238141e-06	1.004647e-09
1.851624561272389e-06	1.004654e-09
1.852191923266449e-06	1.004900e-09
1.852706766255987e-06	1.005040e-09
1.853318448200885e-06	1.005189e-09
1.853871964481553e-06	1.005272e-09
1.854549910637836e-06	1.005253e-09
1.855043474907469e-06	1.005170e-09
1.855569373693539e-06	1.005076e-09
1.856121880109727e-06	1.005052e-09
1.856853742804363e-06	1.005098e-09
1.857553861867739e-06	1.005154e-09
1.858343696542165e-06	1.005180e-09
1.859169050456371e-06	1.005152e-09
1.860042176788334e-06	1.005119e-09
1.861011951498278e-06	1.005122e-09
1.862143860868565e-06	1.005145e-09
1.863338592480317e-06	1.005146e-09
1.864854456984652e-06	1.005134e-09
1.866367850511091e-06	1.005134e-09
1.868491601346666e-06	1.005140e-09
1.870604374105035e-06	1.005137e-09
1.873741745432071e-06	1.005138e-09
1.876815444509649e-06	1.005139e-09
1.881236837475944e-06	1.005138e-09
1.886119649975944e-06	1.005138e-09
1.891002462475944e-06	1.005138e-09
1.895885274975944e-06	1.005138e-09
1.900768087475944e-06	1.005138e-09
1.905650899975944e-06	1.005138e-09
1.910533712475944e-06	1.005138e-09
1.915416524975944e-06	1.005138e-09
1.920299337475944e-06	1.005138e-09
1.925182149975943e-06	1.005138e-09
1.930064962475943e-06	1.005138e-09
1.934947774975943e-06	1.005138e-09
1.939830587475943e-06	1.005138e-09
1.944713399975943e-06	1.005149e-09
1.945117187500000e-06	1.005144e-09
1.945924762548115e-06	1.005135e-09
1.947539912644345e-06	1.005139e-09
1.950000000000000e-06	1.001638e-09
1.950007500255189e-06	9.948277e-10
1.950022500765569e-06	9.648528e-10
1.950026116525751e-06	9.566384e-10
1.950030730566017e-06	9.499573e-10
1.950039958646551e-06	9.532982e-10
1.950054344846191e-06	9.748032e-10
1.950079092276939e-06	1.008086e-09
1.950105116863063e-06	1.021062e-09
1.950141615042995e-06	1.019091e-09
1.950184410589417e-06	1.014160e-09
1.950249100125310e-06	1.010047e-09
1.950324790608938e-06	1.007790e-09
1.950428389056716e-06	1.006454e-09
1.950545788964164e-06	1.005791e-09
1.950700473486308e-06	1.005416e-09
1.950890358156868e-06	1.005172e-09
1.951158112382286e-06	1.004984e-09
1.951506032281794e-06	1.004902e-09
1.952002079973621e-06	1.004958e-09
1.952555085045038e-06	1.005049e-09
1.953141923066766e-06	1.005108e-09
1.953791848501921e-06	1.005146e-09
1.954562753660161e-06	1.005161e-09
1.955477285064581e-06	1.005149e-09
1.956465371328885e-06	1.005134e-09
1.957755387054388e-06	1.005135e-09
1.959016076200416e-06	1.005142e-09
1.960235228978961e-06	1.005141e-09
1.961513970838535e-06	1.005137e-09
1.962728487301307e-06	1.005137e-09
1.964432479493383e-06	1.005138e-09
1.966005313860238e-06	1.005138e-09
1.969019666329034e-06	1.005138e-09
1.973902478829034e-06	1.005138e-09
1.978785291329033e-06	1.005138e-09
1.983668103829033e-06	1.005138e-09
1.988550916329033e-06	1.005138e-09
2.045117187600000e-06	1.005138e-09
2.050000000100000e-06	1.005138e-09
2.054882812600000e-06	1.005140e-09
2.055117187600001e-06	1.005139e-09
2.055585937600002e-06	1.005138e-09
2.056523437600005e-06	1.005137e-09
2.058125000099995e-06	1.005138e-09
2.060000000100000e-06	8.991614e-10
2.060004799425638e-06	8.876799e-10
2.060014398076913e-06	9.835656e-10
2.060016763303331e-06	1.059841e-09
2.060019564807762e-06	1.121258e-09
2.060023604209968e-06	1.116908e-09
2.060027857842591e-06	1.092634e-09
2.060035314585659e-06	1.058723e-09
2.060045881636984e-06	1.029997e-09
2.060065752077175e-06	1.011022e-09
2.060105492957558e-06	1.005093e-09
2.060168827667334e-06	1.005459e-09
2.060295497086884e-06	1.005453e-09
2.060548835925983e-06	1.005221e-09
2.060916964164613e-06	1.005156e-09
2.061415482346907e-06	1.005133e-09
2.062259737477115e-06	1.005133e-09
2.063379994685734e-06	1.005133e-09
2.064547125982891e-06	1.005136e-09
2.066496728597373e-06	1.005136e-09
2.068971693862182e-06	1.005138e-09
2.073854506362182e-06	1.005138e-09
2.078737318862182e-06	1.005138e-09
2.083620131362182e-06	1.005138e-09
2.088502943862181e-06	1.005138e-09
2.098268568862181e-06	1.005138e-09
2.103151381362181e-06	1.005138e-09
2.108034193862181e-06	1.005138e-09
2.112917006362180e-06	1.005138e-09
2.122682631362180e-06	1.005138e-09
2.132448256362180e-06	1.005138e-09
2.142213881362179e-06	1.005138e-09
2.151979506362179e-06	1.005138e-09
2.161745131362178e-06	1.005138e-09
2.171510756362178e-06	1.005138e-09
2.181276381362178e-06	1.005138e-09
2.195117187500000e-06	1.005138e-09
2.200000000000000e-06	2.610811e-05
2.200014239157480e-06	2.144717e-05
2.200042717472439e-06	6.084346e-06
2.200049608657074e-06	1.702284e-06
2.200058330521163e-06	-4.045905e-06
2.200074837093224e-06	-5.283742e-06
2.200104012586638e-06	-1.099335e-06
2.200162363573465e-06	-1.373228e-06
2.200279065547119e-06	-6.712235e-07
2.200512469494426e-06	-6.216910e-07
2.200796019246941e-06	-1.051972e-05
2.200849006034265e-06	-8.377108e-06
2.200954979608915e-06	-2.559083e-07
2.201166926758213e-06	-2.838855e-07
2.201219913545537e-06	-1.611028e-07
2.201233160242369e-06	-1.154958e-07
2.201259653636031e-06	-7.822258e-08
2.201266276984446e-06	-7.139802e-08
2.201279523681277e-06	-6.336804e-08
2.201306017074940e-06	-5.232579e-08
2.201359003862264e-06	-3.757136e-08
2.201464977436913e-06	-1.753609e-08
2.201676924586212e-06	8.944573e-09
2.202100818884809e-06	3.601073e-08
2.202885814087106e-06	4.666098e-08
2.203936826506545e-06	3.258470e-08
2.206038851345423e-06	-2.963523e-09
2.208339369326279e-06	-2.105731e-08
2.210883915048729e-06	-1.951892e-08
2.212518828181385e-06	-1.324606e-08
2.214595618498692e-06	-5.951069e-09
2.216952969193094e-06	-1.626796e-09
2.220602263217646e-06	1.305540e-09
2.221166074196400e-06	1.392597e-09
2.222293696153907e-06	-3.314238e-09
2.222443888764842e-06	-4.210161e-08
2.222744273986711e-06	-1.050162e-06
2.223197200485741e-06	-7.730423e-06
2.223387621634767e-06	-1.833931e-05
2.223516933054846e-06	-4.004068e-05
2.223624856166893e-06	-8.130478e-05
2.223757021175773e-06	-1.668429e-04
2.223893364561477e-06	-2.168365e-04
2.224002197053507e-06	1.626082e-02
2.224119644579293e-06	7.432544e-02
2.224127763984077e-06	9.017869e-02
2.224144002793644e-06	1.510419e-01
2.224148062496036e-06	1.750230e-01
2.224156181900820e-06	2.504434e-01
2.224172420710388e-06	4.512181e-01
2.224184796671877e-06	6.334451e-01
2.224200184370611e-06	8.815112e-01
2.224202936219217e-06	9.300762e-01
2.224208439916428e-06	1.039467e+00
2.224213863861888e-06	1.164502e+00
2.224218629910673e-06	1.300269e+00
2.224223833545568e-06	1.476630e+00
2.224229430809344e-06	1.668253e+00
2.224232298669321e-06	1.737219e+00
2.224236116111537e-06	1.778354e+00
2.224239270999725e-06	1.790416e+00
2.224242912260996e-06	1.795085e+00
2.224247529884524e-06	1.797789e+00
2.224254671960939e-06	1.799121e+00
2.224261539036096e-06	1.799422e+00
2.224272134834951e-06	1.799702e+00
2.224285402332325e-06	1.799985e+00
2.224307921997563e-06	1.800160e+00
2.224334701601860e-06	1.800186e+00
2.224385324659687e-06	1.800181e+00
2.224476743198176e-06	1.800164e+00
2.224659580275154e-06	1.800135e+00
2.224890284432419e-06	1.800108e+00
2.225149823450768e-06	1.800086e+00
2.225445040892196e-06	1.800068e+00
2.225787035585789e-06	1.800062e+00
2.225816349083123e-06	1.800055e+00
2.225823677457456e-06	1.800053e+00
2.225838334206123e-06	1.800052e+00
2.225841998393290e-06	1.800052e+00
2.225854823048374e-06	1.800052e+00
2.225863983516291e-06	1.800052e+00
2.225867647703458e-06	1.800052e+00
2.225874976077791e-06	1.800052e+00
2.225889632826458e-06	1.800052e+00
2.225918946323792e-06	1.800050e+00
2.225977573318461e-06	1.800048e+00
2.226094827307798e-06	1.800042e+00
2.226329335286471e-06	1.800034e+00
2.226798351243818e-06	1.800025e+00
2.227311860194270e-06	1.800018e+00
2.228318802452994e-06	1.800010e+00
2.230332405807662e-06	1.800004e+00
2.232377867756749e-06	1.800001e+00
2.235342796224179e-06	1.800000e+00
2.238977927477673e-06	1.800000e+00
2.243860739977672e-06	1.800000e+00
2.248743552477672e-06	1.800000e+00
2.253626364977672e-06	1.800000e+00
2.258509177477672e-06	1.800000e+00
2.263391989977672e-06	1.800000e+00
2.268274802477671e-06	1.800000e+00
2.273157614977671e-06	1.800000e+00
2.278040427477671e-06	1.800000e+00
2.282923239977671e-06	1.800000e+00
2.287806052477671e-06	1.800000e+00
2.292688864977670e-06	1.800000e+00
2.295143354855340e-06	1.800000e+00
2.295300358387377e-06	1.800000e+00
2.296765724686390e-06	1.800000e+00
2.298440429028118e-06	1.800000e+00
2.300000000100000e-06	1.799015e+00
2.300003926554693e-06	1.799273e+00
2.300011779464077e-06	1.800704e+00
2.300013707366045e-06	1.800625e+00
2.300016068363265e-06	1.800236e+00
2.300019530963645e-06	1.800198e+00
2.300023287185705e-06	1.800176e+00
2.300030799629824e-06	1.800140e+00
2.300044808413115e-06	1.800094e+00
2.300060139305525e-06	1.800063e+00
2.300082393430323e-06	1.800037e+00
2.300113501457184e-06	1.800019e+00
2.300175717510908e-06	1.800006e+00
2.300300149618356e-06	1.800000e+00
2.300493993956960e-06	1.800000e+00
2.300695787109519e-06	1.800000e+00
2.300960876506018e-06	1.800000e+00
2.301296557149758e-06	1.800000e+00
2.301843249244412e-06	1.800000e+00
2.302647519870982e-06	1.800000e+00
2.303791255704708e-06	1.800000e+00
2.304911846896636e-06	1.800000e+00
2.306235316140188e-06	1.800000e+00
2.307712842774888e-06	1.800000e+00
2.308771226340568e-06	1.800000e+00
2.309362177086239e-06	1.800000e+00
2.309983772612205e-06	1.800000e+00
2.310533150976542e-06	1.800000e+00
2.310949279056372e-06	1.800000e+00
2.311426573351576e-06	1.800000e+00
2.312099927839404e-06	1.800000e+00
2.312866921221852e-06	1.800000e+00
2.313718776923034e-06	1.800000e+00
2.314767993452313e-06	1.800000e+00
2.316290264937600e-06	1.800000e+00
2.318753384995046e-06	1.800000e+00
2.323636197495045e-06	1.800000e+00
2.328519009995045e-06	1.800000e+00
2.333401822495045e-06	1.800000e+00
2.338284634995045e-06	1.800000e+00
2.346100519990089e-06	1.800000e+00
2.348067184970264e-06	1.800000e+00
2.350000000000000e-06	1.800000e+00
2.350004967574820e-06	1.800000e+00
2.350014902724458e-06	1.800000e+00
2.350017262929373e-06	1.800000e+00
2.350020225646405e-06	1.800000e+00
2.350024444237043e-06	1.800000e+00
2.350028911694290e-06	1.800000e+00
2.350037311294290e-06	1.800000e+00
2.350049698727739e-06	1.800000e+00
2.350074287904931e-06	1.800000e+00
2.350111176434543e-06	1.800000e+00
2.350184953493765e-06	1.800000e+00
2.350306907642797e-06	1.800000e+00
2.350426897371019e-06	1.800000e+00
2.350622386501736e-06	1.800000e+00
2.350831352032211e-06	1.800000e+00
2.351084903781667e-06	1.800000e+00
2.351379034456735e-06	1.800000e+00
2.351589693280667e-06	1.800000e+00
2.351798359920420e-06	1.800000e+00
2.352026993889513e-06	1.800000e+00
2.352228415566411e-06	1.800000e+00
2.352479805473487e-06	1.800000e+00
2.352757973618336e-06	1.800000e+00
2.353125867289860e-06	1.800000e+00
2.353502273942916e-06	1.800000e+00
2.353991784967256e-06	1.800000e+00
2.354436894413591e-06	1.800000e+00
2.354974154198355e-06	1.800000e+00
2.355536265917136e-06	1.800000e+00
2.356124219584592e-06	1.800000e+00
2.356711491705348e-06	1.800000e+00
2.357334116793101e-06	1.800000e+00
2.358233348877980e-06	1.800000e+00
2.359051925627649e-06	1.800000e+00
2.359930285409157e-06	1.800000e+00
2.361046656119284e-06	1.800000e+00
2.362233418318577e-06	1.800000e+00
2.363577913726746e-06	1.800000e+00
2.365324297541438e-06	1.800000e+00
2.367085788861068e-06	1.800000e+00
2.369678589923695e-06	1.800000e+00
2.372891629313156e-06	1.800000e+00
2.376051741391026e-06	1.800000e+00
2.380934553891026e-06	1.800000e+00
2.385817366391026e-06	1.800000e+00
2.390700178891026e-06	1.800000e+00
2.395582991391025e-06	1.800000e+00
2.400465803891025e-06	1.800000e+00
2.405348616391025e-06	1.800000e+00
2.410231428891025e-06	1.800000e+00
2.415114241391025e-06	1.800000e+00
2.419997053891024e-06	1.800000e+00
2.424879866391024e-06	1.800000e+00
2.429762678891024e-06	1.800000e+00
2.434645491391024e-06	1.800000e+00
2.439528303891024e-06	1.800000e+00
2.444411116391023e-06	1.800000e+00
2.445117187500000e-06	1.800000e+00
2.446529329717955e-06	1.800000e+00
2.447175715564092e-06	1.800000e+00
2.448468487256366e-06	1.800000e+00
2.450000000000000e-06	1.800000e+00
2.450004557243227e-06	1.800000e+00
2.450013671729681e-06	1.800000e+00
2.450015873136529e-06	1.800000e+00
2.450018675133230e-06	1.800000e+00
2.450024279126631e-06	1.800000e+00
2.450034538937125e-06	1.800000e+00
2.450045202556873e-06	1.800000e+00
2.450060638206696e-06	1.800000e+00
2.450080084804970e-06	1.800000e+00
2.450117659991544e-06	1.800000e+00
2.450184430261665e-06	1.800000e+00
2.450317970801907e-06	1.800000e+00
2.450479603994774e-06	1.800000e+00
2.450646844937445e-06	1.800000e+00
2.450876586913086e-06	1.800000e+00
2.451126414120122e-06	1.800000e+00
2.451427723363215e-06	1.800000e+00
2.451820505509316e-06	1.800000e+00
2.452470108293536e-06	1.800000e+00
2.453206849459641e-06	1.800000e+00
2.454154871559025e-06	1.800000e+00
2.455314373157595e-06	1.800000e+00
2.456565756941832e-06	1.800000e+00
2.457634885384842e-06	1.800000e+00
2.458883258445559e-06	1.800000e+00
2.459439324344004e-06	1.800000e+00
2.459981456777059e-06	1.800000e+00
2.460431841595944e-06	1.800000e+00
2.460792433756003e-06	1.800000e+00
2.461200931226455e-06	1.800000e+00
2.461772269821125e-06	1.800000e+00
2.462452603418277e-06	1.800000e+00
2.463190831763441e-06	1.800000e+00
2.464121043170701e-06	1.800000e+00
2.465304434534760e-06	1.800000e+00
2.466939599665043e-06	1.800000e+00
2.469098095794205e-06	1.800000e+00
2.471681385243063e-06	1.800000e+00
2.474763317303075e-06	1.800000e+00
2.479646129803075e-06	1.800000e+00
2.484528942303075e-06	1.800000e+00
2.494294567303075e-06	1.800000e+00
2.547798653318434e-06	1.800000e+00
2.550000000100000e-06	1.800000e+00
2.554402693663132e-06	1.800000e+00
2.555117187600001e-06	1.800000e+00
2.556546175473738e-06	1.800000e+00
2.557142024352526e-06	1.800000e+00
2.558333722110102e-06	1.800000e+00
2.560000000100000e-06	1.800000e+00
2.560004511517973e-06	1.800000e+00
2.560013534353919e-06	1.800000e+00
2.560015741139641e-06	1.800000e+00
2.560018428195393e-06	1.800000e+00
2.560023802306898e-06	1.800000e+00
2.560028812996748e-06	1.800000e+00
2.560038834376449e-06	1.800000e+00
2.560058115492034e-06	1.800000e+00
2.560079662529399e-06	1.800000e+00
2.560122756604129e-06	1.800000e+00
2.560197225341148e-06	1.800000e+00
2.560346162815186e-06	1.800000e+00
2.560575869829218e-06	1.800000e+00
2.561035283857280e-06	1.800000e+00
2.561590802109747e-06	1.800000e+00
2.562316772710758e-06	1.800000e+00
2.563611005996992e-06	1.800000e+00
2.564968045728625e-06	1.800000e+00
2.566992461361965e-06	1.800000e+00
2.570089564963508e-06	1.800000e+00
2.574252224601620e-06	1.800000e+00
2.579135037101619e-06	1.800000e+00
2.588203117458762e-06	1.800000e+00
2.597271197815904e-06	1.800000e+00
2.606339278173047e-06	1.800000e+00
2.615407358530189e-06	1.800000e+00
2.624475438887332e-06	1.800000e+00
2.633543519244474e-06	1.800000e+00
2.642611599601617e-06	1.800000e+00
2.695117187500001e-06	1.800000e+00
2.700000000000000e-06	1.798049e+00
2.700009536743165e-06	1.798906e+00
2.700028610229493e-06	1.802109e+00
2.700033381470073e-06	1.800793e+00
2.700038981154337e-06	1.799203e+00
2.700044460219118e-06	1.799814e+00
2.700050596680022e-06	1.799967e+00
2.700059033043971e-06	1.799935e+00
2.700069132591677e-06	1.800018e+00
2.700083819386984e-06	1.799980e+00
2.700104531664650e-06	1.799764e+00
2.700108378459626e-06	1.799808e+00
2.700116072049578e-06	1.800030e+00
2.700117995447066e-06	1.800021e+00
2.700118476296438e-06	1.800014e+00
2.700119437995182e-06	1.800009e+00
2.700121361392670e-06	1.800006e+00
2.700125208187646e-06	1.800006e+00
2.700132901777598e-06	1.800007e+00
2.700148288957502e-06	1.800007e+00
2.700179063317310e-06	1.800007e+00
2.700239425532985e-06	1.800006e+00
2.700344602748239e-06	1.800005e+00
2.700457490602012e-06	1.800004e+00
2.700590515318473e-06	1.800003e+00
2.700754794493972e-06	1.800003e+00
2.701014169061258e-06	1.800002e+00
2.701431772619218e-06	1.800002e+00
2.702266979735136e-06	1.800001e+00
2.703937393966972e-06	1.800000e+00
2.705593564929783e-06	1.800000e+00
2.707793705516602e-06	1.800000e+00
2.709583452951167e-06	1.800000e+00
2.711754621611075e-06	1.800000e+00
2.714037982911997e-06	1.800000e+00
2.718091386813212e-06	1.800000e+00
2.722974199313211e-06	1.800000e+00
2.723584550875711e-06	1.800000e+00
2.724805254000711e-06	1.800001e+00
2.726085183977119e-06	1.800004e+00
2.726195677915367e-06	1.800007e+00
2.726416665791863e-06	1.800024e+00
2.726441559860602e-06	1.800030e+00
2.726491347998081e-06	1.800054e+00
2.726590924273040e-06	1.800041e+00
2.726676260341693e-06	1.796617e+00
2.726767801786829e-06	1.773020e+00
2.726829033822620e-06	1.722092e+00
2.726889217354688e-06	1.645417e+00
2.726931433869191e-06	1.593061e+00
2.726973547855650e-06	1.520168e+00
2.726994321836344e-06	1.425290e+00
2.727022924737499e-06	1.155632e+00
2.727039891962796e-06	8.677902e-01
2.727060115811616e-06	3.877524e-01
2.727070114250811e-06	1.582295e-01
2.727077505745289e-06	5.549628e-02
2.727087450549599e-06	9.565468e-03
2.727094739381463e-06	2.666693e-03
2.727104983662189e-06	1.741076e-03
2.727119328832662e-06	1.032873e-03
2.727148019173608e-06	5.344375e-04
2.727177452907209e-06	3.623616e-04
2.727215994790450e-06	2.740320e-04
2.727263461010979e-06	2.156646e-04
2.727358393452037e-06	1.533214e-04
2.727446559884915e-06	1.015222e-04
2.727510365106774e-06	5.094620e-05
2.727604364640001e-06	-5.688287e-06
2.727674278937322e-06	-1.396864e-05
2.727752645449713e-06	-1.039178e-05
2.727839183246887e-06	-9.642563e-06
2.727968267629540e-06	-1.406832e-05
2.727984061012587e-06	-1.234295e-05
2.728015647778681e-06	-7.341983e-06
2.728023544470204e-06	-7.329457e-06
2.728025518643085e-06	-7.325267e-06
2.728029466988847e-06	-7.268145e-06
2.728034825458095e-06	-7.204801e-06
2.728040183927343e-06	-7.142962e-06
2.728045542396591e-06	-7.082629e-06
2.728050900865839e-06	-7.023802e-06
2.728056259335087e-06	-6.966480e-06
2.728061617804335e-06	-6.910663e-06
2.728066976273583e-06	-6.856352e-06
2.728161736571864e-06	-5.945023e-06
2.728288083636238e-06	-4.938143e-06
2.728540777764987e-06	-3.398274e-06
2.728803751959597e-06	-2.320158e-06
2.729167884645930e-06	-1.431647e-06
2.729653817364509e-06	-7.675563e-07
2.730333008771543e-06	-3.083362e-07
2.731162964823339e-06	-7.029411e-08
2.732324465689975e-06	3.536623e-08
2.733929610834608e-06	4.924410e-08
2.736308151623240e-06	1.395436e-08
2.739220493795272e-06	-1.099600e-08
2.742716439385568e-06	-1.500578e-08
2.747599251885568e-06	-1.361610e-08
2.752482064385568e-06	-1.092292e-08
2.757364876885568e-06	-7.721444e-09
2.762247689385567e-06	-5.235937e-09
2.767130501885567e-06	-3.309116e-09
2.772013314385567e-06	-1.972900e-09
2.776896126885567e-06	-1.015485e-09
2.781778939385567e-06	-3.681438e-10
2.786661751885566e-06	8.143372e-11
2.791544564385566e-06	3.915304e-10
2.795117187600001e-06	5.487155e-10
2.800000000100001e-06	-2.949318e-05
2.800009536843165e-06	-8.722957e-06
2.800028610329493e-06	2.844483e-05
2.800033397739877e-06	1.292477e-06
2.800039107511201e-06	-1.993235e-05
2.800050527053849e-06	-1.079881e-06
2.800065360104114e-06	-1.250409e-06
2.800095026204645e-06	-4.880282e-08
2.800125935751901e-06	-1.823748e-07
2.800167902448721e-06	3.940706e-09
2.800208106273762e-06	-9.802981e-08
2.800266034381676e-06	2.186306e-08
2.800328785110279e-06	-5.650238e-08
2.800426479246678e-06	2.221513e-08
2.800550821713036e-06	-2.819561e-08
2.800764527104614e-06	4.688689e-09
2.800998055346585e-06	-4.519290e-10
2.801239226952144e-06	8.458803e-09
2.801549039221055e-06	-7.202471e-09
2.802008546355178e-06	8.043584e-09
2.802805119424910e-06	-9.056011e-10
2.803801135167952e-06	4.255508e-09
2.805551487519419e-06	-5.754457e-10
2.808335227802384e-06	6.660578e-10
2.810799970325395e-06	7.039056e-10
2.813539415426167e-06	1.345555e-09
2.816666250558368e-06	8.229309e-10
2.820056681087480e-06	1.674831e-09
2.824939493587480e-06	1.007720e-09
2.829822306087480e-06	1.009312e-09
2.839587931087479e-06	1.009255e-09
2.844470743587479e-06	1.080364e-08
2.845117187500001e-06	6.661215e-09
2.846410075325044e-06	2.599619e-09
2.847414224349914e-06	-4.249453e-09
2.847991701950262e-06	-3.032969e-09
2.848845044799303e-06	3.200247e-09
2.850000000000001e-06	2.231335e-06
2.850000563942970e-06	1.922526e-06
2.850001691828908e-06	8.101396e-07
2.850001973563135e-06	6.235043e-07
2.850002314149929e-06	4.916482e-07
2.850002995323516e-06	3.178298e-07
2.850004357670690e-06	1.425725e-07
2.850007082365038e-06	3.115052e-08
2.850012172972804e-06	6.756802e-10
2.850017288324065e-06	7.380641e-10
2.850024453421412e-06	7.896404e-10
2.850033049387500e-06	9.094288e-10
2.850049223013947e-06	1.036861e-09
2.850069178292518e-06	1.073666e-09
2.850094469517254e-06	1.050295e-09
2.850128609224221e-06	1.026746e-09
2.850182356762724e-06	1.014225e-09
2.850261534307635e-06	1.009030e-09
2.850376463128501e-06	1.006818e-09
2.850528336555888e-06	1.005942e-09
2.850725931593867e-06	1.005413e-09
2.850964821574284e-06	1.004967e-09
2.851290545183934e-06	1.004665e-09
2.851774002639020e-06	1.004749e-09
2.852445664097205e-06	1.004980e-09
2.853061066431423e-06	1.005130e-09
2.853635539540377e-06	1.005253e-09
2.854225706955577e-06	1.005287e-09
2.854687460640192e-06	1.005235e-09
2.855258059822302e-06	1.005112e-09
2.855790436241757e-06	1.005052e-09
2.856389345153583e-06	1.005068e-09
2.857061855268966e-06	1.005122e-09
2.857783668404294e-06	1.005174e-09
2.858548389777325e-06	1.005174e-09
2.859342060014893e-06	1.005139e-09
2.860209366528886e-06	1.005114e-09
2.861184377040012e-06	1.005130e-09
2.862323348662642e-06	1.005147e-09
2.863550684684506e-06	1.005145e-09
2.865105305301422e-06	1.005132e-09
2.866784757121497e-06	1.005138e-09
2.868884432315841e-06	1.005140e-09
2.871100645969822e-06	1.005138e-09
2.874931359214634e-06	1.005138e-09
2.878906155447823e-06	1.005138e-09
2.883610633555962e-06	1.005138e-09
2.888493446055961e-06	1.005138e-09
2.893376258555961e-06	1.005138e-09
2.898259071055961e-06	1.005138e-09
2.903141883555961e-06	1.005138e-09
2.908024696055961e-06	1.005138e-09
2.912907508555960e-06	1.005138e-09
2.917790321055960e-06	1.005138e-09
2.922673133555960e-06	1.005138e-09
2.927555946055960e-06	1.005138e-09
2.932438758555960e-06	1.005138e-09
2.937321571055959e-06	1.005138e-09
2.942204383555959e-06	1.005139e-09
2.945117187500001e-06	1.005139e-09
2.950000000000001e-06	9.978821e-10
2.950014656447519e-06	9.894325e-10
2.950043969342556e-06	9.595347e-10
2.950051050666214e-06	9.601706e-10
2.950060059437134e-06	9.747516e-10
2.950075187283557e-06	1.003213e-09
2.950089600687611e-06	1.017018e-09
2.950118427495718e-06	1.020438e-09
2.950168901154754e-06	1.015438e-09
2.950217910939929e-06	1.011334e-09
2.950288487852137e-06	1.008526e-09
2.950367387428639e-06	1.007009e-09
2.950480450145935e-06	1.006061e-09
2.950605210585108e-06	1.005589e-09
2.950786085538365e-06	1.005281e-09
2.950999391223733e-06	1.005076e-09
2.951316019972454e-06	1.004934e-09
2.951713938244470e-06	1.004920e-09
2.952280232702856e-06	1.005012e-09
2.952826918310295e-06	1.005083e-09
2.953434827056607e-06	1.005130e-09
2.954054884572666e-06	1.005156e-09
2.954914400680082e-06	1.005157e-09
2.955976899600822e-06	1.005140e-09
2.956988810274190e-06	1.005132e-09
2.958271478844575e-06	1.005139e-09
2.959379504525455e-06	1.005142e-09
2.960648889974565e-06	1.005140e-09
2.962216901998593e-06	1.005137e-09
2.963705541742547e-06	1.005138e-09
2.965291130953647e-06	1.005138e-09
2.967485157025554e-06	1.005138e-09
2.971873209169368e-06	1.005138e-09
2.976351935025604e-06	1.005138e-09
2.981234747525604e-06	1.005138e-09
2.986117560025604e-06	1.005138e-09
2.991000372525604e-06	1.005138e-09
3.005648810025603e-06	1.005138e-09
3.047552453046394e-06	1.005138e-09
3.050000000100000e-06	1.005138e-09
3.054882812600000e-06	1.005141e-09
3.055117187600001e-06	1.005140e-09
3.055585937600002e-06	1.005137e-09
3.056523437600005e-06	1.005137e-09
3.058125000099995e-06	1.005139e-09
3.060000000100001e-06	8.983845e-10
3.060004818113290e-06	8.873514e-10
3.060014454139868e-06	9.864199e-10
3.060016827427754e-06	1.063356e-09
3.060019643366563e-06	1.124304e-09
3.060023767307394e-06	1.118174e-09
3.060028098046961e-06	1.092593e-09
3.060035755104225e-06	1.057537e-09
3.060046739525456e-06	1.028290e-09
3.060066830133239e-06	1.010191e-09
3.060107011348804e-06	1.004968e-09
3.060171649030458e-06	1.005428e-09
3.060300924393764e-06	1.005415e-09
3.060559475120376e-06	1.005210e-09
3.060930515283476e-06	1.005154e-09
3.061444990249736e-06	1.005133e-09
3.062333412491828e-06	1.005133e-09
3.063534738383130e-06	1.005133e-09
3.064721949902208e-06	1.005136e-09
3.066807917626337e-06	1.005136e-09
3.069221824270156e-06	1.005138e-09
3.074049637557793e-06	1.005138e-09
3.078932450057793e-06	1.005138e-09
3.083815262557793e-06	1.005138e-09
3.088698075057793e-06	1.005138e-09
3.098463700057792e-06	1.005138e-09
3.103346512557792e-06	1.005138e-09
3.108229325057792e-06	1.005138e-09
3.113112137557792e-06	1.005138e-09
3.117994950057792e-06	1.005138e-09
3.195117187500001e-06	1.005138e-09
3.200000000000001e-06	2.567963e-05
3.200014246602696e-06	2.090344e-05
3.200042739808086e-06	5.575780e-06
3.200049634330636e-06	1.452397e-06
3.200058360690480e-06	-3.981626e-06
3.200074969579775e-06	-4.793892e-06
3.200099735020473e-06	-9.747322e-07
3.200149265901868e-06	-1.452600e-06
3.200248327664659e-06	-6.582122e-07
3.200446451190241e-06	-6.881290e-07
3.200720629071906e-06	-3.736694e-07
3.201090171504791e-06	9.441225e-06
3.201163572673551e-06	2.254590e-06
3.201181922965741e-06	-6.346389e-08
3.201218623550121e-06	-1.224796e-07
3.201227798696216e-06	-1.134777e-07
3.201250736561454e-06	-8.295015e-08
3.201259911707549e-06	-7.354380e-08
3.201278261999739e-06	-5.942132e-08
3.201314962584119e-06	-4.275924e-08
3.201388363752880e-06	-2.445411e-08
3.201535166090400e-06	-1.192382e-09
3.201828770765441e-06	2.682856e-08
3.202415980115523e-06	4.890616e-08
3.203313263953900e-06	4.559648e-08
3.204900417235617e-06	1.362503e-08
3.206460063165148e-06	-1.077474e-08
3.208744945220798e-06	-2.273872e-08
3.210973394586994e-06	-1.881692e-08
3.212780753534008e-06	-1.152409e-08
3.214849213264363e-06	-4.879462e-09
3.217158671757807e-06	-1.253123e-09
3.220710750413754e-06	6.274968e-10
3.223533188540134e-06	8.038963e-10
3.224143540102634e-06	3.296395e-10
3.225364243227634e-06	-1.931151e-07
3.225821164469236e-06	-1.830843e-06
3.226113945737981e-06	-6.287918e-06
3.226288246163193e-06	-1.383218e-05
3.226428391649484e-06	-3.046696e-05
3.226537271008672e-06	-6.238234e-05
3.226652315652913e-06	-1.231123e-04
3.226789050889754e-06	-2.270925e-04
3.226881747731786e-06	5.643913e-04
3.227009392586162e-06	5.150539e-03
3.227024162368477e-06	9.043943e-03
3.227053701933106e-06	3.190395e-02
3.227082183032935e-06	7.321567e-02
3.227089303307892e-06	9.267246e-02
3.227103543857806e-06	1.661244e-01
3.227122501740657e-06	3.336013e-01
3.227139829251226e-06	5.544386e-01
3.227156263770273e-06	8.105329e-01
3.227168680961821e-06	1.043291e+00
3.227177060026591e-06	1.248318e+00
3.227182956964661e-06	1.432596e+00
3.227190084395196e-06	1.671206e+00
3.227192812152873e-06	1.737196e+00
3.227196528811027e-06	1.777783e+00
3.227199772178583e-06	1.790421e+00
3.227203240080165e-06	1.794982e+00
3.227207893902698e-06	1.797744e+00
3.227214862880230e-06	1.799098e+00
3.227221742414950e-06	1.799410e+00
3.227232188687115e-06	1.799690e+00
3.227245425773262e-06	1.799977e+00
3.227267651963221e-06	1.800158e+00
3.227294308948322e-06	1.800186e+00
3.227343873903520e-06	1.800181e+00
3.227434666797072e-06	1.800165e+00
3.227616252584176e-06	1.800137e+00
3.227944688364718e-06	1.800101e+00
3.228279327495087e-06	1.800083e+00
3.228324568918605e-06	1.800078e+00
3.228415051765639e-06	1.800069e+00
3.228437672477398e-06	1.800069e+00
3.228443327655338e-06	1.800068e+00
3.228454638011217e-06	1.800068e+00
3.228463120778127e-06	1.800067e+00
3.228467362161582e-06	1.800067e+00
3.228482913900916e-06	1.800066e+00
3.228494224256796e-06	1.800066e+00
3.228497051845765e-06	1.800066e+00
3.228502707023705e-06	1.800066e+00
3.228514017379585e-06	1.800065e+00
3.228536638091343e-06	1.800064e+00
3.228581879514861e-06	1.800061e+00
3.228672362361896e-06	1.800056e+00
3.228853328055966e-06	1.800047e+00
3.229215259444106e-06	1.800036e+00
3.229748479910648e-06	1.800025e+00
3.230541722311283e-06	1.800016e+00
3.232097306182821e-06	1.800007e+00
3.233966136584206e-06	1.800002e+00
3.236545030282723e-06	1.800001e+00
3.239695609895312e-06	1.800000e+00
3.244578422395312e-06	1.800000e+00
3.249461234895311e-06	1.800000e+00
3.254344047395311e-06	1.800000e+00
3.259226859895311e-06	1.800000e+00
3.264109672395311e-06	1.800000e+00
3.268992484895311e-06	1.800000e+00
3.273875297395310e-06	1.800000e+00
3.278758109895310e-06	1.800000e+00
3.283640922395310e-06	1.800000e+00
3.288523734895310e-06	1.800000e+00
3.293406547395310e-06	1.800000e+00
3.295117187600001e-06	1.800000e+00
3.297076935918765e-06	1.800000e+00
3.298073368375057e-06	1.800000e+00
3.300000000100000e-06	1.799189e+00
3.300004843949518e-06	1.799432e+00
3.300014531648554e-06	1.800632e+00
3.300016911419042e-06	1.800523e+00
3.300019809251423e-06	1.800184e+00
3.300023728889056e-06	1.800178e+00
3.300028047471586e-06	1.800153e+00
3.300036684636644e-06	1.800119e+00
3.300050467524524e-06	1.800083e+00
3.300070831201124e-06	1.800050e+00
3.300095230848150e-06	1.800028e+00
3.300140589851391e-06	1.800011e+00
3.300231307857874e-06	1.800002e+00
3.300412710531029e-06	1.800000e+00
3.300592962591518e-06	1.800000e+00
3.300839947270791e-06	1.800000e+00
3.301122078252641e-06	1.800000e+00
3.301615947688130e-06	1.800000e+00
3.302284416281529e-06	1.800000e+00
3.303214942056531e-06	1.800000e+00
3.304316634269360e-06	1.800000e+00
3.305673287936285e-06	1.800000e+00
3.306921337710243e-06	1.800000e+00
3.308406160293110e-06	1.800000e+00
3.309486938993537e-06	1.800000e+00
3.310058255277154e-06	1.800000e+00
3.310624878554856e-06	1.800000e+00
3.311223734123565e-06	1.800000e+00
3.311632505582428e-06	1.800000e+00
3.312097701003803e-06	1.800000e+00
3.312758797686850e-06	1.800000e+00
3.313454393352071e-06	1.800000e+00
3.314295589614443e-06	1.800000e+00
3.315272390732846e-06	1.800000e+00
3.316774591039412e-06	1.800000e+00
3.318987537912202e-06	1.800000e+00
3.323413431657783e-06	1.800000e+00
3.328164003427206e-06	1.800000e+00
3.333046815927206e-06	1.800000e+00
3.337929628427206e-06	1.800000e+00
3.342812440927206e-06	1.800000e+00
3.345117187500001e-06	1.800000e+00
3.345937145563228e-06	1.800000e+00
3.347813445164730e-06	1.800000e+00
3.348758979064926e-06	1.800000e+00
3.349409025930244e-06	1.800000e+00
3.350000000000001e-06	1.800000e+00
3.350001542058724e-06	1.800000e+00
3.350004626176171e-06	1.800000e+00
3.350005382074221e-06	1.800000e+00
3.350006313228026e-06	1.800000e+00
3.350008175535637e-06	1.800000e+00
3.350009855657384e-06	1.800000e+00
3.350013215900877e-06	1.800000e+00
3.350019936387863e-06	1.800000e+00
3.350030092001606e-06	1.800000e+00
3.350042154981629e-06	1.800000e+00
3.350059230257221e-06	1.800000e+00
3.350086615699671e-06	1.800000e+00
3.350141386584572e-06	1.800000e+00
3.350250928354375e-06	1.800000e+00
3.350364072313290e-06	1.800000e+00
3.350514535020881e-06	1.800000e+00
3.350717559407177e-06	1.800000e+00
3.350949558528243e-06	1.800000e+00
3.351227284523076e-06	1.800000e+00
3.351426502131958e-06	1.800000e+00
3.351613795035325e-06	1.800000e+00
3.351839803759009e-06	1.800000e+00
3.352122933981909e-06	1.800000e+00
3.352361269443615e-06	1.800000e+00
3.352637366536188e-06	1.800000e+00
3.352934467304604e-06	1.800000e+00
3.353301458129897e-06	1.800000e+00
3.353672939238583e-06	1.800000e+00
3.354177944492537e-06	1.800000e+00
3.354657099745252e-06	1.800000e+00
3.355214733006466e-06	1.800000e+00
3.355900732762597e-06	1.800000e+00
3.356540738132914e-06	1.800000e+00
3.357192648757258e-06	1.800000e+00
3.357947324696053e-06	1.800000e+00
3.358771790639547e-06	1.800000e+00
3.359668141126492e-06	1.800000e+00
3.360720243175146e-06	1.800000e+00
3.361851014534218e-06	1.800000e+00
3.363120490162176e-06	1.800000e+00
3.364726695860399e-06	1.800000e+00
3.366384611178897e-06	1.800000e+00
3.368626567306254e-06	1.800000e+00
3.371210970648405e-06	1.800000e+00
3.374721362019000e-06	1.800000e+00
3.379000574369356e-06	1.800000e+00
3.383883386869356e-06	1.800000e+00
3.388766199369355e-06	1.800000e+00
3.393649011869355e-06	1.800000e+00
3.398531824369355e-06	1.800000e+00
3.403414636869355e-06	1.800000e+00
3.408297449369355e-06	1.800000e+00
3.413180261869354e-06	1.800000e+00
3.418063074369354e-06	1.800000e+00
3.422945886869354e-06	1.800000e+00
3.427828699369354e-06	1.800000e+00
3.432711511869354e-06	1.800000e+00
3.437594324369353e-06	1.800000e+00
3.442477136869353e-06	1.800000e+00
3.445117187500001e-06	1.800000e+00
3.450000000000001e-06	1.800000e+00
3.450013058761278e-06	1.800000e+00
3.450039176283832e-06	1.800000e+00
3.450045573104332e-06	1.800000e+00
3.450053554661736e-06	1.800000e+00
3.450063074618442e-06	1.800000e+00
3.450082079577042e-06	1.800000e+00
3.450104172450590e-06	1.800000e+00
3.450147404586931e-06	1.800000e+00
3.450221554179271e-06	1.800000e+00
3.450369853363953e-06	1.800000e+00
3.450542315424083e-06	1.800000e+00
3.450722046438694e-06	1.800000e+00
3.450995567485453e-06	1.800000e+00
3.451299479373764e-06	1.800000e+00
3.451610975325839e-06	1.800000e+00
3.452071345096899e-06	1.800000e+00
3.452888285119025e-06	1.800000e+00
3.453627361252941e-06	1.800000e+00
3.454545621327891e-06	1.800000e+00
3.455429637694097e-06	1.800000e+00
3.456814212379814e-06	1.800000e+00
3.457893200299204e-06	1.800000e+00
3.459114330121841e-06	1.800000e+00
3.459692998147517e-06	1.800000e+00
3.460113187751686e-06	1.800000e+00
3.460730666266351e-06	1.800000e+00
3.461081701368387e-06	1.800000e+00
3.461430681173151e-06	1.800000e+00
3.461810523520762e-06	1.800000e+00
3.462347348328867e-06	1.800000e+00
3.462980446059874e-06	1.800000e+00
3.463696873521466e-06	1.800000e+00
3.464594818731205e-06	1.800000e+00
3.465745784644044e-06	1.800000e+00
3.467304685105898e-06	1.800000e+00
3.469467302514616e-06	1.800000e+00
3.472007177519893e-06	1.800000e+00
3.474813380172196e-06	1.800000e+00
3.479696192672196e-06	1.800000e+00
3.484579005172195e-06	1.800000e+00
3.489461817672195e-06	1.800000e+00
3.494344630172195e-06	1.800000e+00
3.499227442672195e-06	1.800000e+00
3.548099030533156e-06	1.800000e+00
3.550000000100000e-06	1.800000e+00
3.553801939233688e-06	1.800000e+00
3.555117187600001e-06	1.800000e+00
3.557369503367376e-06	1.800000e+00
3.560000000100001e-06	1.800000e+00
3.560007176909140e-06	1.800000e+00
3.560021530527418e-06	1.800000e+00
3.560025033750885e-06	1.800000e+00
3.560029301154699e-06	1.800000e+00
3.560037835962326e-06	1.800000e+00
3.560046986086666e-06	1.800000e+00
3.560065159727387e-06	1.800000e+00
3.560099187708686e-06	1.800000e+00
3.560140635656968e-06	1.800000e+00
3.560223531553531e-06	1.800000e+00
3.560389323346658e-06	1.800000e+00
3.560670738373217e-06	1.800000e+00
3.561233568426336e-06	1.800000e+00
3.561744677418339e-06	1.800000e+00
3.562638724578716e-06	1.800000e+00
3.563903628770477e-06	1.800000e+00
3.565312329804361e-06	1.800000e+00
3.567428854397872e-06	1.800000e+00
3.570659876221224e-06	1.800000e+00
3.575542688721224e-06	1.800000e+00
3.580425501221224e-06	1.800000e+00
3.590191126221224e-06	1.800000e+00
3.687847376221220e-06	1.800000e+00
3.692730188721219e-06	1.800000e+00
3.695117187500001e-06	1.800000e+00
3.695226002442437e-06	1.800000e+00
3.695443632327310e-06	1.800000e+00
3.695878892097054e-06	1.800000e+00
3.696749411636544e-06	1.800000e+00
3.698258960921022e-06	1.800000e+00
3.700000000000001e-06	1.795553e+00
3.700004409702394e-06	1.796798e+00
3.700013229107180e-06	1.805775e+00
3.700015393883762e-06	1.805416e+00
3.700018049151564e-06	1.801507e+00
3.700021186801885e-06	1.799898e+00
3.700024607444469e-06	1.799994e+00
3.700029156099057e-06	1.799866e+00
3.700038253408232e-06	1.799918e+00
3.700053166682698e-06	1.799953e+00
3.700077722212618e-06	1.799994e+00
3.700103580031691e-06	1.800039e+00
3.700107999795332e-06	1.800033e+00
3.700116839322616e-06	1.800004e+00
3.700119049204437e-06	1.800006e+00
3.700119601674892e-06	1.800007e+00
3.700120706615803e-06	1.800007e+00
3.700122916497624e-06	1.800007e+00
3.700124573908990e-06	1.800007e+00
3.700126783790811e-06	1.800007e+00
3.700131203554452e-06	1.800007e+00
3.700140043081736e-06	1.800007e+00
3.700157722136304e-06	1.800007e+00
3.700193080245439e-06	1.800007e+00
3.700263796463710e-06	1.800006e+00
3.700367508184702e-06	1.800005e+00
3.700488310259620e-06	1.800004e+00
3.700625384774202e-06	1.800004e+00
3.700810327689348e-06	1.800003e+00
3.701090480411263e-06	1.800003e+00
3.701584740018680e-06	1.800002e+00
3.702573259233514e-06	1.800001e+00
3.704150346846531e-06	1.800000e+00
3.705987810148724e-06	1.800000e+00
3.708108726551968e-06	1.800000e+00
3.709725500217070e-06	1.800000e+00
3.711931667399094e-06	1.800000e+00
3.714051737403522e-06	1.800000e+00
3.717822303602905e-06	1.800000e+00
3.718432041649459e-06	1.800000e+00
3.719651517742567e-06	1.800000e+00
3.719849353265461e-06	1.800000e+00
3.720245024311250e-06	1.800000e+00
3.721036366402826e-06	1.800002e+00
3.721440343381821e-06	1.800003e+00
3.721541337626570e-06	1.800004e+00
3.721743326116067e-06	1.800009e+00
3.721892502218845e-06	1.800027e+00
3.722036348458619e-06	1.800054e+00
3.722176611573653e-06	1.797451e+00
3.722270509077246e-06	1.781129e+00
3.722332783950238e-06	1.737611e+00
3.722394233769469e-06	1.662465e+00
3.722435566792888e-06	1.613572e+00
3.722479866866154e-06	1.557696e+00
3.722498511410003e-06	1.500499e+00
3.722523858101474e-06	1.336423e+00
3.722546573928869e-06	1.074869e+00
3.722564112247394e-06	7.447891e-01
3.722583497288011e-06	2.852111e-01
3.722592665538491e-06	1.061620e-01
3.722601056519609e-06	2.778595e-02
3.722610510302238e-06	5.693989e-03
3.722620961886647e-06	2.145856e-03
3.722631472220772e-06	1.366497e-03
3.722652492889023e-06	7.413654e-04
3.722683771876578e-06	4.271848e-04
3.722719584020722e-06	3.068512e-04
3.722760092869236e-06	2.414404e-04
3.722841110566265e-06	1.758041e-04
3.722942688233771e-06	1.158450e-04
3.723020282703763e-06	5.856410e-05
3.723099375435180e-06	3.697195e-06
3.723180788279391e-06	-1.265893e-05
3.723256528412516e-06	-1.072974e-05
3.723335166956976e-06	-9.953386e-06
3.723492444045896e-06	-8.071303e-06
3.723796273960530e-06	-1.958423e-05
3.723815582324580e-06	-1.515247e-05
3.723854199052681e-06	-4.376387e-06
3.723863853234706e-06	-4.349728e-06
3.723883161598756e-06	-4.321354e-06
3.723897642871794e-06	-4.232299e-06
3.723921778326857e-06	-4.078996e-06
3.723933846054388e-06	-4.003862e-06
3.723967635691476e-06	-3.799919e-06
3.724006252419576e-06	-3.585958e-06
3.724083485875777e-06	-3.206567e-06
3.724237952788178e-06	-2.590052e-06
3.724504952487603e-06	-1.797810e-06
3.724788296261361e-06	-1.230216e-06
3.725202627694683e-06	-7.318864e-07
3.725823347985742e-06	-3.363824e-07
3.726754013212345e-06	-8.015125e-08
3.727861062207963e-06	2.045718e-08
3.729540334117763e-06	3.999670e-08
3.731921601372745e-06	1.500171e-08
3.735160249639597e-06	-9.609694e-09
3.738768569136722e-06	-1.266305e-08
3.743651381636722e-06	-9.472922e-09
3.748534194136722e-06	-7.073089e-09
3.753417006636722e-06	-4.744325e-09
3.758299819136722e-06	-3.069119e-09
3.763182631636721e-06	-1.787619e-09
3.768065444136721e-06	-9.154708e-10
3.772948256636721e-06	-2.913912e-10
3.777831069136721e-06	1.264190e-10
3.782713881636721e-06	4.162129e-10
3.787596694136720e-06	6.093169e-10
3.792479506636720e-06	7.504855e-10
3.795117187600001e-06	8.017830e-10
3.800000000100000e-06	-1.522737e-05
3.800014284997988e-06	-3.138029e-06
3.800042854793962e-06	3.694026e-06
3.800049765219145e-06	-1.009992e-05
3.800058451034055e-06	-1.363381e-05
3.800075822663875e-06	2.446962e-07
3.800093843370953e-06	-1.626917e-06
3.800129884785109e-06	3.434495e-09
3.800164231710808e-06	-4.291735e-07
3.800219255533873e-06	-2.153113e-08
3.800269592979857e-06	-2.369410e-07
3.800352965332165e-06	3.073917e-08
3.800442255356538e-06	-1.405151e-07
3.800620835405284e-06	1.621411e-08
3.800819672132054e-06	-2.458933e-08
3.801071977836238e-06	4.244471e-09
3.801330980148642e-06	-2.965323e-08
3.801732560844888e-06	1.880012e-08
3.802327537935225e-06	-9.648542e-09
3.803169456554304e-06	8.736012e-09
3.804376245314171e-06	-6.713450e-09
3.806530389831869e-06	1.840188e-09
3.808874793792147e-06	2.662832e-10
3.811434774471941e-06	2.600324e-09
3.814595031055308e-06	4.700587e-12
3.818330296179882e-06	1.334881e-09
3.822275509281253e-06	1.039339e-11
3.827158321781253e-06	1.034778e-09
3.832041134281252e-06	1.029775e-09
3.845117187500001e-06	3.060708e-09
3.850000000000000e-06	5.903772e-06
3.850001192092896e-06	4.661570e-06
3.850003576278687e-06	6.009191e-07
3.850004173121775e-06	1.708462e-07
3.850004890884977e-06	1.051905e-07
3.850006326411381e-06	4.214163e-08
3.850008271102692e-06	1.182393e-08
3.850012160485316e-06	1.478972e-09
3.850018599766110e-06	5.728525e-10
3.850025842683148e-06	8.673793e-10
3.850036302125276e-06	9.383934e-10
3.850051659149127e-06	1.037919e-09
3.850074470271889e-06	1.048975e-09
3.850100677551449e-06	1.037318e-09
3.850141513894453e-06	1.018140e-09
3.850198680163943e-06	1.012022e-09
3.850291940158180e-06	1.007501e-09
3.850412643840341e-06	1.006497e-09
3.850583090948625e-06	1.005540e-09
3.850788079488152e-06	1.005302e-09
3.851067182527567e-06	1.004753e-09
3.851480896939881e-06	1.004766e-09
3.851962400097373e-06	1.004901e-09
3.852393892671285e-06	1.005024e-09
3.852889328023975e-06	1.005142e-09
3.853335250789520e-06	1.005248e-09
3.853825070514577e-06	1.005327e-09
3.854218025502693e-06	1.005307e-09
3.854713031009112e-06	1.005175e-09
3.855177561209139e-06	1.005124e-09
3.855787821895987e-06	1.005071e-09
3.856350808799001e-06	1.005109e-09
3.857004964481636e-06	1.005138e-09
3.857696382447045e-06	1.005179e-09
3.858408482427181e-06	1.005153e-09
3.859210764911107e-06	1.005132e-09
3.860036428153913e-06	1.005111e-09
3.860950049878433e-06	1.005141e-09
3.861958496585798e-06	1.005131e-09
3.863294461930074e-06	1.005140e-09
3.864611274946117e-06	1.005122e-09
3.866351365232418e-06	1.005140e-09
3.868176090454857e-06	1.005131e-09
3.870613417589541e-06	1.005138e-09
3.873150775999859e-06	1.005128e-09
3.877221072248747e-06	1.005138e-09
3.881363375072118e-06	1.005135e-09
3.886246187572117e-06	1.005138e-09
3.891129000072117e-06	1.005138e-09
3.896011812572117e-06	1.005138e-09
3.900894625072117e-06	1.005138e-09
3.905777437572117e-06	1.005138e-09
3.910660250072116e-06	1.005138e-09
3.915543062572116e-06	1.005138e-09
3.920425875072116e-06	1.005138e-09
3.925308687572116e-06	1.005138e-09
3.930191500072116e-06	1.005138e-09
3.935074312572116e-06	1.005138e-09
3.939957125072115e-06	1.005138e-09
3.944839937572115e-06	1.004930e-09
3.945117187500000e-06	1.005027e-09
3.945671687355771e-06	1.005191e-09
3.946780687067313e-06	1.005143e-09
3.947782000576917e-06	1.004926e-09
3.947997372980792e-06	1.005002e-09
3.948428117788541e-06	1.005191e-09
3.949138510384502e-06	1.005124e-09
3.950000000000000e-06	9.907027e-10
3.950002524144271e-06	9.933172e-10
3.950007572432811e-06	9.984276e-10
3.950008795013061e-06	9.964425e-10
3.950010344892307e-06	9.915991e-10
3.950013444650802e-06	9.825681e-10
3.950019644167791e-06	9.692719e-10
3.950030255451826e-06	9.610377e-10
3.950041463067213e-06	9.682739e-10
3.950055439724887e-06	9.872314e-10
3.950071786624913e-06	1.005095e-09
3.950094759350082e-06	1.016103e-09
3.950121041669522e-06	1.017536e-09
3.950157938891642e-06	1.014406e-09
3.950202864544158e-06	1.011165e-09
3.950266315996838e-06	1.008596e-09
3.950343736781941e-06	1.007047e-09
3.950449374685575e-06	1.006090e-09
3.950580831031218e-06	1.005579e-09
3.950772489952206e-06	1.005266e-09
3.951059894544988e-06	1.005053e-09
3.951536492999242e-06	1.004949e-09
3.952067877802809e-06	1.004994e-09
3.952718186844937e-06	1.005077e-09
3.953314940421806e-06	1.005121e-09
3.954176951460009e-06	1.005154e-09
3.955099282345070e-06	1.005155e-09
3.956125111642698e-06	1.005140e-09
3.957193899261438e-06	1.005135e-09
3.958913682275735e-06	1.005139e-09
3.960704606870169e-06	1.005139e-09
3.963084532324406e-06	1.005138e-09
3.965492148351131e-06	1.005138e-09
3.968097460873188e-06	1.005138e-09
3.972980273373188e-06	1.005138e-09
3.977531087487764e-06	1.005138e-09
3.982413899987764e-06	1.005138e-09
3.991371512503798e-06	1.005138e-09
4.000329125019832e-06	1.005138e-09
4.009286737535866e-06	1.005138e-09
4.018244350051899e-06	1.005138e-09
4.027201962567933e-06	1.005138e-09
4.036159575083966e-06	1.005138e-09
4.045117187600000e-06	1.005138e-09
4.050000000100000e-06	1.005138e-09
4.054882812600000e-06	1.005141e-09
4.055117187600000e-06	1.005140e-09
4.055585937600001e-06	1.005138e-09
4.056523437600002e-06	1.005137e-09
4.058125000099998e-06	1.005138e-09
4.060000000100000e-06	8.955243e-10
4.060004886388073e-06	8.860047e-10
4.060014658964219e-06	9.963477e-10
4.060017061276991e-06	1.075622e-09
4.060019930509916e-06	1.134820e-09
4.060024393141261e-06	1.121848e-09
4.060029031548183e-06	1.091583e-09
4.060037515942737e-06	1.052705e-09
4.060050294619749e-06	1.022060e-09
4.060071238415905e-06	1.007464e-09
4.060113126008218e-06	1.004656e-09
4.060183925429035e-06	1.005339e-09
4.060325524270671e-06	1.005301e-09
4.060608721953942e-06	1.005181e-09
4.060993542678863e-06	1.005147e-09
4.061577917494351e-06	1.005134e-09
4.062712143559147e-06	1.005133e-09
4.063780224471439e-06	1.005134e-09
4.065293706235737e-06	1.005136e-09
4.067179047309197e-06	1.005137e-09
4.069725529692751e-06	1.005138e-09
4.073791303418592e-06	1.005138e-09
4.078674115918592e-06	1.005138e-09
4.083556928418592e-06	1.005138e-09
4.088439740918591e-06	1.005138e-09
4.093322553418591e-06	1.005138e-09
4.103088178418591e-06	1.005138e-09
4.107970990918591e-06	1.005138e-09
4.112853803418590e-06	1.005138e-09
4.117736615918590e-06	1.005138e-09
4.195117187500001e-06	1.005138e-09
4.200000000000000e-06	2.336036e-05
4.200014265783515e-06	1.857262e-05
4.200042797350543e-06	5.605488e-06
4.200049700357344e-06	2.167033e-06
4.200058438684189e-06	-3.121290e-06
4.200075915337880e-06	-4.106522e-06
4.200100137303866e-06	-6.748739e-07
4.200148581235837e-06	-1.327601e-06
4.200245469099778e-06	-5.349539e-07
4.200439244827660e-06	-6.000030e-07
4.200708077731391e-06	-3.129649e-07
4.201062792008623e-06	9.571053e-06
4.201131993412795e-06	7.633968e-06
4.201270396221138e-06	-1.853107e-07
4.201304996923224e-06	-1.042810e-07
4.201313647098745e-06	-7.613439e-08
4.201330947449789e-06	-6.507048e-08
4.201391498678439e-06	-2.717828e-08
4.201426099380525e-06	-1.175555e-08
4.201495300784697e-06	5.108213e-09
4.201633703593040e-06	2.310262e-08
4.201910509209728e-06	4.295085e-08
4.202464120443104e-06	5.549440e-08
4.203571342909853e-06	4.265297e-08
4.205785787843354e-06	-1.779567e-09
4.207894715491106e-06	-2.155834e-08
4.210879859754177e-06	-1.763932e-08
4.213166296614122e-06	-9.223256e-09
4.215966498172277e-06	-2.483195e-09
4.219051079992327e-06	1.090980e-10
4.223933892492327e-06	7.384294e-10
4.228816704992327e-06	-1.322545e-09
4.233053846621457e-06	2.335193e-09
4.233616189011435e-06	1.093561e-08
4.233756774608929e-06	1.213910e-08
4.233879787006736e-06	9.595360e-09
4.233914933406110e-06	8.161587e-09
4.233985226204857e-06	4.196822e-09
4.234125811802352e-06	-4.478916e-09
4.234406982997340e-06	-1.459513e-08
4.234969325387318e-06	-1.928374e-08
4.235934542299091e-06	-6.504002e-07
4.236961473659193e-06	-4.036578e-06
4.237063367144491e-06	-6.456870e-06
4.237267154115087e-06	-1.808606e-05
4.237405811366658e-06	-3.601945e-05
4.237552050398802e-06	-7.245473e-05
4.237744344725885e-06	-1.395392e-04
4.237875391206465e-06	-1.680867e-04
4.238017405600010e-06	4.261995e-03
4.238167242197416e-06	2.215274e-02
4.238188030980774e-06	3.430662e-02
4.238229608547489e-06	8.468017e-02
4.238240002939169e-06	1.088372e-01
4.238260791722526e-06	1.853561e-01
4.238265988918365e-06	2.142746e-01
4.238276383310045e-06	2.988097e-01
4.238297172093402e-06	5.116185e-01
4.238318664904485e-06	7.733016e-01
4.238331799594928e-06	9.592032e-01
4.238333412041695e-06	9.864244e-01
4.238336636935226e-06	1.052463e+00
4.238343086722290e-06	1.214599e+00
4.238348674970465e-06	1.394140e+00
4.238354865085619e-06	1.624362e+00
4.238357437045463e-06	1.706336e+00
4.238360075007013e-06	1.755918e+00
4.238363100884551e-06	1.780452e+00
4.238366789551205e-06	1.791445e+00
4.238370239406057e-06	1.795512e+00
4.238375947998865e-06	1.798227e+00
4.238383026790409e-06	1.799232e+00
4.238390382167569e-06	1.799460e+00
4.238401242694664e-06	1.799750e+00
4.238417394414419e-06	1.800043e+00
4.238441144176364e-06	1.800171e+00
4.238472668319981e-06	1.800182e+00
4.238529680773145e-06	1.800176e+00
4.238637417375434e-06	1.800157e+00
4.238852890580012e-06	1.800128e+00
4.239283836989167e-06	1.800079e+00
4.239381679871548e-06	1.800072e+00
4.239577365636309e-06	1.800065e+00
4.239638517437797e-06	1.800062e+00
4.239681323698839e-06	1.800060e+00
4.239724129959881e-06	1.800058e+00
4.239797512121666e-06	1.800055e+00
4.239895355004046e-06	1.800051e+00
4.240091040768808e-06	1.800044e+00
4.240482412298331e-06	1.800034e+00
4.241010906528462e-06	1.800024e+00
4.241695462055747e-06	1.800016e+00
4.242918217560115e-06	1.800009e+00
4.244936569400707e-06	1.800003e+00
4.246855954859888e-06	1.800001e+00
4.249042059396938e-06	1.800000e+00
4.251470519113833e-06	1.800000e+00
4.255471550278795e-06	1.800000e+00
4.260354362778794e-06	1.800000e+00
4.265237175278794e-06	1.800000e+00
4.268505505548673e-06	1.800000e+00
4.269169994622611e-06	1.800000e+00
4.269834483696550e-06	1.800000e+00
4.270498972770488e-06	1.800000e+00
4.271163461844426e-06	1.800000e+00
4.271827950918364e-06	1.800000e+00
4.272492439992303e-06	1.800000e+00
4.273156929066241e-06	1.800000e+00
4.275277010010374e-06	1.800000e+00
4.277512574881825e-06	1.800000e+00
4.281983704624726e-06	1.800000e+00
4.286866517124726e-06	1.800000e+00
4.291749329624725e-06	1.800000e+00
4.295117187600000e-06	1.800000e+00
4.300000000100000e-06	1.799717e+00
4.300012093912756e-06	1.799863e+00
4.300036281538268e-06	1.800293e+00
4.300042246376805e-06	1.800191e+00
4.300049331146181e-06	1.800065e+00
4.300059730796336e-06	1.800081e+00
4.300070543822432e-06	1.800049e+00
4.300087552786697e-06	1.800043e+00
4.300114410031427e-06	1.800020e+00
4.300149299499420e-06	1.800011e+00
4.300216750683142e-06	1.800002e+00
4.300309882420735e-06	1.800001e+00
4.300480685004241e-06	1.800000e+00
4.300685059496753e-06	1.800000e+00
4.300973935459210e-06	1.800000e+00
4.301353963780746e-06	1.800000e+00
4.301989283844320e-06	1.800000e+00
4.303049589167423e-06	1.800000e+00
4.304019254568911e-06	1.800000e+00
4.305360619056066e-06	1.800000e+00
4.306903625520786e-06	1.800000e+00
4.308107540598523e-06	1.800000e+00
4.309464259754408e-06	1.800000e+00
4.310765836852477e-06	1.800000e+00
4.311466738928867e-06	1.800000e+00
4.312035903598571e-06	1.800000e+00
4.312506901815031e-06	1.800000e+00
4.313108773061239e-06	1.800000e+00
4.313593580187191e-06	1.800000e+00
4.313968905579818e-06	1.800000e+00
4.314421988237180e-06	1.800000e+00
4.315075458646750e-06	1.800000e+00
4.315802978425559e-06	1.800000e+00
4.316545250656772e-06	1.800000e+00
4.317499362666577e-06	1.800000e+00
4.318744144641484e-06	1.800000e+00
4.320755352871307e-06	1.800000e+00
4.323651275740215e-06	1.800000e+00
4.326947852934285e-06	1.800000e+00
4.331814778601112e-06	1.800000e+00
4.336697591101112e-06	1.800000e+00
4.341580403601112e-06	1.800000e+00
4.345117187500001e-06	1.800000e+00
4.350000000000001e-06	1.799979e+00
4.350009536743164e-06	1.799986e+00
4.350028610229493e-06	1.800001e+00
4.350033277888587e-06	1.800000e+00
4.350038851724240e-06	1.800000e+00
4.350049351089832e-06	1.800000e+00
4.350059476538230e-06	1.800000e+00
4.350078403144707e-06	1.800000e+00
4.350107317568763e-06	1.800000e+00
4.350152351975311e-06	1.800000e+00
4.350242420788405e-06	1.800000e+00
4.350392002505794e-06	1.800000e+00
4.350526903159064e-06	1.800000e+00
4.350774300879148e-06	1.800000e+00
4.351033820211342e-06	1.800000e+00
4.351241864462210e-06	1.800000e+00
4.351453967913319e-06	1.800000e+00
4.351676637686480e-06	1.800000e+00
4.351924308193813e-06	1.800000e+00
4.352207312399390e-06	1.800000e+00
4.352516121931113e-06	1.800000e+00
4.352900877180266e-06	1.800000e+00
4.353270041133935e-06	1.800000e+00
4.353659590882795e-06	1.800000e+00
4.354017897167913e-06	1.800000e+00
4.354380942390349e-06	1.800000e+00
4.354831869018929e-06	1.800000e+00
4.355316122814241e-06	1.800000e+00
4.355856802698293e-06	1.800000e+00
4.356439576868653e-06	1.800000e+00
4.357045437335194e-06	1.800000e+00
4.357783466822148e-06	1.800000e+00
4.358596001158952e-06	1.800000e+00
4.359394638695415e-06	1.800000e+00
4.360457012429357e-06	1.800000e+00
4.361480450697964e-06	1.800000e+00
4.362820097230689e-06	1.800000e+00
4.364549353461789e-06	1.800000e+00
4.366325323554262e-06	1.800000e+00
4.368837968205067e-06	1.800000e+00
4.371666223082887e-06	1.800000e+00
4.375326253714990e-06	1.800000e+00
4.380209066214990e-06	1.800000e+00
4.385091878714990e-06	1.800000e+00
4.389974691214990e-06	1.800000e+00
4.394857503714990e-06	1.800000e+00
4.399740316214989e-06	1.800000e+00
4.404623128714989e-06	1.800000e+00
4.409505941214989e-06	1.800000e+00
4.414388753714989e-06	1.800000e+00
4.419271566214989e-06	1.800000e+00
4.424154378714988e-06	1.800000e+00
4.438802816214988e-06	1.800000e+00
4.443685628714988e-06	1.800000e+00
4.445117187500001e-06	1.800000e+00
4.447136882429974e-06	1.800000e+00
4.450000000000001e-06	1.800000e+00
4.450008309903745e-06	1.800000e+00
4.450024929711235e-06	1.800000e+00
4.450028955614090e-06	1.800000e+00
4.450034059452738e-06	1.800000e+00
4.450040921812584e-06	1.800000e+00
4.450054646532277e-06	1.800000e+00
4.450082095971663e-06	1.800000e+00
4.450136994850433e-06	1.800000e+00
4.450246792607975e-06	1.800000e+00
4.450408266910730e-06	1.800000e+00
4.450612282988465e-06	1.800000e+00
4.450797159481538e-06	1.800000e+00
4.451082696977467e-06	1.800000e+00
4.451417660563963e-06	1.800000e+00
4.451726131270727e-06	1.800000e+00
4.452210302677438e-06	1.800000e+00
4.452931678780310e-06	1.800000e+00
4.453961557936953e-06	1.800000e+00
4.454972243717347e-06	1.800000e+00
4.456440900735981e-06	1.800000e+00
4.457446460978195e-06	1.800000e+00
4.458195363443195e-06	1.800000e+00
4.459019215406953e-06	1.800000e+00
4.459945316602450e-06	1.800000e+00
4.460934282135903e-06	1.800000e+00
4.461392852809622e-06	1.800000e+00
4.461742302633880e-06	1.800000e+00
4.462273121476098e-06	1.800000e+00
4.462599957358031e-06	1.800000e+00
4.462897875845629e-06	1.800000e+00
4.463232074103449e-06	1.800000e+00
4.463728650494002e-06	1.800000e+00
4.464270187988786e-06	1.800000e+00
4.464888957632376e-06	1.800000e+00
4.465652971360745e-06	1.800000e+00
4.466662934074863e-06	1.800000e+00
4.467958838126405e-06	1.800000e+00
4.469953578010349e-06	1.800000e+00
4.472037570090042e-06	1.800000e+00
4.474564677391233e-06	1.800000e+00
4.478319693110907e-06	1.800000e+00
4.483202505610907e-06	1.800000e+00
4.488085318110907e-06	1.800000e+00
4.492968130610907e-06	1.800000e+00
4.497850943110906e-06	1.800000e+00
4.502733755610906e-06	1.800000e+00
4.507616568110906e-06	1.800000e+00
4.545117187600001e-06	1.800000e+00
4.550000000100000e-06	1.800000e+00
4.554882812600000e-06	1.800000e+00
4.555117187600000e-06	1.800000e+00
4.555585937600001e-06	1.800000e+00
4.556523437600002e-06	1.800000e+00
4.558125000099998e-06	1.800000e+00
4.560000000100000e-06	1.800000e+00
4.560005235520520e-06	1.800000e+00
4.560015706361561e-06	1.800000e+00
4.560018256083030e-06	1.800000e+00
4.560021405135646e-06	1.800000e+00
4.560027703240876e-06	1.800000e+00
4.560035370618693e-06	1.800000e+00
4.560050705374328e-06	1.800000e+00
4.560075163039081e-06	1.800000e+00
4.560105454490144e-06	1.800000e+00
4.560166037392271e-06	1.800000e+00
4.560287203196527e-06	1.800000e+00
4.560505107235685e-06	1.800000e+00
4.560842296618272e-06	1.800000e+00
4.561363638411617e-06	1.800000e+00
4.561933655322892e-06	1.800000e+00
4.562945922930519e-06	1.800000e+00
4.564310094336127e-06	1.800000e+00
4.565746486806186e-06	1.800000e+00
4.567800169940493e-06	1.800000e+00
4.571215366420458e-06	1.800000e+00
4.575227555167333e-06	1.800000e+00
4.580110367667333e-06	1.800000e+00
4.584993180167333e-06	1.800000e+00
4.687532242667328e-06	1.800000e+00
4.695117187500001e-06	1.800000e+00
4.700000000000001e-06	1.790224e+00
4.700001192092897e-06	1.788293e+00
4.700003576278688e-06	1.792632e+00
4.700004169207246e-06	1.798522e+00
4.700004889937343e-06	1.804184e+00
4.700006069857284e-06	1.805630e+00
4.700007294989545e-06	1.804913e+00
4.700009745254068e-06	1.803059e+00
4.700013835646745e-06	1.801283e+00
4.700022016432100e-06	1.799971e+00
4.700032124643845e-06	1.799688e+00
4.700043444438522e-06	1.799790e+00
4.700061915521340e-06	1.799911e+00
4.700082039298196e-06	1.799958e+00
4.700107841471217e-06	1.799980e+00
4.700112203541502e-06	1.799982e+00
4.700113294059073e-06	1.799983e+00
4.700116020353000e-06	1.799984e+00
4.700119291905714e-06	1.799985e+00
4.700123653975998e-06	1.799986e+00
4.700132378116567e-06	1.799988e+00
4.700149826397706e-06	1.799992e+00
4.700184722959982e-06	1.799998e+00
4.700250406996939e-06	1.800004e+00
4.700352915036776e-06	1.800009e+00
4.700468891859057e-06	1.800011e+00
4.700602538371648e-06	1.800011e+00
4.700775865201703e-06	1.800010e+00
4.701040473764081e-06	1.800009e+00
4.701458381317727e-06	1.800007e+00
4.702055682115132e-06	1.800005e+00
4.703250283709942e-06	1.800003e+00
4.703437553616025e-06	1.800003e+00
4.703812093428190e-06	1.800004e+00
4.704325091521376e-06	1.800007e+00
4.704439312829184e-06	1.800017e+00
4.704667755444799e-06	1.799957e+00
4.704841783802603e-06	1.796484e+00
4.704916997220095e-06	1.782749e+00
4.704971097747525e-06	1.744977e+00
4.705038692117824e-06	1.663083e+00
4.705086898845942e-06	1.596315e+00
4.705135057116238e-06	1.504762e+00
4.705156588137664e-06	1.407620e+00
4.705182054738999e-06	1.167715e+00
4.705198190581818e-06	8.864443e-01
4.705217399853727e-06	4.081257e-01
4.705226845236316e-06	1.743461e-01
4.705234025355578e-06	6.274778e-02
4.705243563861272e-06	1.058452e-02
4.705250384799130e-06	2.630762e-03
4.705260522068657e-06	1.662977e-03
4.705273368084753e-06	1.029074e-03
4.705299060116943e-06	5.629826e-04
4.705328527810192e-06	3.745064e-04
4.705364317309474e-06	2.855219e-04
4.705414374000532e-06	2.203119e-04
4.705504471793391e-06	1.583701e-04
4.705598263642266e-06	1.038869e-04
4.705663114513000e-06	5.219780e-05
4.705747614187017e-06	-2.615391e-06
4.705818591977397e-06	-1.331183e-05
4.705895909430870e-06	-1.046096e-05
4.705978599594625e-06	-9.693621e-06
4.706143979922134e-06	-7.747696e-06
4.706474740577153e-06	-4.916941e-06
4.706867732865092e-06	-2.801013e-06
4.707335734101873e-06	-1.482031e-06
4.707779315900928e-06	-8.427253e-07
4.708410409684192e-06	1.591985e-06
4.708422645393893e-06	9.887276e-07
4.708447116813294e-06	-3.330210e-07
4.708453234668144e-06	-3.267538e-07
4.708465470377845e-06	-2.966323e-07
4.708508295361797e-06	-2.821851e-07
4.708532766781198e-06	-2.734556e-07
4.708581709619999e-06	-2.564813e-07
4.708679595297602e-06	-2.262646e-07
4.708875366652807e-06	-1.773076e-07
4.709266909363218e-06	-1.071573e-07
4.709736019397761e-06	-5.597184e-08
4.710463494864448e-06	-1.857909e-08
4.711753708037771e-06	3.816385e-09
4.714334134384415e-06	1.132306e-08
4.718833751557680e-06	8.909218e-09
4.723716564057680e-06	4.942951e-09
4.728599376557680e-06	2.702517e-09
4.733482189057680e-06	1.959000e-09
4.738365001557680e-06	1.631324e-09
4.743247814057679e-06	1.426221e-09
4.748130626557679e-06	1.295464e-09
4.753013439057679e-06	1.201757e-09
4.757896251557679e-06	1.141437e-09
4.762779064057679e-06	1.097604e-09
4.767661876557678e-06	1.069306e-09
4.772544689057678e-06	1.048744e-09
4.777427501557678e-06	1.035385e-09
4.782310314057678e-06	1.025729e-09
4.792075939057677e-06	1.015009e-09
4.795117187600001e-06	1.013039e-09
4.800000000100000e-06	-2.936317e-05
4.800009536843164e-06	-8.597982e-06
4.800028610329492e-06	2.841860e-05
4.800033397238111e-06	1.302247e-06
4.800039125093197e-06	-1.993385e-05
4.800050580803371e-06	-7.886829e-07
4.800070909758898e-06	-9.843890e-07
4.800111567669952e-06	-1.960777e-08
4.800154194342299e-06	-1.285960e-07
4.800211345314811e-06	2.845218e-08
4.800271844057933e-06	-9.316972e-08
4.800365893959375e-06	3.921686e-08
4.800489250363160e-06	-5.418997e-08
4.800735963170731e-06	5.588392e-09
4.801003367580163e-06	-8.291368e-09
4.801332783922894e-06	1.322424e-08
4.801814896007274e-06	-3.087636e-09
4.802386005016659e-06	5.520190e-09
4.803106256091987e-06	-3.806921e-09
4.804111979871047e-06	5.078420e-09
4.805629702120439e-06	-9.325682e-10
4.807639263911846e-06	2.301652e-09
4.810199582032857e-06	8.696648e-10
4.812838793817891e-06	2.367198e-09
4.816602893192592e-06	5.934573e-10
4.820940819329418e-06	1.321058e-09
4.825823631829418e-06	1.012381e-09
4.835589256829417e-06	1.012495e-09
4.845354881829417e-06	1.136294e-09
4.850000000000001e-06	-2.459361e-06
4.850009536743165e-06	-1.664944e-06
4.850028610229493e-06	1.055534e-07
4.850033384145695e-06	6.402956e-08
4.850039032873441e-06	-1.946184e-08
4.850048998133975e-06	3.984556e-09
4.850061588756427e-06	-1.109245e-09
4.850085251426864e-06	1.622234e-09
4.850121886746504e-06	7.143445e-10
4.850176890394059e-06	1.164538e-09
4.850255750132394e-06	8.981733e-10
4.850375135662189e-06	1.078845e-09
4.850565318794736e-06	9.695866e-10
4.850837828732874e-06	1.026244e-09
4.851207425607963e-06	9.857326e-10
4.851761426184367e-06	1.009017e-09
4.852379215345584e-06	1.008457e-09
4.852937916101434e-06	1.008053e-09
4.853541307713861e-06	1.002740e-09
4.854190043206211e-06	1.009757e-09
4.854948328470050e-06	1.007495e-09
4.855641015635291e-06	1.012796e-09
4.856585689496045e-06	1.006102e-09
4.857485670517807e-06	1.008982e-09
4.858575144032473e-06	1.004444e-09
4.859706403663311e-06	1.009937e-09
4.861275949183753e-06	1.005855e-09
4.862756128876620e-06	1.008619e-09
4.864774414084102e-06	1.004871e-09
4.866848229877020e-06	1.007657e-09
4.869699758935039e-06	1.003585e-09
4.873411223689971e-06	1.006168e-09
4.878052312325827e-06	1.004933e-09
4.882935124825827e-06	1.005140e-09
4.887817937325827e-06	1.005136e-09
4.892700749825826e-06	1.005140e-09
4.897583562325826e-06	1.005136e-09
4.902466374825826e-06	1.005140e-09
4.907349187325826e-06	1.005135e-09
4.912231999825826e-06	1.005140e-09
4.917114812325825e-06	1.005136e-09
4.921997624825825e-06	1.005140e-09
4.926880437325825e-06	1.005136e-09
4.931763249825825e-06	1.005140e-09
4.936646062325825e-06	1.005136e-09
4.941528874825824e-06	1.003757e-09
4.945117187500001e-06	1.003753e-09
4.950000000000001e-06	-2.742345e-09
4.950014547242613e-06	-1.521729e-09
4.950043641727836e-06	1.087767e-09
4.950050671202786e-06	1.043428e-09
4.950059612949626e-06	9.759387e-10
4.950071845038404e-06	1.011325e-09
4.950088140890436e-06	1.002696e-09
4.950120732594498e-06	1.011725e-09
4.950174527382579e-06	1.008906e-09
4.950228149417598e-06	1.008435e-09
4.950312030358369e-06	1.006210e-09
4.950421700794690e-06	1.006215e-09
4.950641041667332e-06	1.005294e-09
4.950864784169909e-06	1.005242e-09
4.951172555887968e-06	1.005037e-09
4.951497106746075e-06	1.005121e-09
4.952011072057786e-06	1.005006e-09
4.952711323249216e-06	1.005096e-09
4.953414492597888e-06	1.005099e-09
4.954383821586685e-06	1.005169e-09
4.955533656832798e-06	1.005152e-09
4.956646257561239e-06	1.005146e-09
4.957975834791191e-06	1.005133e-09
4.959335095059132e-06	1.005145e-09
4.960842326848607e-06	1.005124e-09
4.962974783370760e-06	1.005151e-09
4.966257668641933e-06	1.005133e-09
4.970568713931765e-06	1.005140e-09
4.975451526431765e-06	1.005138e-09
4.980334338931764e-06	1.005138e-09
4.985217151431764e-06	1.005138e-09
4.990099963931764e-06	1.005138e-09
4.994982776431764e-06	1.005681e-09
4.995386009636474e-06	1.005002e-09
4.995923653909421e-06	1.005205e-09
4.996998942455315e-06	1.005155e-09
4.998299039094207e-06	1.005069e-09
4.999100767628011e-06	1.005148e-09
5.000000000000000e-06	1.005061e-09
