time	V(comp_out)
0.000000000000000e+00	1.005148e-09
2.000000000000000e-18	1.005148e-09
4.000000000000000e-18	1.005148e-09
8.000000000000001e-18	1.005148e-09
1.600000000000000e-17	1.005148e-09
3.200000000000000e-17	1.005149e-09
6.400000000000000e-17	1.005152e-09
1.000000000000000e-16	1.005156e-09
1.049444498424946e-16	1.005157e-09
1.148333495274839e-16	1.005159e-09
1.852774164511767e-13	1.021132e-09
3.704399995528260e-13	1.035350e-09
5.556025826544753e-13	1.047812e-09
7.407651657561246e-13	1.058519e-09
9.259277488577738e-13	1.067471e-09
1.111090331959423e-12	1.074667e-09
1.296252915061072e-12	1.080108e-09
1.458272647499936e-12	1.084699e-09
1.782312112377665e-12	1.089736e-09
2.430391042133122e-12	1.095739e-09
2.592410774571986e-12	1.096295e-09
2.916450239449715e-12	1.095808e-09
3.564529169205172e-12	1.092728e-09
4.860687028716087e-12	1.082979e-09
7.453002747737915e-12	1.062695e-09
1.263763418578157e-11	1.029264e-09
1.393379204529249e-11	1.023452e-09
1.652610776431432e-11	1.016264e-09
2.171073920235797e-11	1.007161e-09
3.208000207844529e-11	9.993150e-10
5.281852783061991e-11	9.962550e-10
8.173720894690696e-11	9.979647e-10
1.170205229614255e-10	1.000639e-09
1.604224890640407e-10	1.002710e-09
2.170680507073389e-10	1.004064e-09
3.000281790439987e-10	1.004807e-09
4.237287624837017e-10	1.005089e-09
6.330003034462745e-10	1.005147e-09
8.680914981244889e-10	1.005148e-09
1.128086187280587e-09	1.005148e-09
1.463471696585081e-09	1.005148e-09
2.020959269686973e-09	1.005148e-09
2.825472955009700e-09	1.005147e-09
2.927878145640837e-09	1.005147e-09
3.132688526903112e-09	1.005148e-09
3.196691771047573e-09	1.005148e-09
3.222293068705358e-09	1.005148e-09
3.273495664020926e-09	1.005148e-09
3.286296312849818e-09	1.005148e-09
3.318297934922049e-09	1.005148e-09
3.331098583750941e-09	1.005148e-09
3.356699881408725e-09	1.005148e-09
3.407902476724294e-09	1.005148e-09
3.510307667355432e-09	1.005148e-09
3.715118048617707e-09	1.005148e-09
4.124738811142257e-09	1.005148e-09
4.943980336191358e-09	1.005148e-09
5.776537972400821e-09	1.005148e-09
6.676157466710021e-09	1.005148e-09
7.427271470004709e-09	1.005148e-09
8.534619996082530e-09	1.005148e-09
9.752641059122312e-09	1.005148e-09
1.088061300367110e-08	1.005148e-09
1.096630170330440e-08	1.005148e-09
1.113767910257100e-08	1.005148e-09
1.118052345238765e-08	1.005148e-09
1.126621215202095e-08	1.005148e-09
1.128763432692927e-08	1.005148e-09
1.136796748283549e-08	1.005148e-09
1.140545628892506e-08	1.005148e-09
1.141616737637923e-08	1.005148e-09
1.143758955128755e-08	1.005148e-09
1.148043390110420e-08	1.005148e-09
1.156612260073750e-08	1.005148e-09
1.173750000000410e-08	1.005148e-09
1.208025479853731e-08	1.005148e-09
1.262364341537483e-08	1.005148e-09
1.333254931567833e-08	1.005148e-09
1.469132518625552e-08	1.005148e-09
1.694644635684702e-08	1.005148e-09
1.941809637384554e-08	1.005148e-09
2.231606507979875e-08	1.005148e-09
2.580385452650705e-08	1.005148e-09
2.937200139455839e-08	1.005148e-09
3.328342494121994e-08	1.005148e-09
3.816623744121994e-08	1.005148e-09
4.304904994121994e-08	1.005148e-09
4.793186244121994e-08	1.005148e-09
5.281467494121994e-08	1.005148e-09
5.769748744121994e-08	1.005148e-09
6.258029994121994e-08	1.005148e-09
6.746311244121993e-08	1.005148e-09
7.234592494121993e-08	1.005148e-09
7.722873744121993e-08	1.005148e-09
8.211154994121993e-08	1.005148e-09
9.187717494121993e-08	1.005148e-09
9.511718760000000e-08	1.005148e-09
1.000000001000000e-07	1.005148e-09
1.000000001100000e-07	1.005147e-09
1.000000001300000e-07	1.005147e-09
1.000000001700000e-07	1.005148e-09
1.000000002000000e-07	1.005148e-09
1.000000002010000e-07	1.005148e-09
1.002857144871429e-07	1.043868e-09
1.005714287732857e-07	1.075127e-09
1.008571430594286e-07	1.098924e-09
1.011428573455714e-07	1.115259e-09
1.014285716317143e-07	1.124132e-09
1.017142859178572e-07	1.125543e-09
1.020000002040000e-07	1.119493e-09
1.080000002040000e-07	1.005146e-09
2.000000000000000e-07	1.005227e-09
2.000000000100000e-07	2.136689e-06
2.000000000110000e-07	2.470393e-06
2.000000000120000e-07	3.033273e-06
2.000000000140000e-07	7.286777e-06
2.000000003580000e-07	1.033202e-03
2.000000005300000e-07	1.238677e-03
2.000000256849989e-07	1.175444e-03
2.000000508399978e-07	1.115140e-03
2.000000759949967e-07	1.057766e-03
2.000001011499957e-07	1.003321e-03
2.000001263049946e-07	9.518060e-04
2.000001514599935e-07	9.032204e-04
2.000001766149924e-07	8.575643e-04
2.000003527429848e-07	5.907424e-04
2.000007049989696e-07	2.605163e-04
2.000014095109392e-07	-1.749758e-05
2.000028185348784e-07	-1.204193e-04
2.000056361569136e-07	-7.121117e-05
2.000099513668569e-07	-1.827721e-05
2.000185817867434e-07	1.109872e-06
2.000358426265165e-07	2.527138e-06
2.000703643060627e-07	4.098531e-07
2.001283889383681e-07	5.187568e-08
2.002089866024965e-07	-8.102139e-09
2.003701819307532e-07	-3.320573e-08
2.006272360342099e-07	-1.980018e-07
2.009830073979901e-07	-4.654303e-07
2.015111503461176e-07	-1.016138e-06
2.024077273488477e-07	-2.507417e-06
2.029500868004606e-07	-4.898201e-06
2.033960815782106e-07	-1.097679e-05
2.037608153542145e-07	-2.205233e-05
2.043195469155812e-07	-4.412145e-05
2.047002436935341e-07	-5.321843e-05
2.051066387760785e-07	1.265581e-03
2.055248827685870e-07	8.930082e-03
2.056294437667141e-07	2.669645e-02
2.058385657629684e-07	1.101369e-01
2.058637053250706e-07	1.382119e-01
2.059139844492750e-07	2.392823e-01
2.059222252558323e-07	2.645351e-01
2.059387068689469e-07	3.335741e-01
2.059716700951761e-07	4.875910e-01
2.059763214360212e-07	5.105225e-01
2.059856241177114e-07	5.585572e-01
2.060042294810916e-07	6.600885e-01
2.060085983396352e-07	6.876707e-01
2.060173360567223e-07	7.569215e-01
2.060282871585375e-07	8.638731e-01
2.060304690263438e-07	8.913335e-01
2.060348327619565e-07	9.627221e-01
2.060416036954789e-07	1.106671e+00
2.060471627690429e-07	1.267465e+00
2.060519931800776e-07	1.444275e+00
2.060575920455575e-07	1.657779e+00
2.060601902824570e-07	1.728606e+00
2.060639423265072e-07	1.775376e+00
2.060670845859817e-07	1.789429e+00
2.060704193839331e-07	1.794242e+00
2.060746937574153e-07	1.797265e+00
2.060805400806637e-07	1.798864e+00
2.060883834573065e-07	1.799370e+00
2.060971236515639e-07	1.799596e+00
2.061105718364302e-07	1.799913e+00
2.061292658333627e-07	1.800128e+00
2.061554561042487e-07	1.800180e+00
2.061965853639541e-07	1.800178e+00
2.062788438833651e-07	1.800166e+00
2.064433609221870e-07	1.800140e+00
2.067723949998308e-07	1.800093e+00
2.068546535192418e-07	1.800087e+00
2.070191705580637e-07	1.800081e+00
2.070345940304533e-07	1.800080e+00
2.070705821326956e-07	1.800078e+00
2.071065702349379e-07	1.800075e+00
2.072505226439070e-07	1.800067e+00
2.074150396827290e-07	1.800060e+00
2.077440737603728e-07	1.800047e+00
2.081613639941493e-07	1.800035e+00
2.087030449068314e-07	1.800025e+00
2.095740721816635e-07	1.800015e+00
2.109790828731121e-07	1.800007e+00
2.124243555378488e-07	1.800003e+00
2.144229190197542e-07	1.800001e+00
2.163781375929056e-07	1.800000e+00
2.186640257892703e-07	1.800000e+00
2.215902337500743e-07	1.800000e+00
2.264730462500743e-07	1.800000e+00
2.313558587500743e-07	1.800000e+00
2.362386712500743e-07	1.800000e+00
2.411214837500743e-07	1.800000e+00
2.460042962500743e-07	1.800000e+00
2.461637960668189e-07	1.800000e+00
2.463232958835635e-07	1.800000e+00
2.464827957003080e-07	1.800000e+00
2.466422955170526e-07	1.800000e+00
2.468017953337971e-07	1.800000e+00
2.469612951505417e-07	1.800000e+00
2.471207949672862e-07	1.800000e+00
2.489687928440507e-07	1.800000e+00
2.505036556621386e-07	1.800000e+00
2.535733812983143e-07	1.800000e+00
2.584561937983143e-07	1.800000e+00
2.633390062983143e-07	1.800000e+00
2.682218187983143e-07	1.800000e+00
2.731046312983144e-07	1.800000e+00
2.779874437983144e-07	1.800000e+00
2.828702562983144e-07	1.800000e+00
2.877530687983144e-07	1.800000e+00
2.926358812983144e-07	1.800000e+00
2.951171876000000e-07	1.800000e+00
3.000000001000000e-07	1.799691e+00
3.000121328424515e-07	1.799833e+00
3.000363983273543e-07	1.800271e+00
3.000423647168764e-07	1.800177e+00
3.000495851771778e-07	1.800051e+00
3.000605105473226e-07	1.800072e+00
3.000745562781506e-07	1.800036e+00
3.000937703765343e-07	1.800031e+00
3.001321985733018e-07	1.800010e+00
3.001775984087444e-07	1.800006e+00
3.002683980796297e-07	1.800000e+00
3.004096501277356e-07	1.800001e+00
3.006882181422396e-07	1.800000e+00
3.009721764047385e-07	1.800000e+00
3.013323171586503e-07	1.800000e+00
3.017175975737109e-07	1.800000e+00
3.022357493646036e-07	1.800000e+00
3.029161397217844e-07	1.800000e+00
3.037075181104867e-07	1.800000e+00
3.046550137943709e-07	1.800000e+00
3.056349994655581e-07	1.800000e+00
3.069047068673215e-07	1.800000e+00
3.081981675790778e-07	1.800000e+00
3.094404621828254e-07	1.800000e+00
3.112436147124674e-07	1.800000e+00
3.134023972540887e-07	1.800000e+00
3.158541778838184e-07	1.800000e+00
3.179543564294432e-07	1.800000e+00
3.204685411278004e-07	1.800000e+00
3.216478129634909e-07	1.800000e+00
3.228074950147213e-07	1.800000e+00
3.239890981831687e-07	1.800000e+00
3.253174652072581e-07	1.800000e+00
3.261797586371216e-07	1.800000e+00
3.268788487391254e-07	1.800000e+00
3.275444319671331e-07	1.800000e+00
3.283054142463894e-07	1.800000e+00
3.287713174296990e-07	1.800000e+00
3.293125294268069e-07	1.800000e+00
3.299117311608001e-07	1.800000e+00
3.306753342816023e-07	1.800000e+00
3.315874511676292e-07	1.800000e+00
3.324756439993936e-07	1.800000e+00
3.336818724566678e-07	1.800000e+00
3.350675172515857e-07	1.800000e+00
3.375532902535767e-07	1.800000e+00
3.399929896410825e-07	1.800000e+00
3.437799264086308e-07	1.800000e+00
3.454762759751052e-07	1.800000e+00
3.466073008670513e-07	1.800000e+00
3.477379502161077e-07	1.800000e+00
3.499992489142206e-07	1.799965e+00
3.500000000000000e-07	1.799977e+00
3.500000000100001e-07	1.799977e+00
3.500000002814063e-07	1.799977e+00
3.500000002842188e-07	1.799977e+00
3.510000002842188e-07	1.799994e+00
3.520000002842189e-07	1.800000e+00
3.530000002842189e-07	1.800000e+00
3.540000002842189e-07	1.800000e+00
3.556220084239466e-07	1.800000e+00
3.572655240257651e-07	1.800000e+00
3.597340734732311e-07	1.800000e+00
3.624779264990335e-07	1.800000e+00
3.667059017709880e-07	1.800000e+00
3.715887142709880e-07	1.800000e+00
3.764715267709880e-07	1.800000e+00
4.500000000000000e-07	1.800000e+00
4.500000000100001e-07	1.800000e+00
4.500000000300000e-07	1.800000e+00
4.500000000700001e-07	1.800000e+00
4.500000001000001e-07	1.800000e+00
4.500000001010000e-07	1.800000e+00
4.510000001010001e-07	1.800000e+00
4.520000001010001e-07	1.800000e+00
4.530000001010001e-07	1.800000e+00
4.540000001010001e-07	1.800000e+00
4.541697801988922e-07	1.800000e+00
4.545093403946764e-07	1.800000e+00
4.551884607862448e-07	1.800000e+00
4.565467015693817e-07	1.800000e+00
4.574233012838110e-07	1.800000e+00
4.581816076386804e-07	1.800000e+00
4.589622176824217e-07	1.800000e+00
4.597404925839442e-07	1.800000e+00
4.606490109791703e-07	1.800000e+00
4.616013839629660e-07	1.800000e+00
4.621364879972523e-07	1.800000e+00
4.625888381703814e-07	1.800000e+00
4.629523196122422e-07	1.800000e+00
4.633499502057723e-07	1.800000e+00
4.637754646182278e-07	1.800000e+00
4.640573826167113e-07	1.800000e+00
4.644284428787618e-07	1.800000e+00
4.647959558703063e-07	1.800000e+00
4.652606670502344e-07	1.800000e+00
4.658318390478407e-07	1.800000e+00
4.665080310092293e-07	1.800000e+00
4.673312850570598e-07	1.800000e+00
4.684027595395766e-07	1.800000e+00
4.698433465417297e-07	1.800000e+00
4.715954506593826e-07	1.800000e+00
4.738390668838515e-07	1.800000e+00
4.762517536713701e-07	1.800000e+00
4.810771272464074e-07	1.800000e+00
4.859599397464074e-07	1.800000e+00
4.908427522464074e-07	1.800000e+00
4.957255647464074e-07	1.800000e+00
5.006083772464074e-07	1.800000e+00
5.054911897464074e-07	1.800000e+00
5.152568147464075e-07	1.800000e+00
5.477460086856299e-07	1.800000e+00
5.500000001000001e-07	1.800000e+00
5.500000001100001e-07	1.800000e+00
5.500000001300001e-07	1.800000e+00
5.500000001350001e-07	1.800000e+00
5.500000001450001e-07	1.800000e+00
5.500000001475001e-07	1.800000e+00
5.500000001525002e-07	1.800000e+00
5.500000001537502e-07	1.800000e+00
5.500000001562502e-07	1.800000e+00
5.500000001612502e-07	1.800000e+00
5.500000001712502e-07	1.800000e+00
5.500000001912502e-07	1.800000e+00
5.500000001923440e-07	1.800000e+00
5.500000001945314e-07	1.800000e+00
5.501000002000001e-07	1.800000e+00
5.502000002000001e-07	1.800000e+00
5.503139318607956e-07	1.800000e+00
5.505417951823866e-07	1.800000e+00
5.509975218255685e-07	1.800000e+00
5.514442327305607e-07	1.800000e+00
5.523376545405451e-07	1.800000e+00
5.538049175989774e-07	1.800000e+00
5.556698659457810e-07	1.800000e+00
5.562701034063929e-07	1.800000e+00
5.574705783276167e-07	1.800000e+00
5.575990502575523e-07	1.800000e+00
5.578559941174236e-07	1.800000e+00
5.583698818371660e-07	1.800000e+00
5.589722246605151e-07	1.800000e+00
5.600000001000000e-07	1.800000e+00
5.600030022927271e-07	1.800000e+00
5.600090066781813e-07	1.800000e+00
5.600104601340698e-07	1.800000e+00
5.600122850409028e-07	1.800000e+00
5.600159348545687e-07	1.800000e+00
5.600209517518367e-07	1.800000e+00
5.600309855463727e-07	1.800000e+00
5.600497149962982e-07	1.800000e+00
5.600723560929349e-07	1.800000e+00
5.601116231967489e-07	1.800000e+00
5.601744707629223e-07	1.800000e+00
5.603001658952693e-07	1.800000e+00
5.605515561599630e-07	1.800000e+00
5.609539518853783e-07	1.800000e+00
5.617282698864072e-07	1.800000e+00
5.632603587637613e-07	1.800000e+00
5.648548082829218e-07	1.800000e+00
5.670191971926495e-07	1.800000e+00
5.702847909879536e-07	1.800000e+00
5.748702936374862e-07	1.800000e+00
5.888211864946291e-07	1.800000e+00
6.027720793517721e-07	1.800000e+00
6.167229722089149e-07	1.800000e+00
6.306738650660578e-07	1.800000e+00
6.446247579232008e-07	1.800000e+00
6.585756507803436e-07	1.800000e+00
6.725265436374865e-07	1.800000e+00
6.951171875000001e-07	1.800000e+00
7.000000000000001e-07	1.790262e+00
7.000011920928955e-07	1.788348e+00
7.000035762786866e-07	1.792720e+00
7.000041690357766e-07	1.798587e+00
7.000048898385356e-07	1.804140e+00
7.000061786033952e-07	1.805519e+00
7.000073801067011e-07	1.804746e+00
7.000097831133131e-07	1.802889e+00
7.000140013316602e-07	1.801029e+00
7.000208418192480e-07	1.799787e+00
7.000284054674430e-07	1.799448e+00
7.000401258726048e-07	1.799520e+00
7.000559472918167e-07	1.799765e+00
7.000725225829701e-07	1.799991e+00
7.000892872978549e-07	1.800137e+00
7.001084289508907e-07	1.800245e+00
7.001108690910507e-07	1.800252e+00
7.001157493713705e-07	1.800253e+00
7.001169694414505e-07	1.800252e+00
7.001194095816105e-07	1.800250e+00
7.001200196166504e-07	1.800250e+00
7.001212396867304e-07	1.800250e+00
7.001236798268904e-07	1.800250e+00
7.001285601072103e-07	1.800251e+00
7.001383206678500e-07	1.800237e+00
7.001578417891295e-07	1.799563e+00
7.001968840316886e-07	1.794527e+00
7.002170065534521e-07	1.784477e+00
7.002438993306728e-07	1.750716e+00
7.002590283412522e-07	1.706761e+00
7.002732769397045e-07	1.618858e+00
7.002930771291953e-07	1.407737e+00
7.003071878571640e-07	1.159334e+00
7.003178321559459e-07	8.597006e-01
7.003262364286223e-07	5.421565e-01
7.003339547724079e-07	2.472255e-01
7.003398213312893e-07	9.499586e-02
7.003466402812545e-07	2.072210e-02
7.003529014741486e-07	3.521777e-03
7.003601384345953e-07	1.180563e-03
7.003685363883635e-07	7.699469e-04
7.003853322959002e-07	5.575075e-04
7.004174828889006e-07	3.780328e-04
7.004648194917304e-07	2.742300e-04
7.005312757428719e-07	1.992904e-04
7.006043187818427e-07	1.571071e-04
7.006966945702680e-07	1.012346e-04
7.007587653331369e-07	5.193205e-05
7.008466446200576e-07	-3.951478e-06
7.009130521067595e-07	-1.210587e-05
7.009920947119813e-07	-8.650854e-06
7.010740458160801e-07	-7.920192e-06
7.012379480242774e-07	-6.213471e-06
7.015016542171703e-07	-4.248708e-06
7.018715202248427e-07	-2.589150e-06
7.022663007651437e-07	-1.553337e-06
7.027522577624751e-07	-8.884742e-07
7.033721410870216e-07	-4.196099e-07
7.041783796613070e-07	-1.846965e-07
7.051843514099565e-07	-2.514259e-05
7.053609754064808e-07	-1.970535e-05
7.057142233995296e-07	1.808749e-08
7.058025353977917e-07	1.388342e-08
7.059791593943161e-07	-1.271890e-08
7.062188633895991e-07	-9.554488e-09
7.064585673848822e-07	-6.768912e-09
7.066982713801652e-07	-4.362172e-09
7.069379753754484e-07	-2.334267e-09
7.071776793707314e-07	-6.851984e-10
7.074173833660145e-07	5.850349e-10
7.076570873612976e-07	1.476432e-09
7.090700793334924e-07	5.186630e-09
7.110023568413016e-07	7.138858e-09
7.148669118569201e-07	8.450336e-09
7.197497243569201e-07	8.874521e-09
7.246325368569201e-07	7.890319e-09
7.295153493569201e-07	5.833193e-09
7.343981618569202e-07	3.900198e-09
7.392809743569202e-07	2.718284e-09
7.441637868569202e-07	2.069112e-09
7.490465993569202e-07	1.686872e-09
7.539294118569202e-07	1.448657e-09
7.588122243569202e-07	1.294626e-09
7.636950368569202e-07	1.194846e-09
7.685778493569203e-07	1.129353e-09
7.734606618569203e-07	1.086667e-09
7.783434743569203e-07	1.058572e-09
7.832262868569203e-07	1.040226e-09
7.881090993569203e-07	1.028146e-09
7.895770747131988e-07	1.025211e-09
7.910450500694772e-07	1.022599e-09
7.925130254257557e-07	1.020310e-09
7.939810007820340e-07	1.018343e-09
7.954489761383125e-07	1.016698e-09
7.969169514945909e-07	1.015376e-09
7.983849268508694e-07	1.014377e-09
8.000000001000000e-07	-8.088939e-05
8.000046697832999e-07	-3.944368e-05
8.000140091498998e-07	1.211246e-04
8.000162730157027e-07	8.539424e-05
8.000191279280665e-07	1.186888e-05
8.000248377527939e-07	1.268604e-06
8.000362574022489e-07	-5.870334e-07
8.000590967011590e-07	-5.771547e-07
8.000936539760614e-07	-1.482006e-07
8.001533843017593e-07	-1.058833e-08
8.002120901696215e-07	4.237265e-09
8.002911269316045e-07	1.182283e-10
8.003901823597388e-07	2.174745e-09
8.005831867534206e-07	7.327408e-10
8.008351747783388e-07	1.117213e-09
8.011230744125672e-07	8.802965e-10
8.014710432906544e-07	1.165941e-09
8.019574045493114e-07	9.408347e-10
8.025368653682318e-07	1.042400e-09
8.031883544877252e-07	9.291518e-10
8.040775880086087e-07	1.068299e-09
8.053615530505440e-07	9.548553e-10
8.073610042460797e-07	9.987694e-10
8.092234834396587e-07	9.757308e-10
8.119081986363133e-07	1.017264e-09
8.151909428899848e-07	9.874213e-10
8.200737553899848e-07	1.005157e-09
8.249565678899849e-07	1.005074e-09
8.463759267200305e-07	1.023411e-09
8.477868103201824e-07	7.257318e-10
8.492250857632820e-07	1.161907e-09
8.500000000000001e-07	3.837786e-08
8.500021818359064e-07	2.883944e-08
8.500065455077191e-07	3.827863e-10
8.500076065484130e-07	-1.027419e-09
8.500089337137843e-07	2.806465e-10
8.500115880445269e-07	9.352179e-10
8.500153789090101e-07	1.039361e-09
8.500229606379765e-07	9.932922e-10
8.500333027867312e-07	9.919161e-10
8.500493230898691e-07	1.001346e-09
8.500764404627041e-07	1.005648e-09
8.501091233475469e-07	1.006805e-09
8.501580295888076e-07	1.006680e-09
8.502276780880713e-07	1.006101e-09
8.503525197181953e-07	1.005598e-09
8.505471707444073e-07	1.005283e-09
8.508140997069376e-07	1.005127e-09
8.511919060256946e-07	1.005048e-09
8.517335246443130e-07	1.005060e-09
8.523089702968576e-07	1.005127e-09
8.528698846547686e-07	1.005177e-09
8.534759181803980e-07	1.005182e-09
8.540858158635534e-07	1.005151e-09
8.547383091567360e-07	1.005121e-09
8.555208993880031e-07	1.005119e-09
8.564464584403719e-07	1.005138e-09
8.575189221442086e-07	1.005147e-09
8.586583957182175e-07	1.005139e-09
8.601258347629493e-07	1.005134e-09
8.617062085536311e-07	1.005138e-09
8.638389039272510e-07	1.005139e-09
8.661418377655287e-07	1.005137e-09
8.706296360358148e-07	1.005138e-09
8.755036690241569e-07	1.005138e-09
8.803864815241570e-07	1.005138e-09
8.852692940241570e-07	1.005138e-09
8.901521065241570e-07	1.005138e-09
8.950349190241570e-07	1.005138e-09
8.999177315241570e-07	1.005138e-09
9.048005440241570e-07	1.005138e-09
9.096833565241570e-07	1.005138e-09
9.145661690241571e-07	1.005138e-09
9.194489815241571e-07	1.005138e-09
9.243317940241571e-07	1.005138e-09
9.292146065241571e-07	1.005138e-09
9.340974190241571e-07	1.005138e-09
9.389802315241571e-07	1.005138e-09
9.438630440241571e-07	1.005138e-09
9.451171875000001e-07	1.005138e-09
9.476254744516861e-07	1.005138e-09
9.500000000000001e-07	1.005096e-09
9.500000000100001e-07	1.005096e-09
9.500000003700001e-07	1.005137e-09
9.500000005500001e-07	1.005148e-09
9.500000070814289e-07	1.005150e-09
9.500000136128577e-07	1.005152e-09
9.500000201442865e-07	1.005153e-09
9.500000266757154e-07	1.005154e-09
9.500000332071443e-07	1.005154e-09
9.500000397385731e-07	1.005153e-09
9.500000462700019e-07	1.005152e-09
9.500000923500037e-07	1.005153e-09
9.500001845100073e-07	1.005153e-09
9.500003688300144e-07	1.005153e-09
9.500007374700288e-07	1.005153e-09
9.500014747500575e-07	1.005132e-09
9.500029493101149e-07	1.004834e-09
9.500058984302297e-07	1.003220e-09
9.500114175606358e-07	9.988740e-10
9.500166367688460e-07	9.956604e-10
9.500244138840014e-07	9.942961e-10
9.500333271105594e-07	9.958978e-10
9.500488974887910e-07	1.000369e-09
9.500689829771658e-07	1.004334e-09
9.501034655702412e-07	1.007035e-09
9.501436789368180e-07	1.007469e-09
9.502042248716802e-07	1.006825e-09
9.502808719292971e-07	1.006139e-09
9.504220975400967e-07	1.005527e-09
9.506312766453608e-07	1.005210e-09
9.508745075800484e-07	1.005115e-09
9.511563019586923e-07	1.005084e-09
9.515884365399597e-07	1.005076e-09
9.522677798536730e-07	1.005097e-09
9.530218178072448e-07	1.005128e-09
9.539162038572747e-07	1.005149e-09
9.551789057046986e-07	1.005146e-09
9.563265108223139e-07	1.005136e-09
9.577932681563147e-07	1.005136e-09
9.593374284045394e-07	1.005139e-09
9.610330363851789e-07	1.005138e-09
9.644242523464578e-07	1.005138e-09
9.682152285825927e-07	1.005138e-09
9.730980410825927e-07	1.005138e-09
9.779808535825928e-07	1.005138e-09
9.828636660825928e-07	1.005138e-09
9.877464785825928e-07	1.005138e-09
9.926292910825928e-07	1.005138e-09
1.002394916082593e-06	1.005138e-09
1.045117187600000e-06	1.005138e-09
1.050000000100000e-06	1.005138e-09
1.051283932613798e-06	1.005144e-09
1.051844191551485e-06	1.005137e-09
1.052250097555966e-06	1.005132e-09
1.052728994866764e-06	1.005136e-09
1.053686789488360e-06	1.005139e-09
1.055415264533147e-06	1.005139e-09
1.057396155024188e-06	1.005138e-09
1.060000000100000e-06	9.132636e-10
1.060007242216129e-06	9.266375e-10
1.060021726448386e-06	1.107458e-09
1.060025252661989e-06	1.156630e-09
1.060029595030518e-06	1.143591e-09
1.060038279767575e-06	1.062181e-09
1.060049304854821e-06	1.021477e-09
1.060071012152403e-06	1.005596e-09
1.060114426747568e-06	1.003628e-09
1.060172305410826e-06	1.004945e-09
1.060288062737343e-06	1.004985e-09
1.060519577390376e-06	1.005126e-09
1.060909602025049e-06	1.005130e-09
1.061546423447066e-06	1.005143e-09
1.062820066291101e-06	1.005135e-09
1.064064909791643e-06	1.005138e-09
1.065852636757969e-06	1.005137e-09
1.067916157984686e-06	1.005140e-09
1.071173404423446e-06	1.005137e-09
1.075423579539493e-06	1.005138e-09
1.085189204539493e-06	1.005138e-09
1.187728267039494e-06	1.005138e-09
1.195117187500000e-06	1.005136e-09
1.200000000000000e-06	1.565942e-05
1.200014279314092e-06	1.231886e-05
1.200042837942277e-06	1.450424e-05
1.200049749948236e-06	1.412374e-05
1.200058493827136e-06	7.418676e-06
1.200075981584936e-06	1.542163e-06
1.200106244145042e-06	2.238539e-06
1.200166769265254e-06	-4.567207e-08
1.200242996850724e-06	-4.631199e-07
1.200345111383267e-06	-8.669215e-07
1.200474738314398e-06	-6.104904e-07
1.200694918868083e-06	-6.445497e-07
1.201121196369258e-06	-3.071296e-07
1.201853633311148e-06	-1.537101e-07
1.202954658557144e-06	-1.694622e-08
1.204200774029218e-06	-3.743545e-09
1.206014881535670e-06	4.734505e-09
1.208656444137027e-06	-1.477854e-08
1.213539256637027e-06	-9.275936e-09
1.218422069137027e-06	-6.937626e-09
1.223304881637027e-06	-4.951744e-09
1.228187694137027e-06	-3.439709e-09
1.233070506637027e-06	-2.327397e-09
1.237953319137027e-06	-1.516128e-09
1.242836131637027e-06	-9.376890e-10
1.247718944137027e-06	-5.293259e-10
1.252601756637027e-06	-2.391971e-10
1.257484569137027e-06	-4.092726e-11
1.262367381637027e-06	1.027729e-10
1.267250194137027e-06	1.964509e-10
1.272133006637027e-06	2.687557e-10
1.277015819137027e-06	3.115019e-10
1.281898631637027e-06	3.483365e-10
1.286781444137027e-06	3.660716e-10
1.291664256637027e-06	-2.605107e-09
1.295117187600000e-06	-2.601340e-09
1.300000000100000e-06	-2.738451e-05
1.300014111111092e-06	-1.113271e-05
1.300042333133275e-06	4.389997e-06
1.300049171559385e-06	-9.925096e-06
1.300057770656186e-06	-1.401092e-05
1.300074968849789e-06	9.269882e-07
1.300098355630229e-06	-1.287195e-06
1.300145129191107e-06	7.822942e-09
1.300190499217745e-06	-3.492365e-07
1.300262309803868e-06	2.014556e-08
1.300334264470858e-06	-2.144583e-07
1.300462262517838e-06	7.077285e-08
1.300635846207841e-06	-6.516655e-08
1.300906763825005e-06	1.069048e-08
1.301200214441939e-06	-3.036125e-08
1.301620541134868e-06	2.713909e-08
1.302284756698381e-06	3.570674e-09
1.302910571599568e-06	1.956655e-08
1.303947401690134e-06	-4.850732e-09
1.305260225876234e-06	9.629535e-09
1.307413759741948e-06	-1.413632e-09
1.310054542323814e-06	1.545829e-09
1.312817951527354e-06	-1.497445e-09
1.316484655653843e-06	2.005999e-09
1.320659805783029e-06	6.259961e-11
1.325542618283029e-06	1.057515e-09
1.330425430783029e-06	1.051149e-09
1.340191055783029e-06	1.050921e-09
1.345073868283029e-06	-6.091145e-07
1.345117187500000e-06	-3.159492e-07
1.345203825933943e-06	1.433032e-07
1.345377102801827e-06	-6.634961e-08
1.345723656537597e-06	3.383154e-08
1.346416764009136e-06	-1.514127e-08
1.347802978952215e-06	6.972332e-09
1.350000000000000e-06	4.848211e-06
1.350006065194112e-06	3.331879e-06
1.350018195582337e-06	-3.118115e-07
1.350021148069019e-06	-2.422377e-07
1.350024792174331e-06	1.250737e-08
1.350032080384955e-06	3.741306e-10
1.350040662878542e-06	1.401065e-09
1.350057827865717e-06	9.403142e-10
1.350081916249113e-06	1.057338e-09
1.350116333374757e-06	9.937019e-10
1.350164261366278e-06	1.025069e-09
1.350237285799961e-06	9.987489e-10
1.350349230286659e-06	1.010959e-09
1.350511788986251e-06	1.002110e-09
1.350758075322678e-06	1.006728e-09
1.351083092210133e-06	1.003563e-09
1.351541536309283e-06	1.005318e-09
1.352061916516685e-06	1.004667e-09
1.352650646181154e-06	1.005016e-09
1.353210439546265e-06	1.005225e-09
1.353766113189892e-06	1.005423e-09
1.354363986832214e-06	1.004918e-09
1.355028766399921e-06	1.005218e-09
1.355727715986895e-06	1.004848e-09
1.356522958890219e-06	1.005232e-09
1.357364732198479e-06	1.004832e-09
1.358408528130847e-06	1.005042e-09
1.359371760512896e-06	1.004740e-09
1.360698813721562e-06	1.005201e-09
1.362117201213636e-06	1.004948e-09
1.363889892849437e-06	1.005258e-09
1.365985718542568e-06	1.004965e-09
1.368832965166981e-06	1.005214e-09
1.372214178881199e-06	1.005044e-09
1.376632844200807e-06	1.005167e-09
1.381515656700807e-06	1.005138e-09
1.386398469200807e-06	1.005138e-09
1.391281281700807e-06	1.005138e-09
1.396164094200807e-06	1.005138e-09
1.401046906700807e-06	1.005138e-09
1.405929719200807e-06	1.005138e-09
1.410812531700807e-06	1.005138e-09
1.415695344200807e-06	1.005138e-09
1.420578156700807e-06	1.005138e-09
1.425460969200808e-06	1.005138e-09
1.430343781700808e-06	1.005138e-09
1.435226594200808e-06	1.005138e-09
1.440109406700808e-06	1.005138e-09
1.444992219200808e-06	9.950365e-10
1.445117187500000e-06	9.998993e-10
1.445367124098385e-06	1.007661e-09
1.445866997295155e-06	1.003901e-09
1.446866743688695e-06	1.005285e-09
1.448000507212920e-06	1.004672e-09
1.450000000000000e-06	7.379399e-10
1.450006050511105e-06	8.178929e-10
1.450018151533316e-06	1.004390e-09
1.450021069052663e-06	9.972702e-10
1.450024791071988e-06	9.802295e-10
1.450032235110636e-06	9.815613e-10
1.450047123187933e-06	9.907299e-10
1.450066952019705e-06	1.002466e-09
1.450090958804887e-06	1.009515e-09
1.450120799188548e-06	1.011162e-09
1.450160813024124e-06	1.010047e-09
1.450214757839773e-06	1.008345e-09
1.450289255906577e-06	1.006933e-09
1.450393177307517e-06	1.006008e-09
1.450548870586959e-06	1.005471e-09
1.450787409194977e-06	1.005192e-09
1.451066067716850e-06	1.005069e-09
1.451429337040085e-06	1.005017e-09
1.451856748339849e-06	1.005028e-09
1.452462362018412e-06	1.005075e-09
1.453126680622986e-06	1.005116e-09
1.453977265630037e-06	1.005147e-09
1.455124065272293e-06	1.005157e-09
1.456250467089120e-06	1.005142e-09
1.457410875435722e-06	1.005132e-09
1.458759060236116e-06	1.005137e-09
1.460261775393746e-06	1.005139e-09
1.461901853432021e-06	1.005138e-09
1.465182009508570e-06	1.005138e-09
1.468717954660572e-06	1.005138e-09
1.473600767160572e-06	1.005138e-09
1.478483579660572e-06	1.005138e-09
1.483366392160572e-06	1.005138e-09
1.488249204660572e-06	1.005138e-09
1.493132017160572e-06	1.005138e-09
1.498014829660572e-06	1.005138e-09
1.507780454660572e-06	1.005138e-09
1.512663267160572e-06	1.005138e-09
1.545117187600000e-06	1.005138e-09
1.550000000100000e-06	1.005138e-09
1.554882812600000e-06	1.005142e-09
1.555117187600000e-06	1.005141e-09
1.555585937600000e-06	1.005137e-09
1.556523437599999e-06	1.005137e-09
1.558125000100001e-06	1.005138e-09
1.560000000100000e-06	8.888087e-10
1.560005062270673e-06	8.831783e-10
1.560015186612020e-06	1.021270e-09
1.560017663229843e-06	1.105288e-09
1.560020672314708e-06	1.158137e-09
1.560026690484438e-06	1.120377e-09
1.560032338213713e-06	1.079433e-09
1.560043633672264e-06	1.036641e-09
1.560064460909867e-06	1.008352e-09
1.560090351934481e-06	1.003294e-09
1.560142133983709e-06	1.004641e-09
1.560245698082165e-06	1.005155e-09
1.560452826279077e-06	1.005140e-09
1.560780563014017e-06	1.005150e-09
1.561301785528253e-06	1.005135e-09
1.562229629908175e-06	1.005135e-09
1.563485727117274e-06	1.005134e-09
1.564831335655912e-06	1.005137e-09
1.566887564985509e-06	1.005137e-09
1.569894030867124e-06	1.005138e-09
1.573638637995721e-06	1.005138e-09
1.578521450495721e-06	1.005138e-09
1.583404262995721e-06	1.005138e-09
1.588287075495722e-06	1.005138e-09
1.695117187500000e-06	1.005138e-09
1.700000000000000e-06	2.578919e-05
1.700009536743164e-06	4.364493e-05
1.700009674748367e-06	3.715805e-05
1.700009950758773e-06	1.549974e-05
1.700010502779585e-06	-5.810751e-06
1.700011606821209e-06	-1.351767e-05
1.700013814904456e-06	-2.834425e-06
1.700018231070950e-06	1.158468e-05
1.700027063403938e-06	1.280462e-05
1.700044018808835e-06	4.758839e-06
1.700062665147600e-06	1.299352e-06
1.700094673060318e-06	2.430351e-07
1.700138936658043e-06	-1.313914e-07
1.700212769405400e-06	-3.589565e-07
1.700322782005166e-06	-5.390841e-07
1.700542807204697e-06	-5.070247e-07
1.700776398095506e-06	-3.827375e-07
1.701235151541790e-06	-1.912238e-07
1.701893407666397e-06	-5.849814e-08
1.703209919915611e-06	2.088912e-08
1.704845482812327e-06	2.058480e-08
1.707297126193803e-06	-2.948291e-09
1.710880121531232e-06	-1.378996e-08
1.715762934031232e-06	-1.490856e-08
1.720645746531232e-06	-1.281269e-08
1.725528559031232e-06	-9.484182e-09
1.730411371531232e-06	-6.584997e-09
1.735294184031232e-06	-4.309996e-09
1.740176996531232e-06	-2.673811e-09
1.745059809031232e-06	-1.509349e-09
1.749942621531232e-06	-7.054446e-10
1.754825434031232e-06	-1.512781e-10
1.759708246531233e-06	2.259029e-10
1.764591059031233e-06	4.813039e-10
1.769473871531233e-06	6.542145e-10
1.774356684031233e-06	7.697736e-10
1.779239496531233e-06	8.479013e-10
1.784122309031233e-06	8.992416e-10
1.789005121531233e-06	9.343211e-10
1.795117187600000e-06	6.772136e-10
1.797575694737536e-06	9.660852e-10
1.800000000100000e-06	-4.708247e-05
1.800006952186729e-06	-1.760077e-05
1.800020856360186e-06	6.356085e-05
1.800024230483741e-06	2.878649e-05
1.800028461401327e-06	-1.556911e-05
1.800036923236499e-06	-2.927197e-06
1.800049950705474e-06	-1.208548e-06
1.800076005643424e-06	-2.259291e-07
1.800109410306279e-06	-9.014101e-08
1.800149288640371e-06	-3.454266e-09
1.800188372751043e-06	-1.855996e-08
1.800238939339453e-06	9.565523e-09
1.800297849578762e-06	-1.030187e-08
1.800380191331018e-06	6.719338e-09
1.800485175950148e-06	-6.750380e-09
1.800667908511959e-06	1.620053e-09
1.800860027212061e-06	-1.593091e-09
1.801126243347309e-06	7.032386e-10
1.801377706507491e-06	-1.478857e-09
1.801776867420581e-06	1.982940e-09
1.802297951880185e-06	-4.383288e-10
1.803268294315608e-06	1.313073e-09
1.804457397031828e-06	3.324866e-10
1.806835602464267e-06	1.034465e-09
1.809319430632842e-06	9.316307e-10
1.812123613942739e-06	1.015824e-09
1.814978239681787e-06	8.918944e-10
1.818564147803661e-06	1.032061e-09
1.822379013284752e-06	9.146834e-10
1.827261825784752e-06	1.005503e-09
1.832144638284752e-06	1.004466e-09
1.845117187500000e-06	1.172396e-09
1.850000000000000e-06	4.433316e-07
1.850001192092896e-06	3.503787e-07
1.850003576278687e-06	4.646832e-08
1.850004172852425e-06	1.425219e-08
1.850004890799886e-06	9.250980e-09
1.850006326694810e-06	4.341999e-09
1.850008205754589e-06	1.937380e-09
1.850011963874149e-06	9.519091e-10
1.850018219570318e-06	7.505026e-10
1.850025133979829e-06	8.010779e-10
1.850035145539138e-06	9.284997e-10
1.850049554235544e-06	1.046689e-09
1.850070887192851e-06	1.077923e-09
1.850094847763089e-06	1.054227e-09
1.850131891090594e-06	1.026675e-09
1.850182797396111e-06	1.014599e-09
1.850266724099930e-06	1.009008e-09
1.850377136308461e-06	1.006901e-09
1.850537285580238e-06	1.005952e-09
1.850728895547535e-06	1.005454e-09
1.850974202571932e-06	1.004949e-09
1.851255499142555e-06	1.004647e-09
1.851625866482950e-06	1.004655e-09
1.852193762889478e-06	1.004901e-09
1.852708704878581e-06	1.005041e-09
1.853320908536293e-06	1.005190e-09
1.853873393522605e-06	1.005272e-09
1.854552239303951e-06	1.005252e-09
1.855046588305419e-06	1.005169e-09
1.855572748638348e-06	1.005076e-09
1.856124988943313e-06	1.005052e-09
1.856861190190092e-06	1.005099e-09
1.857558147868401e-06	1.005155e-09
1.858350588404776e-06	1.005180e-09
1.859176079103815e-06	1.005151e-09
1.860048361334304e-06	1.005119e-09
1.861017666398298e-06	1.005122e-09
1.862150811262021e-06	1.005145e-09
1.863347319645402e-06	1.005146e-09
1.864870474336945e-06	1.005134e-09
1.866384359700100e-06	1.005134e-09
1.868526368832366e-06	1.005141e-09
1.870647568213102e-06	1.005137e-09
1.873764475584358e-06	1.005138e-09
1.876865621626739e-06	1.005139e-09
1.881297381475539e-06	1.005138e-09
1.886180193975539e-06	1.005138e-09
1.891063006475539e-06	1.005138e-09
1.895945818975539e-06	1.005138e-09
1.900828631475539e-06	1.005138e-09
1.905711443975539e-06	1.005138e-09
1.910594256475539e-06	1.005138e-09
1.915477068975538e-06	1.005138e-09
1.920359881475538e-06	1.005138e-09
1.925242693975538e-06	1.005138e-09
1.930125506475538e-06	1.005138e-09
1.935008318975538e-06	1.005138e-09
1.939891131475537e-06	1.005138e-09
1.944773943975537e-06	1.005151e-09
1.945117187500000e-06	1.005145e-09
1.945803674548926e-06	1.005134e-09
1.947176648646778e-06	1.005084e-09
1.947408858119332e-06	1.005152e-09
1.947718470749405e-06	1.005132e-09
1.948337696009550e-06	1.005136e-09
1.948761549479710e-06	1.005139e-09
1.949218512840056e-06	1.005110e-09
1.949615831522304e-06	1.005134e-09
1.950000000000000e-06	1.004211e-09
1.950001124591015e-06	1.004244e-09
1.950003373773044e-06	1.004095e-09
1.950003918403612e-06	1.003823e-09
1.950004609012847e-06	1.003101e-09
1.950005990231316e-06	1.000782e-09
1.950008752668255e-06	9.938518e-10
1.950014277542133e-06	9.774517e-10
1.950022438250023e-06	9.575438e-10
1.950031361025886e-06	9.497905e-10
1.950043397736986e-06	9.602822e-10
1.950060770827427e-06	9.880057e-10
1.950082447391668e-06	1.012314e-09
1.950111358689196e-06	1.021222e-09
1.950147758764580e-06	1.018239e-09
1.950197289970486e-06	1.013018e-09
1.950260889662952e-06	1.009537e-09
1.950345956241835e-06	1.007424e-09
1.950454597908800e-06	1.006272e-09
1.950606672919462e-06	1.005633e-09
1.950836378676112e-06	1.005242e-09
1.951148030428601e-06	1.005007e-09
1.951668888881121e-06	1.004918e-09
1.952219786823965e-06	1.004993e-09
1.952840092915746e-06	1.005080e-09
1.953454008750663e-06	1.005128e-09
1.954197709509465e-06	1.005159e-09
1.954997400265147e-06	1.005158e-09
1.955962141331066e-06	1.005140e-09
1.956977715860118e-06	1.005131e-09
1.958430852889338e-06	1.005138e-09
1.960176037577610e-06	1.005141e-09
1.962078858302661e-06	1.005138e-09
1.964318155721474e-06	1.005138e-09
1.966609762549392e-06	1.005138e-09
1.969041704950255e-06	1.005138e-09
1.973905589751980e-06	1.005138e-09
1.978788402251980e-06	1.005138e-09
1.983671214751980e-06	1.005138e-09
1.988554027251980e-06	1.005138e-09
1.993436839751980e-06	1.005138e-09
1.998319652251979e-06	1.005138e-09
2.003202464751979e-06	1.005138e-09
2.017850902251979e-06	1.005138e-09
2.045117187600000e-06	1.005138e-09
2.050000000100000e-06	1.005138e-09
2.054882812600000e-06	1.005144e-09
2.055117187600001e-06	1.005141e-09
2.055585937600002e-06	1.005137e-09
2.056523437600005e-06	1.005137e-09
2.058125000099995e-06	1.005139e-09
2.060000000100000e-06	8.990942e-10
2.060004799805239e-06	8.876345e-10
2.060014399215717e-06	9.836109e-10
2.060016764605815e-06	1.059898e-09
2.060019566403819e-06	1.121305e-09
2.060023607492844e-06	1.116923e-09
2.060027862666509e-06	1.092627e-09
2.060035323412631e-06	1.058697e-09
2.060045898768447e-06	1.029962e-09
2.060065774098130e-06	1.011005e-09
2.060105524757495e-06	1.005090e-09
2.060168887533343e-06	1.005458e-09
2.060295613085038e-06	1.005452e-09
2.060549064188428e-06	1.005221e-09
2.060917243061111e-06	1.005156e-09
2.061416064777717e-06	1.005133e-09
2.062261133070300e-06	1.005133e-09
2.063505798283767e-06	1.005133e-09
2.064627328433789e-06	1.005136e-09
2.066697767268415e-06	1.005136e-09
2.069149040859832e-06	1.005138e-09
2.074031853359832e-06	1.005138e-09
2.078914665859832e-06	1.005138e-09
2.083797478359832e-06	1.005138e-09
2.088680290859831e-06	1.005138e-09
2.098445915859831e-06	1.005138e-09
2.103328728359831e-06	1.005138e-09
2.108211540859831e-06	1.005138e-09
2.113094353359830e-06	1.005138e-09
2.122859978359830e-06	1.005138e-09
2.195117187500000e-06	1.005138e-09
2.200000000000000e-06	2.609511e-05
2.200014239294452e-06	2.143295e-05
2.200042717883355e-06	6.078442e-06
2.200049609129446e-06	1.700813e-06
2.200058331078520e-06	-4.044365e-06
2.200074838370676e-06	-5.280710e-06
2.200104007018955e-06	-1.097531e-06
2.200162344315512e-06	-1.372575e-06
2.200279018908627e-06	-6.706499e-07
2.200512368094857e-06	-6.211078e-07
2.200795336838563e-06	-1.051875e-05
2.200848244774320e-06	-8.377177e-06
2.200954060645833e-06	-2.561699e-07
2.201165692388861e-06	-2.845570e-07
2.201218600324618e-06	-1.618896e-07
2.201231827308557e-06	-1.163134e-07
2.201258281276436e-06	-7.904688e-08
2.201264894768405e-06	-7.216309e-08
2.201278121752345e-06	-6.396368e-08
2.201304575720223e-06	-5.272400e-08
2.201357483655980e-06	-3.784326e-08
2.201463299527494e-06	-1.774954e-08
2.201674931270521e-06	8.797069e-09
2.202098194756577e-06	3.595547e-08
2.202883975313877e-06	4.673865e-08
2.203931453850304e-06	3.273522e-08
2.206026410923158e-06	-2.814125e-09
2.208327850173234e-06	-2.103876e-08
2.210866015732886e-06	-1.957904e-08
2.212500439268150e-06	-1.331259e-08
2.214575022366871e-06	-6.003608e-09
2.216931576270049e-06	-1.652967e-09
2.220566687583681e-06	1.294909e-09
2.221129262713578e-06	1.480332e-09
2.222254412973371e-06	9.069220e-10
2.222395516556554e-06	-1.232142e-08
2.222677723722919e-06	-6.783075e-07
2.223242138055649e-06	-7.990512e-06
2.223454697409011e-06	-2.140427e-05
2.223600830523355e-06	-5.113176e-05
2.223713343590040e-06	-1.027006e-04
2.223876998533336e-06	-2.245692e-04
2.223987410130667e-06	7.111561e-04
2.224103369967026e-06	5.313963e-03
2.224118321040379e-06	9.588107e-03
2.224148223187083e-06	3.382729e-02
2.224174317284483e-06	7.307535e-02
2.224180840808833e-06	9.101563e-02
2.224193887857533e-06	1.568205e-01
2.224212017140074e-06	3.152240e-01
2.224231675663916e-06	5.693666e-01
2.224250013411460e-06	8.671990e-01
2.224260747069377e-06	1.084771e+00
2.224269028185584e-06	1.309657e+00
2.224275545294016e-06	1.531008e+00
2.224279977186599e-06	1.680243e+00
2.224282625098077e-06	1.740256e+00
2.224286280885086e-06	1.778089e+00
2.224289033028387e-06	1.789102e+00
2.224293098066846e-06	1.794776e+00
2.224297446308543e-06	1.797649e+00
2.224304028620760e-06	1.799067e+00
2.224311337055032e-06	1.799417e+00
2.224321135995641e-06	1.799660e+00
2.224333818167479e-06	1.799951e+00
2.224354305577058e-06	1.800148e+00
2.224379644290742e-06	1.800186e+00
2.224425363048920e-06	1.800182e+00
2.224512596989849e-06	1.800167e+00
2.224684251387828e-06	1.800139e+00
2.224917508638582e-06	1.800111e+00
2.225167933627889e-06	1.800088e+00
2.225463873535422e-06	1.800070e+00
2.225857704358955e-06	1.800063e+00
2.225890769032510e-06	1.800054e+00
2.225899035200898e-06	1.800052e+00
2.225915567537675e-06	1.800051e+00
2.225919700621870e-06	1.800051e+00
2.225927966790258e-06	1.800051e+00
2.225930918993254e-06	1.800051e+00
2.225933871196250e-06	1.800051e+00
2.225936823399246e-06	1.800051e+00
2.225939775602242e-06	1.800051e+00
2.225942727805238e-06	1.800051e+00
2.225945680008234e-06	1.800051e+00
2.225948632211230e-06	1.800051e+00
2.225956898379619e-06	1.800051e+00
2.225958964921716e-06	1.800051e+00
2.225963098005910e-06	1.800051e+00
2.225971364174299e-06	1.800051e+00
2.225987896511076e-06	1.800050e+00
2.226020961184631e-06	1.800049e+00
2.226087090531740e-06	1.800045e+00
2.226219349225959e-06	1.800040e+00
2.226483866614396e-06	1.800032e+00
2.226945257440439e-06	1.800023e+00
2.227515450954502e-06	1.800016e+00
2.228615960274254e-06	1.800009e+00
2.230757874552607e-06	1.800003e+00
2.232854946405055e-06	1.800001e+00
2.236006786417237e-06	1.800000e+00
2.239901549552401e-06	1.800000e+00
2.244784362052401e-06	1.800000e+00
2.249667174552401e-06	1.800000e+00
2.254549987052400e-06	1.800000e+00
2.259432799552400e-06	1.800000e+00
2.264315612052400e-06	1.800000e+00
2.269198424552400e-06	1.800000e+00
2.274081237052400e-06	1.800000e+00
2.278964049552399e-06	1.800000e+00
2.283846862052399e-06	1.800000e+00
2.288729674552399e-06	1.800000e+00
2.293612487052399e-06	1.800000e+00
2.295117187600000e-06	1.800000e+00
2.296990599004797e-06	1.800000e+00
2.300000000100000e-06	1.799478e+00
2.300007508428120e-06	1.799674e+00
2.300022525084359e-06	1.800444e+00
2.300026221930932e-06	1.800322e+00
2.300030660488009e-06	1.800104e+00
2.300036263161110e-06	1.800127e+00
2.300042441237614e-06	1.800092e+00
2.300054797390624e-06	1.800073e+00
2.300070314989869e-06	1.800049e+00
2.300101350188359e-06	1.800025e+00
2.300142529598116e-06	1.800010e+00
2.300224888417630e-06	1.800002e+00
2.300389606056658e-06	1.800000e+00
2.300581803373649e-06	1.800000e+00
2.300818163051737e-06	1.800000e+00
2.301102017832416e-06	1.800000e+00
2.301537683341369e-06	1.800000e+00
2.302163923131679e-06	1.800000e+00
2.303130429275190e-06	1.800000e+00
2.304198877213827e-06	1.800000e+00
2.305552087543421e-06	1.800000e+00
2.306907872049964e-06	1.800000e+00
2.308399022351717e-06	1.800000e+00
2.309079679754889e-06	1.800000e+00
2.309623524851749e-06	1.800000e+00
2.310333516602589e-06	1.800000e+00
2.310720482262306e-06	1.800000e+00
2.311185152479652e-06	1.800000e+00
2.311670774466085e-06	1.800000e+00
2.312344848449477e-06	1.800000e+00
2.313137950868047e-06	1.800000e+00
2.314042617045473e-06	1.800000e+00
2.315227350569300e-06	1.800000e+00
2.316937785005025e-06	1.800000e+00
2.320157867911506e-06	1.800000e+00
2.325040680411505e-06	1.800000e+00
2.329923492911505e-06	1.800000e+00
2.334806305411505e-06	1.800000e+00
2.339689117911505e-06	1.800000e+00
2.344571930411505e-06	1.800000e+00
2.346207701676992e-06	1.800000e+00
2.347818971646017e-06	1.800000e+00
2.350000000000000e-06	1.799994e+00
2.350001064955251e-06	1.799995e+00
2.350003194865753e-06	1.800000e+00
2.350003726859426e-06	1.800000e+00
2.350004368530679e-06	1.800000e+00
2.350005651873186e-06	1.800000e+00
2.350007149908419e-06	1.800000e+00
2.350010145978885e-06	1.800000e+00
2.350016138119818e-06	1.800000e+00
2.350025776666599e-06	1.800000e+00
2.350036318330007e-06	1.800000e+00
2.350051310644577e-06	1.800000e+00
2.350072812435699e-06	1.800000e+00
2.350115816017943e-06	1.800000e+00
2.350201823182431e-06	1.800000e+00
2.350319152898381e-06	1.800000e+00
2.350446569437387e-06	1.800000e+00
2.350650455428511e-06	1.800000e+00
2.350888360978370e-06	1.800000e+00
2.351139271356708e-06	1.800000e+00
2.351386971438034e-06	1.800000e+00
2.351584830615152e-06	1.800000e+00
2.351802145108489e-06	1.800000e+00
2.352033200176876e-06	1.800000e+00
2.352233940683011e-06	1.800000e+00
2.352486075873321e-06	1.800000e+00
2.352764681933636e-06	1.800000e+00
2.353137398725700e-06	1.800000e+00
2.353511534662208e-06	1.800000e+00
2.353955378867403e-06	1.800000e+00
2.354425690855841e-06	1.800000e+00
2.354936953586626e-06	1.800000e+00
2.355520087805603e-06	1.800000e+00
2.356129725403204e-06	1.800000e+00
2.356723306442445e-06	1.800000e+00
2.357348215423630e-06	1.800000e+00
2.358158542071996e-06	1.800000e+00
2.359009313273619e-06	1.800000e+00
2.359843836633552e-06	1.800000e+00
2.361105715234716e-06	1.800000e+00
2.362252388189340e-06	1.800000e+00
2.363667625842640e-06	1.800000e+00
2.365387537959559e-06	1.800000e+00
2.367200845573766e-06	1.800000e+00
2.369750048290005e-06	1.800000e+00
2.372934774689060e-06	1.800000e+00
2.376709668812169e-06	1.800000e+00
2.381592481312169e-06	1.800000e+00
2.386475293812169e-06	1.800000e+00
2.391358106312169e-06	1.800000e+00
2.396240918812169e-06	1.800000e+00
2.401123731312168e-06	1.800000e+00
2.406006543812168e-06	1.800000e+00
2.410889356312168e-06	1.800000e+00
2.415772168812168e-06	1.800000e+00
2.420654981312168e-06	1.800000e+00
2.425537793812167e-06	1.800000e+00
2.430420606312167e-06	1.800000e+00
2.435303418812167e-06	1.800000e+00
2.440186231312167e-06	1.800000e+00
2.445069043812167e-06	1.800000e+00
2.445213474875668e-06	1.800000e+00
2.445406049627003e-06	1.800000e+00
2.445791199129673e-06	1.800000e+00
2.446561498135014e-06	1.800000e+00
2.448102096145695e-06	1.800000e+00
2.450000000000000e-06	1.800000e+00
2.450005644617130e-06	1.800000e+00
2.450016933851391e-06	1.800000e+00
2.450019660416323e-06	1.800000e+00
2.450023131161146e-06	1.800000e+00
2.450030072650793e-06	1.800000e+00
2.450042432560810e-06	1.800000e+00
2.450056008036088e-06	1.800000e+00
2.450076067590852e-06	1.800000e+00
2.450104217955571e-06	1.800000e+00
2.450160518685010e-06	1.800000e+00
2.450273120143885e-06	1.800000e+00
2.450444825175501e-06	1.800000e+00
2.450599791410584e-06	1.800000e+00
2.450812367598677e-06	1.800000e+00
2.451037570554577e-06	1.800000e+00
2.451333068630497e-06	1.800000e+00
2.451680566904884e-06	1.800000e+00
2.452241992426734e-06	1.800000e+00
2.452954378537279e-06	1.800000e+00
2.453710353254142e-06	1.800000e+00
2.454653923732349e-06	1.800000e+00
2.455877632340610e-06	1.800000e+00
2.456903271225258e-06	1.800000e+00
2.457997222311387e-06	1.800000e+00
2.458900946676712e-06	1.800000e+00
2.459391747981518e-06	1.800000e+00
2.459901069259211e-06	1.800000e+00
2.460429433070509e-06	1.800000e+00
2.460813901821416e-06	1.800000e+00
2.461230754239585e-06	1.800000e+00
2.461810471110578e-06	1.800000e+00
2.462459661337356e-06	1.800000e+00
2.463228891485314e-06	1.800000e+00
2.464134889969412e-06	1.800000e+00
2.465375338576761e-06	1.800000e+00
2.466961538265318e-06	1.800000e+00
2.469140825652140e-06	1.800000e+00
2.471715461317105e-06	1.800000e+00
2.474837897121703e-06	1.800000e+00
2.479720709621703e-06	1.800000e+00
2.484603522121703e-06	1.800000e+00
2.494369147121702e-06	1.800000e+00
2.547914037013200e-06	1.800000e+00
2.550000000100000e-06	1.800000e+00
2.554171926273600e-06	1.800000e+00
2.555117187600001e-06	1.800000e+00
2.557007710252801e-06	1.800000e+00
2.560000000100000e-06	1.800000e+00
2.560008099444085e-06	1.800000e+00
2.560024298132254e-06	1.800000e+00
2.560028254657642e-06	1.800000e+00
2.560033050815266e-06	1.800000e+00
2.560042643130514e-06	1.800000e+00
2.560052749778427e-06	1.800000e+00
2.560072496271472e-06	1.800000e+00
2.560108117922863e-06	1.800000e+00
2.560155694434097e-06	1.800000e+00
2.560250847456564e-06	1.800000e+00
2.560441153501499e-06	1.800000e+00
2.560767874613509e-06	1.800000e+00
2.561292763316908e-06	1.800000e+00
2.561859693873461e-06	1.800000e+00
2.562844824645975e-06	1.800000e+00
2.564279745836171e-06	1.800000e+00
2.565781577764888e-06	1.800000e+00
2.568281582815299e-06	1.800000e+00
2.571841957909169e-06	1.800000e+00
2.576724770409169e-06	1.800000e+00
2.581607582909168e-06	1.800000e+00
2.689029457909164e-06	1.800000e+00
2.693912270409164e-06	1.800000e+00
2.697527021681674e-06	1.800000e+00
2.700000000000000e-06	1.796845e+00
2.700006219116056e-06	1.798005e+00
2.700018657348168e-06	1.804279e+00
2.700021716965009e-06	1.803058e+00
2.700025432910385e-06	1.799728e+00
2.700029055684005e-06	1.799536e+00
2.700033073495417e-06	1.799917e+00
2.700038576987333e-06	1.799837e+00
2.700046142177953e-06	1.799955e+00
2.700058880542609e-06	1.799960e+00
2.700080543694835e-06	1.799997e+00
2.700110912309382e-06	1.800087e+00
2.700115407128376e-06	1.800037e+00
2.700116530833124e-06	1.800017e+00
2.700118778242621e-06	1.800006e+00
2.700119340094995e-06	1.800006e+00
2.700120463799743e-06	1.800007e+00
2.700122711209240e-06	1.800007e+00
2.700124396766362e-06	1.800007e+00
2.700126644175859e-06	1.800007e+00
2.700131138994852e-06	1.800007e+00
2.700140128632840e-06	1.800007e+00
2.700158107908814e-06	1.800007e+00
2.700194066460762e-06	1.800006e+00
2.700265983564659e-06	1.800005e+00
2.700368950559731e-06	1.800004e+00
2.700490240902642e-06	1.800004e+00
2.700626946578277e-06	1.800003e+00
2.700813570226818e-06	1.800003e+00
2.701093728347025e-06	1.800002e+00
2.701595538110682e-06	1.800002e+00
2.702599157637994e-06	1.800001e+00
2.704135531463252e-06	1.800000e+00
2.705904215170548e-06	1.800000e+00
2.707701781852442e-06	1.800000e+00
2.709335430243444e-06	1.800000e+00
2.711284149386133e-06	1.800000e+00
2.713492587591070e-06	1.800000e+00
2.716916116255311e-06	1.800000e+00
2.721798928755311e-06	1.800000e+00
2.722409280317811e-06	1.800000e+00
2.723629983442811e-06	1.800000e+00
2.724528604245369e-06	1.800000e+00
2.725914802710821e-06	1.800003e+00
2.726072140648150e-06	1.800009e+00
2.726386816522807e-06	1.800040e+00
2.726411527136181e-06	1.800049e+00
2.726460948362929e-06	1.800075e+00
2.726559790816425e-06	1.799118e+00
2.726642987045616e-06	1.785963e+00
2.726734387676551e-06	1.729190e+00
2.726797896904422e-06	1.654353e+00
2.726847258703179e-06	1.585345e+00
2.726897648528053e-06	1.491998e+00
2.726918061635378e-06	1.396775e+00
2.726943075290173e-06	1.148263e+00
2.726958905506753e-06	8.631809e-01
2.726977491809855e-06	3.980103e-01
2.726987364722035e-06	1.604466e-01
2.726994602782290e-06	5.543142e-02
2.727004131884289e-06	9.465410e-03
2.727011164018859e-06	2.543137e-03
2.727021070508511e-06	1.648271e-03
2.727034953689131e-06	1.001163e-03
2.727062720050373e-06	5.344050e-04
2.727092152243576e-06	3.637083e-04
2.727130346251492e-06	2.750940e-04
2.727176806690580e-06	2.171919e-04
2.727269727568756e-06	1.551919e-04
2.727356749583133e-06	1.053488e-04
2.727420306806712e-06	5.375949e-05
2.727501679813166e-06	-9.834419e-07
2.727573549868015e-06	-1.326083e-05
2.727649979662602e-06	-1.076083e-05
2.727731234342445e-06	-9.943662e-06
2.727893743702129e-06	-1.517589e-05
2.727909467279556e-06	-1.301392e-05
2.727940914434409e-06	-7.203877e-06
2.727948776223122e-06	-7.139743e-06
2.727964499800549e-06	-7.037275e-06
2.727978257930797e-06	-6.899778e-06
2.727984154272332e-06	-6.836852e-06
2.727990050613866e-06	-6.774630e-06
2.727995946955401e-06	-6.713113e-06
2.728001843296936e-06	-6.652300e-06
2.728007739638471e-06	-6.592192e-06
2.728013635980006e-06	-6.532788e-06
2.728019532321541e-06	-6.474088e-06
2.728050979476394e-06	-6.170867e-06
2.728113873786100e-06	-5.611371e-06
2.728239662405513e-06	-4.663509e-06
2.728491239644337e-06	-3.218079e-06
2.728748971659338e-06	-2.219535e-06
2.729113352202607e-06	-1.373454e-06
2.729598736050972e-06	-7.394505e-07
2.730302732211937e-06	-2.869571e-07
2.731140008257183e-06	-6.072520e-08
2.732337301717129e-06	3.827912e-08
2.733967914589110e-06	4.810511e-08
2.736419420260590e-06	1.157108e-08
2.739372428105382e-06	-1.181734e-08
2.742929261640189e-06	-1.493402e-08
2.747812074140188e-06	-1.337525e-08
2.752694886640188e-06	-1.060631e-08
2.757577699140188e-06	-7.457685e-09
2.762460511640188e-06	-5.032569e-09
2.767343324140188e-06	-3.163500e-09
2.772226136640187e-06	-1.869977e-09
2.777108949140187e-06	-9.441453e-10
2.781991761640187e-06	-3.192751e-10
2.786874574140187e-06	1.149633e-10
2.791757386640187e-06	4.159601e-10
2.795117187600001e-06	5.598357e-10
2.800000000100001e-06	-2.949044e-05
2.800009536843165e-06	-8.720363e-06
2.800028610329493e-06	2.844424e-05
2.800033397739877e-06	1.292200e-06
2.800039107767019e-06	-1.993262e-05
2.800050527821305e-06	-1.075808e-06
2.800065417143617e-06	-1.246906e-06
2.800095195788243e-06	-4.862278e-08
2.800126213075484e-06	-1.817152e-07
2.800168319854158e-06	4.210924e-09
2.800208693100669e-06	-9.799102e-08
2.800266891713809e-06	2.198929e-08
2.800330005361504e-06	-5.652445e-08
2.800428383133933e-06	2.238780e-08
2.800554008988925e-06	-2.746594e-08
2.800766735823030e-06	4.999321e-09
2.801001018263916e-06	-4.642065e-10
2.801243044620634e-06	8.642384e-09
2.801556072894139e-06	-7.125673e-09
2.802019296447735e-06	8.082931e-09
2.802827025456903e-06	-8.063516e-10
2.803825783527055e-06	4.319502e-09
2.805603239214652e-06	-5.168164e-10
2.808384059219324e-06	7.068760e-10
2.810881823804612e-06	7.565199e-10
2.813606859262906e-06	1.354964e-09
2.816724369965663e-06	8.193336e-10
2.820107785624374e-06	1.683384e-09
2.824990598124374e-06	1.007663e-09
2.829873410624374e-06	1.009369e-09
2.839639035624374e-06	1.009482e-09
2.844521848124373e-06	1.183506e-08
2.846307866251256e-06	4.309118e-10
2.847618642497491e-06	3.503604e-09
2.850000000000001e-06	2.060894e-06
2.850001162772219e-06	1.632817e-06
2.850003488316655e-06	2.262232e-07
2.850004070240042e-06	7.391196e-08
2.850004770665658e-06	4.638168e-08
2.850006171516889e-06	1.940660e-08
2.850008048405467e-06	6.175127e-09
2.850011802182622e-06	1.296755e-09
2.850018089971197e-06	6.904523e-10
2.850024975981043e-06	8.209626e-10
2.850034973892970e-06	9.254971e-10
2.850049259432243e-06	1.040878e-09
2.850071180458905e-06	1.069106e-09
2.850095179888282e-06	1.050409e-09
2.850133073192285e-06	1.024499e-09
2.850184290839025e-06	1.014151e-09
2.850270654565868e-06	1.008633e-09
2.850381847840068e-06	1.006842e-09
2.850544708764872e-06	1.005848e-09
2.850736407634381e-06	1.005427e-09
2.850989298183297e-06	1.004898e-09
2.851291617226708e-06	1.004684e-09
2.851718128565740e-06	1.004711e-09
2.852303838026571e-06	1.004942e-09
2.852839645577221e-06	1.005082e-09
2.853375956344792e-06	1.005214e-09
2.853935784210327e-06	1.005290e-09
2.854449264435977e-06	1.005263e-09
2.854930179876148e-06	1.005167e-09
2.855459949393952e-06	1.005077e-09
2.855989453317327e-06	1.005044e-09
2.856625738506288e-06	1.005093e-09
2.857331033928537e-06	1.005146e-09
2.858098006500218e-06	1.005181e-09
2.858922752220545e-06	1.005156e-09
2.859775520676657e-06	1.005127e-09
2.860779243276645e-06	1.005120e-09
2.861881723193989e-06	1.005144e-09
2.863022973876778e-06	1.005144e-09
2.864457288688893e-06	1.005134e-09
2.865877668334159e-06	1.005129e-09
2.867812584542533e-06	1.005140e-09
2.869704462117765e-06	1.005135e-09
2.872432010299610e-06	1.005137e-09
2.875278030118686e-06	1.005137e-09
2.878888626056668e-06	1.005139e-09
2.883771438556668e-06	1.005138e-09
2.888654251056668e-06	1.005138e-09
2.893537063556668e-06	1.005138e-09
2.898419876056668e-06	1.005138e-09
2.903302688556667e-06	1.005138e-09
2.908185501056667e-06	1.005138e-09
2.913068313556667e-06	1.005138e-09
2.917951126056667e-06	1.005138e-09
2.922833938556667e-06	1.005138e-09
2.927716751056666e-06	1.005138e-09
2.932599563556666e-06	1.005138e-09
2.937482376056666e-06	1.005138e-09
2.942365188556666e-06	1.005142e-09
2.945117187500001e-06	1.005142e-09
2.950000000000001e-06	1.001445e-09
2.950014655448524e-06	9.918667e-10
2.950043966345571e-06	9.596660e-10
2.950051047191716e-06	9.603821e-10
2.950060055356812e-06	9.749980e-10
2.950075216069289e-06	1.003311e-09
2.950089651161376e-06	1.017010e-09
2.950118521345548e-06	1.020352e-09
2.950168640004181e-06	1.015408e-09
2.950217476550082e-06	1.011329e-09
2.950287488538174e-06	1.008537e-09
2.950365926498664e-06	1.007019e-09
2.950477749105722e-06	1.006071e-09
2.950602844335532e-06	1.005593e-09
2.950782457607543e-06	1.005284e-09
2.950995741811391e-06	1.005078e-09
2.951309739245707e-06	1.004936e-09
2.951707225939135e-06	1.004920e-09
2.952270567594858e-06	1.005011e-09
2.952819490242090e-06	1.005082e-09
2.953426745704902e-06	1.005129e-09
2.954050172677365e-06	1.005155e-09
2.954914272605974e-06	1.005157e-09
2.955978566440783e-06	1.005140e-09
2.956990820893368e-06	1.005132e-09
2.958241291705372e-06	1.005139e-09
2.959341732145401e-06	1.005142e-09
2.960600448224615e-06	1.005140e-09
2.962179427823565e-06	1.005137e-09
2.963671263353993e-06	1.005138e-09
2.965255866537670e-06	1.005138e-09
2.967433711897373e-06	1.005138e-09
2.971789402616778e-06	1.005138e-09
2.976260689734604e-06	1.005138e-09
2.981143502234604e-06	1.005138e-09
2.986026314734604e-06	1.005138e-09
2.990909127234603e-06	1.005138e-09
2.995791939734603e-06	1.005138e-09
3.048099924792397e-06	1.005138e-09
3.050000000100000e-06	1.005138e-09
3.053800150715208e-06	1.005139e-09
3.055117187600001e-06	1.005138e-09
3.057365926330414e-06	1.005138e-09
3.060000000100001e-06	9.161116e-10
3.060006765586899e-06	9.215477e-10
3.060020296560695e-06	1.065844e-09
3.060023627753087e-06	1.120321e-09
3.060027558396473e-06	1.127851e-09
3.060033700848489e-06	1.077945e-09
3.060040057839848e-06	1.045953e-09
3.060050921246442e-06	1.021587e-09
3.060065921477829e-06	1.008788e-09
3.060092815789987e-06	1.005227e-09
3.060146604414302e-06	1.005235e-09
3.060245661986225e-06	1.005491e-09
3.060443777130072e-06	1.005252e-09
3.060793406212217e-06	1.005168e-09
3.061235354025145e-06	1.005134e-09
3.061944900191561e-06	1.005134e-09
3.062911491843801e-06	1.005131e-09
3.064037244683368e-06	1.005135e-09
3.065637357691100e-06	1.005135e-09
3.067940182778990e-06	1.005138e-09
3.071597673974255e-06	1.005138e-09
3.076480486474254e-06	1.005138e-09
3.086246111474254e-06	1.005138e-09
3.091128923974254e-06	1.005138e-09
3.096011736474254e-06	1.005138e-09
3.100894548974253e-06	1.005138e-09
3.105777361474253e-06	1.005138e-09
3.188785173974250e-06	1.005138e-09
3.193667986474250e-06	1.005136e-09
3.197101597948498e-06	1.005139e-09
3.200000000000001e-06	2.033966e-04
3.200001192092896e-06	1.652018e-04
3.200003576278687e-06	-1.170444e-04
3.200004174609270e-06	-1.272399e-04
3.200004893986200e-06	-5.926283e-05
3.200006332740059e-06	-9.370815e-06
3.200009210247779e-06	2.381599e-05
3.200014965263218e-06	3.152269e-05
3.200026475294096e-06	1.254843e-05
3.200038982512329e-06	-1.064063e-06
3.200052791384866e-06	-3.810601e-06
3.200068290184237e-06	-2.980418e-06
3.200093310448063e-06	-1.768719e-06
3.200134949267709e-06	-1.063077e-06
3.200218226907002e-06	-8.297213e-07
3.200384782185587e-06	-6.767656e-07
3.200660295016062e-06	-4.360896e-07
3.200983169677034e-06	-1.639872e-07
3.201048989794184e-06	-1.428927e-07
3.201180630028483e-06	-1.370888e-07
3.201213540087058e-06	-1.246132e-07
3.201279360204208e-06	-9.806778e-08
3.201295815233495e-06	-8.963727e-08
3.201299928990817e-06	-8.635153e-08
3.201324611534748e-06	-5.727604e-08
3.201357521593323e-06	-2.513433e-08
3.201365749107967e-06	-2.044053e-08
3.201382204137254e-06	-1.558701e-08
3.201415114195829e-06	-7.257138e-09
3.201480934312979e-06	4.627684e-09
3.201612574547278e-06	2.059003e-08
3.201875855015877e-06	3.966878e-08
3.202402415953074e-06	5.355518e-08
3.203347468952681e-06	4.639949e-08
3.204854548096245e-06	1.524377e-08
3.206409560997487e-06	-9.715174e-09
3.208675350988579e-06	-2.277733e-08
3.210800746273154e-06	-1.983567e-08
3.212514371552242e-06	-1.295116e-08
3.214625299234238e-06	-5.679154e-09
3.216813950643700e-06	-1.729956e-09
3.220231226142829e-06	3.455801e-10
3.224986063625660e-06	-1.520715e-06
3.226723865692853e-06	-6.215059e-06
3.226734103025051e-06	-8.239608e-06
3.226754577689445e-06	-1.549690e-05
3.226795527018233e-06	-2.844386e-05
3.226877425675808e-06	-6.148827e-05
3.227013247732753e-06	-1.428384e-04
3.227153929882776e-06	-2.548516e-04
3.227251813773565e-06	2.446410e-03
3.227370455619304e-06	1.575716e-02
3.227387514984788e-06	2.739048e-02
3.227421633715757e-06	7.735191e-02
3.227428690815980e-06	9.686694e-02
3.227442805016425e-06	1.723818e-01
3.227461838854651e-06	3.436212e-01
3.227478645349722e-06	5.584785e-01
3.227495362494066e-06	8.172105e-01
3.227507214478200e-06	1.037056e+00
3.227515590694365e-06	1.238923e+00
3.227521337256410e-06	1.416911e+00
3.227528667862253e-06	1.664614e+00
3.227531441695204e-06	1.734419e+00
3.227534914718775e-06	1.775139e+00
3.227538501514175e-06	1.790082e+00
3.227541739123402e-06	1.794737e+00
3.227546514785803e-06	1.797679e+00
3.227552900323598e-06	1.799049e+00
3.227559990494592e-06	1.799389e+00
3.227569874443783e-06	1.799659e+00
3.227583137087192e-06	1.799958e+00
3.227604260734164e-06	1.800152e+00
3.227630610098186e-06	1.800186e+00
3.227677049293725e-06	1.800182e+00
3.227766445201922e-06	1.800166e+00
3.227944527325268e-06	1.800138e+00
3.228282238788845e-06	1.800101e+00
3.228615523208209e-06	1.800083e+00
3.228658307007035e-06	1.800079e+00
3.228743874604688e-06	1.800070e+00
3.228765266504101e-06	1.800069e+00
3.228770614478955e-06	1.800069e+00
3.228783984416088e-06	1.800068e+00
3.228789332390941e-06	1.800068e+00
3.228800028340647e-06	1.800067e+00
3.228818746252634e-06	1.800067e+00
3.228821420240061e-06	1.800066e+00
3.228826768214914e-06	1.800066e+00
3.228837464164620e-06	1.800066e+00
3.228858856064034e-06	1.800065e+00
3.228901639862860e-06	1.800062e+00
3.228987207460513e-06	1.800057e+00
3.229158342655819e-06	1.800048e+00
3.229500613046431e-06	1.800037e+00
3.230018537482304e-06	1.800026e+00
3.230758516618635e-06	1.800017e+00
3.232189990882931e-06	1.800008e+00
3.234048520936007e-06	1.800003e+00
3.236512490532996e-06	1.800001e+00
3.239580967645235e-06	1.800000e+00
3.244463780145234e-06	1.800000e+00
3.249346592645234e-06	1.800000e+00
3.254229405145234e-06	1.800000e+00
3.259112217645234e-06	1.800000e+00
3.263995030145234e-06	1.800000e+00
3.268877842645233e-06	1.800000e+00
3.273760655145233e-06	1.800000e+00
3.278643467645233e-06	1.800000e+00
3.283526280145233e-06	1.800000e+00
3.288409092645233e-06	1.800000e+00
3.293291905145232e-06	1.800000e+00
3.295117187600001e-06	1.800000e+00
3.295660566624951e-06	1.800000e+00
3.296203945649902e-06	1.800000e+00
3.296747324674853e-06	1.800000e+00
3.297290703699804e-06	1.800000e+00
3.297834082724755e-06	1.800000e+00
3.298377461749706e-06	1.800000e+00
3.298920840774657e-06	1.800000e+00
3.300000000100000e-06	1.798659e+00
3.300002728287621e-06	1.798924e+00
3.300008184662863e-06	1.800764e+00
3.300009522084103e-06	1.800790e+00
3.300011176184346e-06	1.800371e+00
3.300014484384831e-06	1.800239e+00
3.300017506830801e-06	1.800212e+00
3.300023551722741e-06	1.800178e+00
3.300035624548872e-06	1.800123e+00
3.300047545928487e-06	1.800088e+00
3.300064954514665e-06	1.800057e+00
3.300085984889448e-06	1.800035e+00
3.300128045639013e-06	1.800015e+00
3.300206245142248e-06	1.800003e+00
3.300362644148718e-06	1.800000e+00
3.300542352613364e-06	1.800000e+00
3.300769464931692e-06	1.800000e+00
3.301037968402365e-06	1.800000e+00
3.301461699201713e-06	1.800000e+00
3.302072391121519e-06	1.800000e+00
3.303030242466140e-06	1.800000e+00
3.304077206831855e-06	1.800000e+00
3.305388092291877e-06	1.800000e+00
3.306682478218044e-06	1.800000e+00
3.308155858911894e-06	1.800000e+00
3.309596072363448e-06	1.800000e+00
3.310250030747431e-06	1.800000e+00
3.310960896418785e-06	1.800000e+00
3.311399101151739e-06	1.800000e+00
3.311825472837101e-06	1.800000e+00
3.312283658983915e-06	1.800000e+00
3.313011321758995e-06	1.800000e+00
3.313729442663577e-06	1.800000e+00
3.314632403235284e-06	1.800000e+00
3.315725450176618e-06	1.800000e+00
3.317438913136093e-06	1.800000e+00
3.320428247388400e-06	1.800000e+00
3.324894436468740e-06	1.800000e+00
3.329777248968740e-06	1.800000e+00
3.334660061468739e-06	1.800000e+00
3.339542873968739e-06	1.800000e+00
3.340827090169654e-06	1.800000e+00
3.342111306370570e-06	1.800000e+00
3.343395522571485e-06	1.800000e+00
3.344679738772401e-06	1.800000e+00
3.345963954973316e-06	1.800000e+00
3.347248171174232e-06	1.800000e+00
3.348532387375147e-06	1.800000e+00
3.350000000000001e-06	1.800000e+00
3.350003794077393e-06	1.800000e+00
3.350011382232176e-06	1.800000e+00
3.350013220151043e-06	1.800000e+00
3.350015478287381e-06	1.800000e+00
3.350018753370543e-06	1.800000e+00
3.350022227556996e-06	1.800000e+00
3.350029175929902e-06	1.800000e+00
3.350039193804072e-06	1.800000e+00
3.350057943183684e-06	1.800000e+00
3.350083294629559e-06	1.800000e+00
3.350133479944769e-06	1.800000e+00
3.350233850575189e-06	1.800000e+00
3.350349963215276e-06	1.800000e+00
3.350490861627843e-06	1.800000e+00
3.350728919668000e-06	1.800000e+00
3.350950254115425e-06	1.800000e+00
3.351238341897211e-06	1.800000e+00
3.351441940688613e-06	1.800000e+00
3.351631715774012e-06	1.800000e+00
3.351855516157803e-06	1.800000e+00
3.352164251304425e-06	1.800000e+00
3.352442895397702e-06	1.800000e+00
3.352706610655389e-06	1.800000e+00
3.353039026822699e-06	1.800000e+00
3.353389381721487e-06	1.800000e+00
3.353788427781509e-06	1.800000e+00
3.354253688457280e-06	1.800000e+00
3.354762407475369e-06	1.800000e+00
3.355314527666776e-06	1.800000e+00
3.355989041991284e-06	1.800000e+00
3.356641763103546e-06	1.800000e+00
3.357283315712811e-06	1.800000e+00
3.358118044223878e-06	1.800000e+00
3.358896434538667e-06	1.800000e+00
3.359833610650455e-06	1.800000e+00
3.360977060176991e-06	1.800000e+00
3.362133106128863e-06	1.800000e+00
3.363522794468816e-06	1.800000e+00
3.365089525097428e-06	1.800000e+00
3.366956868876066e-06	1.800000e+00
3.369193909753272e-06	1.800000e+00
3.372610800361970e-06	1.800000e+00
3.375938097567967e-06	1.800000e+00
3.380820910067966e-06	1.800000e+00
3.385703722567966e-06	1.800000e+00
3.390586535067966e-06	1.800000e+00
3.395469347567966e-06	1.800000e+00
3.400352160067966e-06	1.800000e+00
3.405234972567965e-06	1.800000e+00
3.410117785067965e-06	1.800000e+00
3.415000597567965e-06	1.800000e+00
3.419883410067965e-06	1.800000e+00
3.424766222567965e-06	1.800000e+00
3.429649035067964e-06	1.800000e+00
3.434531847567964e-06	1.800000e+00
3.439414660067964e-06	1.800000e+00
3.444297472567964e-06	1.800000e+00
3.445117187500001e-06	1.800000e+00
3.446756617364075e-06	1.800000e+00
3.450000000000001e-06	1.800000e+00
3.450008712711977e-06	1.800000e+00
3.450026138135929e-06	1.800000e+00
3.450030404076571e-06	1.800000e+00
3.450035730659112e-06	1.800000e+00
3.450043907764344e-06	1.800000e+00
3.450060261974807e-06	1.800000e+00
3.450092970395734e-06	1.800000e+00
3.450158387237588e-06	1.800000e+00
3.450289220921295e-06	1.800000e+00
3.450450036598175e-06	1.800000e+00
3.450623025940973e-06	1.800000e+00
3.450821071850402e-06	1.800000e+00
3.451055122547805e-06	1.800000e+00
3.451350201346163e-06	1.800000e+00
3.451698384952318e-06	1.800000e+00
3.452224617613224e-06	1.800000e+00
3.453048805682173e-06	1.800000e+00
3.453814897998784e-06	1.800000e+00
3.454732468934322e-06	1.800000e+00
3.455802386182309e-06	1.800000e+00
3.456774214959493e-06	1.800000e+00
3.457675784551136e-06	1.800000e+00
3.458873375477780e-06	1.800000e+00
3.459631086857671e-06	1.800000e+00
3.460079300443232e-06	1.800000e+00
3.460561831583411e-06	1.800000e+00
3.460996609122609e-06	1.800000e+00
3.461329207447512e-06	1.800000e+00
3.461711337268374e-06	1.800000e+00
3.462317230182699e-06	1.800000e+00
3.462917614856145e-06	1.800000e+00
3.463630023206810e-06	1.800000e+00
3.464453012614319e-06	1.800000e+00
3.465620834905192e-06	1.800000e+00
3.467043264386846e-06	1.800000e+00
3.469691287175531e-06	1.800000e+00
3.472101729647973e-06	1.800000e+00
3.475045802020103e-06	1.800000e+00
3.479928614520103e-06	1.800000e+00
3.484811427020103e-06	1.800000e+00
3.489694239520103e-06	1.800000e+00
3.494577052020102e-06	1.800000e+00
3.499459864520102e-06	1.800000e+00
3.548095294378401e-06	1.800000e+00
3.550000000100000e-06	1.800000e+00
3.553809411543198e-06	1.800000e+00
3.555117187600001e-06	1.800000e+00
3.557384447986394e-06	1.800000e+00
3.560000000100001e-06	1.800000e+00
3.560007138986351e-06	1.800000e+00
3.560021416759052e-06	1.800000e+00
3.560024901333895e-06	1.800000e+00
3.560029147038450e-06	1.800000e+00
3.560037638447560e-06	1.800000e+00
3.560046754146339e-06	1.800000e+00
3.560064871608773e-06	1.800000e+00
3.560098871757897e-06	1.800000e+00
3.560140123251579e-06	1.800000e+00
3.560222626238944e-06	1.800000e+00
3.560387632213674e-06	1.800000e+00
3.560667869477799e-06	1.800000e+00
3.561228344006049e-06	1.800000e+00
3.561740368000954e-06	1.800000e+00
3.562628945574439e-06	1.800000e+00
3.563888746874038e-06	1.800000e+00
3.565297416888018e-06	1.800000e+00
3.567405670798697e-06	1.800000e+00
3.570636976257223e-06	1.800000e+00
3.575519788757223e-06	1.800000e+00
3.580402601257223e-06	1.800000e+00
3.590168226257222e-06	1.800000e+00
3.687824476257218e-06	1.800000e+00
3.692707288757218e-06	1.800000e+00
3.695117187500001e-06	1.800000e+00
3.695180202514435e-06	1.800000e+00
3.695306232543303e-06	1.800000e+00
3.695558292601038e-06	1.800000e+00
3.696062412716509e-06	1.800000e+00
3.697070652947451e-06	1.800000e+00
3.697983519538118e-06	1.800000e+00
3.698174266818668e-06	1.800000e+00
3.698555761379768e-06	1.800000e+00
3.699237010877801e-06	1.800000e+00
3.700000000000001e-06	1.791879e+00
3.700001977238893e-06	1.791946e+00
3.700005931716678e-06	1.802751e+00
3.700006896425958e-06	1.806865e+00
3.700008103585129e-06	1.807443e+00
3.700009535581359e-06	1.804767e+00
3.700011130543452e-06	1.803013e+00
3.700014320467636e-06	1.801538e+00
3.700020700316006e-06	1.800428e+00
3.700031191815775e-06	1.799961e+00
3.700045400090848e-06	1.799928e+00
3.700067538833162e-06	1.799985e+00
3.700091178576476e-06	1.800003e+00
3.700095018964399e-06	1.800004e+00
3.700102699740246e-06	1.800005e+00
3.700118061291939e-06	1.800007e+00
3.700121901679863e-06	1.800007e+00
3.700124781970805e-06	1.800007e+00
3.700128142310238e-06	1.800007e+00
3.700131982698162e-06	1.800007e+00
3.700139663474008e-06	1.800007e+00
3.700155025025701e-06	1.800007e+00
3.700185748129088e-06	1.800007e+00
3.700247194335862e-06	1.800006e+00
3.700354351920066e-06	1.800005e+00
3.700469258065672e-06	1.800004e+00
3.700605626069447e-06	1.800004e+00
3.700774149667142e-06	1.800003e+00
3.701043391295174e-06	1.800003e+00
3.701478929994624e-06	1.800002e+00
3.702350007393526e-06	1.800001e+00
3.704092162191329e-06	1.800000e+00
3.705842977429109e-06	1.800000e+00
3.707887441479204e-06	1.800000e+00
3.709202504580582e-06	1.800000e+00
3.710981332690714e-06	1.800000e+00
3.712937097539680e-06	1.800000e+00
3.716123122782590e-06	1.800000e+00
3.718869753076462e-06	1.800000e+00
3.719309426762803e-06	1.800000e+00
3.720188774135483e-06	1.800001e+00
3.721322016773698e-06	1.800003e+00
3.721506397463536e-06	1.800009e+00
3.721745158681509e-06	1.800030e+00
3.721764930043986e-06	1.800035e+00
3.721804472768941e-06	1.800056e+00
3.721883558218849e-06	1.800070e+00
3.721970630755110e-06	1.797798e+00
3.722058309037969e-06	1.780398e+00
3.722123495118532e-06	1.733279e+00
3.722188147026585e-06	1.654559e+00
3.722232315792513e-06	1.599445e+00
3.722277496905128e-06	1.528082e+00
3.722296785019752e-06	1.450640e+00
3.722324089724395e-06	1.222184e+00
3.722342031796610e-06	9.423475e-01
3.722363035230525e-06	4.592803e-01
3.722375062498980e-06	1.748900e-01
3.722382855072195e-06	5.928136e-02
3.722393368526248e-06	8.645733e-03
3.722400700060939e-06	2.099487e-03
3.722410846051427e-06	1.572849e-03
3.722424955531187e-06	9.657195e-04
3.722453174490709e-06	5.213115e-04
3.722482952796075e-06	3.572614e-04
3.722521220772029e-06	2.723472e-04
3.722571048737921e-06	2.124856e-04
3.722670704669706e-06	1.487282e-04
3.722773119595732e-06	8.154743e-05
3.722842969784278e-06	2.829005e-05
3.722929110573464e-06	-1.043598e-05
3.722984154153793e-06	-1.312776e-05
3.723066025646891e-06	-1.057445e-05
3.723179332251764e-06	-9.139341e-06
3.723402899750572e-06	-6.858357e-06
3.723843013539407e-06	-1.037204e-05
3.723850314947925e-06	-8.021412e-06
3.723864917764961e-06	-2.810428e-06
3.723868568469220e-06	-2.845277e-06
3.723875869877738e-06	-3.081470e-06
3.723877695229868e-06	-3.068124e-06
3.723881345934127e-06	-3.033706e-06
3.723890472694774e-06	-2.998876e-06
3.723899599455422e-06	-2.963625e-06
3.723908726216069e-06	-2.927951e-06
3.723917852976717e-06	-2.891855e-06
3.723926979737365e-06	-2.855337e-06
3.723936106498012e-06	-2.818397e-06
3.723945233258660e-06	-2.781034e-06
3.724003644526804e-06	-2.567881e-06
3.724120467063093e-06	-2.199242e-06
3.724354112135671e-06	-1.610910e-06
3.724604167091945e-06	-1.153472e-06
3.724953047455007e-06	-7.373667e-07
3.725426809721074e-06	-4.148186e-07
3.726374334253209e-06	-1.150009e-07
3.727406220078679e-06	6.036237e-09
3.729063613051896e-06	3.971185e-08
3.731194653655776e-06	2.336870e-08
3.734577280654594e-06	-6.711042e-09
3.738045550398524e-06	-1.279516e-08
3.742928362898524e-06	-9.285117e-09
3.747811175398524e-06	-6.928572e-09
3.752693987898524e-06	-4.672441e-09
3.757576800398523e-06	-3.014732e-09
3.762459612898523e-06	-1.764361e-09
3.767342425398523e-06	-8.958373e-10
3.772225237898523e-06	-2.839496e-10
3.777108050398523e-06	1.336849e-10
3.781990862898522e-06	4.185095e-10
3.786873675398522e-06	6.120516e-10
3.791756487898522e-06	7.490246e-10
3.795117187600001e-06	8.131840e-10
3.800000000100000e-06	-2.941947e-05
3.800009536843164e-06	-8.652312e-06
3.800028610329493e-06	2.842902e-05
3.800033397718369e-06	1.281023e-06
3.800039113445627e-06	-1.994217e-05
3.800050544900140e-06	-9.863105e-07
3.800066807967981e-06	-1.168014e-06
3.800099334103664e-06	-4.632198e-08
3.800132835219670e-06	-1.690569e-07
3.800178375668107e-06	1.001638e-08
3.800222924361225e-06	-9.804830e-08
3.800288285368666e-06	2.520254e-08
3.800361336001169e-06	-5.785216e-08
3.800480939044910e-06	2.844151e-08
3.800655705574474e-06	-6.319778e-09
3.800854421760831e-06	1.249480e-08
3.801114049365292e-06	-1.520512e-09
3.801390984496690e-06	1.349285e-08
3.801837708514202e-06	-5.175058e-09
3.802483977480469e-06	4.738165e-09
3.803372109201212e-06	-2.250649e-09
3.804699617739190e-06	3.908118e-09
3.807083610840045e-06	7.728383e-10
3.809631588390379e-06	9.719463e-10
3.812148727203813e-06	2.498969e-10
3.815382544544752e-06	1.140923e-09
3.818781681600530e-06	2.422710e-10
3.823664494100530e-06	1.010733e-09
3.828547306600530e-06	1.008743e-09
3.838312931600529e-06	1.008686e-09
3.843195744100529e-06	-1.675248e-09
3.845117187500001e-06	4.742507e-09
3.846157113201057e-06	4.359674e-09
3.847920148597887e-06	2.750984e-10
3.850000000000000e-06	-2.445493e-06
3.850001015552443e-06	-1.968930e-06
3.850003046657328e-06	-3.706151e-07
3.850003554954232e-06	-1.773328e-07
3.850004167350201e-06	-1.164882e-07
3.850005392142141e-06	-5.307811e-08
3.850007268416735e-06	-1.579583e-08
3.850011020965923e-06	-7.812342e-10
3.850017193679665e-06	9.793486e-10
3.850023934447853e-06	8.019259e-10
3.850033567883400e-06	9.593938e-10
3.850047242646212e-06	1.005961e-09
3.850071344332478e-06	1.047540e-09
3.850094898785902e-06	1.034843e-09
3.850135147142437e-06	1.020582e-09
3.850185778325661e-06	1.011069e-09
3.850279444381104e-06	1.008126e-09
3.850390555545909e-06	1.006080e-09
3.850562773126473e-06	1.005720e-09
3.850755477425199e-06	1.005096e-09
3.851036903116261e-06	1.004950e-09
3.851411962560361e-06	1.004677e-09
3.851943530147305e-06	1.004849e-09
3.852366973813514e-06	1.004999e-09
3.852794674853929e-06	1.005120e-09
3.853254330254453e-06	1.005201e-09
3.853761108645555e-06	1.005245e-09
3.854155745445008e-06	1.005230e-09
3.854649609118067e-06	1.005159e-09
3.855097934777928e-06	1.005048e-09
3.855723688692037e-06	1.005050e-09
3.856280749518101e-06	1.005070e-09
3.856932393365681e-06	1.005144e-09
3.857594938481794e-06	1.005167e-09
3.858295689240781e-06	1.005179e-09
3.859101859019554e-06	1.005134e-09
3.859885191061017e-06	1.005130e-09
3.860781269415839e-06	1.005123e-09
3.861783589669151e-06	1.005163e-09
3.863119832740299e-06	1.005139e-09
3.864508919863420e-06	1.005139e-09
3.866064143554719e-06	1.005124e-09
3.868242571359446e-06	1.005141e-09
3.870498012560535e-06	1.005129e-09
3.873595679511927e-06	1.005144e-09
3.877772942350959e-06	1.005137e-09
3.882248365364393e-06	1.005139e-09
3.887131177864392e-06	1.005138e-09
3.892013990364392e-06	1.005138e-09
3.896896802864392e-06	1.005138e-09
3.901779615364392e-06	1.005138e-09
3.906662427864392e-06	1.005138e-09
3.911545240364391e-06	1.005138e-09
3.916428052864391e-06	1.005138e-09
3.921310865364391e-06	1.005138e-09
3.926193677864391e-06	1.005138e-09
3.931076490364391e-06	1.005138e-09
3.935959302864390e-06	1.005138e-09
3.940842115364390e-06	1.005136e-09
3.945117187500000e-06	1.005136e-09
3.950000000000000e-06	9.840970e-10
3.950014625157333e-06	9.818796e-10
3.950043875471998e-06	9.683573e-10
3.950050941880588e-06	9.694744e-10
3.950059931546047e-06	9.822269e-10
3.950071048377233e-06	9.996816e-10
3.950088188905595e-06	1.012932e-09
3.950122469962318e-06	1.017119e-09
3.950160353048113e-06	1.014313e-09
3.950207772111993e-06	1.010830e-09
3.950265865975359e-06	1.008579e-09
3.950349656001604e-06	1.006961e-09
3.950451528498811e-06	1.006063e-09
3.950589597933494e-06	1.005549e-09
3.950759498979545e-06	1.005270e-09
3.950997858654154e-06	1.005074e-09
3.951316687896605e-06	1.004962e-09
3.951816511584331e-06	1.004966e-09
3.952396772071221e-06	1.005043e-09
3.953010494768923e-06	1.005103e-09
3.953721078581587e-06	1.005141e-09
3.954637499754806e-06	1.005157e-09
3.955737543707175e-06	1.005146e-09
3.956731547683051e-06	1.005135e-09
3.957727566953524e-06	1.005135e-09
3.958893881160637e-06	1.005140e-09
3.960134256342153e-06	1.005140e-09
3.961352316004120e-06	1.005138e-09
3.962803089740559e-06	1.005138e-09
3.964392330827045e-06	1.005138e-09
3.966727644104518e-06	1.005138e-09
3.971398270659466e-06	1.005138e-09
3.976162715768127e-06	1.005138e-09
3.981045528268127e-06	1.005138e-09
4.047619612772497e-06	1.005138e-09
4.050000000100000e-06	1.005138e-09
4.054760774755006e-06	1.005140e-09
4.055117187600000e-06	1.005139e-09
4.055830013289988e-06	1.005137e-09
4.057255664669964e-06	1.005138e-09
4.060000000100000e-06	9.232891e-10
4.060007850180860e-06	9.348972e-10
4.060023550342580e-06	1.092430e-09
4.060027357951205e-06	1.133484e-09
4.060031963289204e-06	1.119041e-09
4.060039872940692e-06	1.054829e-09
4.060047942652951e-06	1.026099e-09
4.060062410210693e-06	1.010221e-09
4.060083772153124e-06	1.004621e-09
4.060118751495159e-06	1.004836e-09
4.060188710179229e-06	1.005266e-09
4.060328627547370e-06	1.005299e-09
4.060608462283651e-06	1.005173e-09
4.060999545477238e-06	1.005150e-09
4.061594879571631e-06	1.005130e-09
4.062652524206243e-06	1.005133e-09
4.063768288020899e-06	1.005133e-09
4.065239944068307e-06	1.005137e-09
4.067113034913988e-06	1.005137e-09
4.069555104269135e-06	1.005139e-09
4.073620153574108e-06	1.005138e-09
4.078502966074108e-06	1.005138e-09
4.083385778574108e-06	1.005138e-09
4.088268591074107e-06	1.005138e-09
4.093151403574107e-06	1.005138e-09
4.102917028574107e-06	1.005138e-09
4.107799841074107e-06	1.005138e-09
4.112682653574106e-06	1.005138e-09
4.117565466074106e-06	1.005138e-09
4.195117187500001e-06	1.005138e-09
4.200000000000000e-06	2.016881e-04
4.200001192092896e-06	1.621245e-04
4.200003576278687e-06	-1.246995e-04
4.200004174627461e-06	-1.353635e-04
4.200004893995558e-06	-6.715056e-05
4.200006332731754e-06	-1.643189e-05
4.200009210204144e-06	1.789650e-05
4.200014965148926e-06	2.699310e-05
4.200026475038488e-06	1.099907e-05
4.200041200213534e-06	-1.732425e-06
4.200056838912676e-06	-3.376717e-06
4.200073472144548e-06	-2.279743e-06
4.200102144343228e-06	-1.300802e-06
4.200159488740588e-06	-7.942990e-07
4.200274177535308e-06	-6.431206e-07
4.200503555124749e-06	-4.614766e-07
4.200767052896561e-06	-2.842503e-07
4.201164790780706e-06	-3.761784e-08
4.201239975768322e-06	-2.848714e-08
4.201390345743553e-06	-4.810554e-08
4.201437336360812e-06	-3.711305e-08
4.201456132607717e-06	-3.080753e-08
4.201493725101524e-06	-1.512065e-08
4.201521919471880e-06	-7.881539e-10
4.201559511965688e-06	1.469831e-08
4.201634696953304e-06	3.071428e-08
4.201785066928534e-06	4.483407e-08
4.202085806878996e-06	5.728847e-08
4.202687286779920e-06	5.963088e-08
4.203890246581768e-06	3.721803e-08
4.205861226482814e-06	-2.603225e-09
4.208060005874469e-06	-2.168184e-08
4.210788545918875e-06	-1.841221e-08
4.213037955668989e-06	-1.016752e-08
4.215909626779390e-06	-2.952114e-09
4.219061528491585e-06	-5.327399e-11
4.223944340991585e-06	6.201345e-10
4.228827153491585e-06	-1.102414e-09
4.233709965991584e-06	6.553239e-09
4.233786259936897e-06	1.804560e-08
4.233805333423225e-06	2.148269e-08
4.233843480395881e-06	2.189639e-08
4.233919774341194e-06	1.751156e-08
4.233976994800178e-06	1.261569e-08
4.234053288745490e-06	4.596108e-09
4.234205876636116e-06	-8.010680e-09
4.234511052417366e-06	-1.824221e-08
4.235121403979866e-06	-1.933256e-08
4.236342107104866e-06	-1.521383e-08
4.237624391879738e-06	-4.080800e-07
4.238899475633402e-06	-2.646653e-06
4.239003153010564e-06	-4.022049e-06
4.239210507764887e-06	-9.758470e-06
4.239422293059755e-06	-2.180465e-05
4.239587503456559e-06	-4.448000e-05
4.239773823292337e-06	-8.569768e-05
4.239975330609248e-06	-1.379901e-04
4.240125014593161e-06	1.024059e-04
4.240302779403752e-06	1.576539e-03
4.240332045879789e-06	3.603763e-03
4.240390578831865e-06	1.871459e-02
4.240456578265272e-06	5.496851e-02
4.240471185607901e-06	7.268006e-02
4.240500400293156e-06	1.305137e-01
4.240507703964471e-06	1.538174e-01
4.240522311307099e-06	2.346760e-01
4.240551525992355e-06	4.692927e-01
4.240572525204336e-06	6.824735e-01
4.240588071340678e-06	8.656095e-01
4.240590549187293e-06	8.998680e-01
4.240595504880522e-06	9.824549e-01
4.240602021657383e-06	1.116276e+00
4.240607272419918e-06	1.257192e+00
4.240611942186792e-06	1.416920e+00
4.240617956002863e-06	1.643420e+00
4.240620369995485e-06	1.716372e+00
4.240623213789330e-06	1.763208e+00
4.240626283118525e-06	1.784067e+00
4.240629578034356e-06	1.792149e+00
4.240633330262994e-06	1.795959e+00
4.240639266587909e-06	1.798457e+00
4.240645969611178e-06	1.799253e+00
4.240653895229504e-06	1.799485e+00
4.240664908944115e-06	1.799780e+00
4.240682097096979e-06	1.800068e+00
4.240705557825717e-06	1.800175e+00
4.240740590022718e-06	1.800181e+00
4.240801056416737e-06	1.800174e+00
4.240921989204776e-06	1.800153e+00
4.241163854780852e-06	1.800122e+00
4.241636674456969e-06	1.800077e+00
4.241733041099128e-06	1.800071e+00
4.241757132759667e-06	1.800070e+00
4.241805316080746e-06	1.800067e+00
4.241901682722904e-06	1.800062e+00
4.241931797298579e-06	1.800060e+00
4.241943843128849e-06	1.800060e+00
4.241973957704524e-06	1.800058e+00
4.242004072280197e-06	1.800057e+00
4.242034186855872e-06	1.800056e+00
4.242064301431547e-06	1.800054e+00
4.242094416007221e-06	1.800053e+00
4.242124530582895e-06	1.800052e+00
4.242154645158570e-06	1.800051e+00
4.242347378442886e-06	1.800044e+00
4.242732845011518e-06	1.800034e+00
4.243257218225587e-06	1.800025e+00
4.243966595355577e-06	1.800016e+00
4.245236158185381e-06	1.800008e+00
4.247214874978658e-06	1.800003e+00
4.249269201075947e-06	1.800001e+00
4.251316806358362e-06	1.800000e+00
4.253728282015583e-06	1.800000e+00
4.257365237241248e-06	1.800000e+00
4.262248049741248e-06	1.800000e+00
4.267130862241247e-06	1.800000e+00
4.272013674741247e-06	1.800000e+00
4.272624026303747e-06	1.800000e+00
4.273256176136336e-06	1.800000e+00
4.273888325968926e-06	1.800000e+00
4.274520475801515e-06	1.800000e+00
4.275152625634105e-06	1.800000e+00
4.275784775466694e-06	1.800000e+00
4.276416925299284e-06	1.800000e+00
4.277049075131873e-06	1.800000e+00
4.279130688556155e-06	1.800000e+00
4.281299588142358e-06	1.800000e+00
4.285637387314764e-06	1.800000e+00
4.290520199814763e-06	1.800001e+00
4.295403012314763e-06	1.800000e+00
4.300000000100000e-06	1.799705e+00
4.300011403888014e-06	1.799860e+00
4.300034211464041e-06	1.800326e+00
4.300039834021702e-06	1.800218e+00
4.300046524321070e-06	1.800080e+00
4.300056015980364e-06	1.800096e+00
4.300065987316452e-06	1.800060e+00
4.300082322597598e-06	1.800051e+00
4.300106732157092e-06	1.800026e+00
4.300141473112782e-06	1.800014e+00
4.300206093076173e-06	1.800003e+00
4.300299606708598e-06	1.800001e+00
4.300474109622524e-06	1.800000e+00
4.300671387245243e-06	1.800000e+00
4.300957583427286e-06	1.800000e+00
4.301328772983121e-06	1.800000e+00
4.301951714884321e-06	1.800000e+00
4.302996328826165e-06	1.800000e+00
4.303967213805623e-06	1.800000e+00
4.305286173958401e-06	1.800000e+00
4.306814266844861e-06	1.800000e+00
4.308019037700681e-06	1.800000e+00
4.309396456774339e-06	1.800000e+00
4.310689684800064e-06	1.800000e+00
4.311431206533238e-06	1.800000e+00
4.312022063135593e-06	1.800000e+00
4.312503111403872e-06	1.800000e+00
4.313089055686139e-06	1.800000e+00
4.313685997466629e-06	1.800000e+00
4.314093309843800e-06	1.800000e+00
4.314565030069550e-06	1.800000e+00
4.315208358036742e-06	1.800000e+00
4.315920162298263e-06	1.800000e+00
4.316697194692724e-06	1.800000e+00
4.317664374663331e-06	1.800000e+00
4.318971802615402e-06	1.800000e+00
4.320996968441567e-06	1.800000e+00
4.323874415476372e-06	1.800000e+00
4.327204604448494e-06	1.800000e+00
4.332087416948494e-06	1.800000e+00
4.336970229448493e-06	1.800000e+00
4.341853041948493e-06	1.800000e+00
4.345117187500001e-06	1.800000e+00
4.350000000000001e-06	1.799982e+00
4.350009536743164e-06	1.799988e+00
4.350028610229493e-06	1.800001e+00
4.350033283686480e-06	1.800000e+00
4.350038857574656e-06	1.800000e+00
4.350049347495456e-06	1.800000e+00
4.350059572602577e-06	1.800000e+00
4.350078610555968e-06	1.800000e+00
4.350107982032726e-06	1.800000e+00
4.350153663439114e-06	1.800000e+00
4.350245026251889e-06	1.800000e+00
4.350396296899890e-06	1.800000e+00
4.350532539588154e-06	1.800000e+00
4.350782754284111e-06	1.800000e+00
4.351042835206347e-06	1.800000e+00
4.351249463075939e-06	1.800000e+00
4.351484399000494e-06	1.800000e+00
4.351709695131675e-06	1.800000e+00
4.351956943046695e-06	1.800000e+00
4.352290785405159e-06	1.800000e+00
4.352603816332822e-06	1.800000e+00
4.352998297629229e-06	1.800000e+00
4.353408050732349e-06	1.800000e+00
4.353747407676473e-06	1.800000e+00
4.354107854259420e-06	1.800000e+00
4.354493585287811e-06	1.800000e+00
4.354974473409393e-06	1.800000e+00
4.355505600243324e-06	1.800000e+00
4.356093086568602e-06	1.800000e+00
4.356686648320002e-06	1.800000e+00
4.357320108456261e-06	1.800000e+00
4.358004353832841e-06	1.800000e+00
4.358786145171744e-06	1.800000e+00
4.359721468548008e-06	1.800000e+00
4.360776547112386e-06	1.800000e+00
4.361884292346795e-06	1.800000e+00
4.363333145748162e-06	1.800000e+00
4.364872425016257e-06	1.800000e+00
4.367001427638063e-06	1.800000e+00
4.369240164259162e-06	1.800000e+00
4.373255717387022e-06	1.800000e+00
4.377069302441769e-06	1.800000e+00
4.381952114941769e-06	1.800000e+00
4.386834927441769e-06	1.800000e+00
4.391717739941768e-06	1.800000e+00
4.396600552441768e-06	1.800000e+00
4.401483364941768e-06	1.800000e+00
4.406366177441768e-06	1.800000e+00
4.411248989941768e-06	1.800000e+00
4.421014614941767e-06	1.800000e+00
4.425897427441767e-06	1.800000e+00
4.430780239941767e-06	1.800000e+00
4.445428677441766e-06	1.800000e+00
4.450000000000001e-06	1.800000e+00
4.450009536743164e-06	1.800000e+00
4.450028610229493e-06	1.800000e+00
4.450033394123884e-06	1.800000e+00
4.450039164437646e-06	1.800000e+00
4.450046389883926e-06	1.800000e+00
4.450060840776485e-06	1.800000e+00
4.450084713301301e-06	1.800000e+00
4.450120806021275e-06	1.800000e+00
4.450187807745944e-06	1.800000e+00
4.450321811195282e-06	1.800000e+00
4.450499995627649e-06	1.800000e+00
4.450696071326193e-06	1.800000e+00
4.450904189082081e-06	1.800000e+00
4.451146160177947e-06	1.800000e+00
4.451454168095328e-06	1.800000e+00
4.451810503156972e-06	1.800000e+00
4.452355240794997e-06	1.800000e+00
4.453132094284552e-06	1.800000e+00
4.454155021879401e-06	1.800000e+00
4.455240775781045e-06	1.800000e+00
4.456775829702135e-06	1.800000e+00
4.457614685481484e-06	1.800000e+00
4.458343815547457e-06	1.800000e+00
4.459228367221543e-06	1.800000e+00
4.460158337608083e-06	1.800000e+00
4.460769781846065e-06	1.800000e+00
4.461198009193323e-06	1.800000e+00
4.461538356268959e-06	1.800000e+00
4.461898008075367e-06	1.800000e+00
4.462308790574064e-06	1.800000e+00
4.462577568061695e-06	1.800000e+00
4.462888428969040e-06	1.800000e+00
4.463220847779566e-06	1.800000e+00
4.463693716736663e-06	1.800000e+00
4.464251358603605e-06	1.800000e+00
4.464860717922467e-06	1.800000e+00
4.465635312180533e-06	1.800000e+00
4.466623846032074e-06	1.800000e+00
4.467931916522963e-06	1.800000e+00
4.469903372680078e-06	1.800000e+00
4.471964539757756e-06	1.800000e+00
4.474490660653388e-06	1.800000e+00
4.478201996914464e-06	1.800000e+00
4.483084809414464e-06	1.800000e+00
4.487967621914464e-06	1.800000e+00
4.492850434414464e-06	1.800000e+00
4.497733246914463e-06	1.800000e+00
4.502616059414463e-06	1.800000e+00
4.507498871914463e-06	1.800000e+00
4.545117187600001e-06	1.800000e+00
4.550000000100000e-06	1.800000e+00
4.554882812600000e-06	1.800000e+00
4.555117187600000e-06	1.800000e+00
4.555585937600001e-06	1.800000e+00
4.556523437600002e-06	1.800000e+00
4.558125000099998e-06	1.800000e+00
4.560000000100000e-06	1.800000e+00
4.560005242530985e-06	1.800000e+00
4.560015727392955e-06	1.800000e+00
4.560018280062640e-06	1.800000e+00
4.560021434912004e-06	1.800000e+00
4.560027744610731e-06	1.800000e+00
4.560035535486637e-06	1.800000e+00
4.560050951289995e-06	1.800000e+00
4.560075229457935e-06	1.800000e+00
4.560105705523829e-06	1.800000e+00
4.560166657655617e-06	1.800000e+00
4.560288561919191e-06	1.800000e+00
4.560508849612097e-06	1.800000e+00
4.560846332132827e-06	1.800000e+00
4.561372977637312e-06	1.800000e+00
4.561947142461827e-06	1.800000e+00
4.562964440767399e-06	1.800000e+00
4.564343089111027e-06	1.800000e+00
4.565789486231623e-06	1.800000e+00
4.567848937739791e-06	1.800000e+00
4.571212115236696e-06	1.800000e+00
4.575205114240681e-06	1.800000e+00
4.580087926740681e-06	1.800000e+00
4.584970739240681e-06	1.800000e+00
4.687509801740677e-06	1.800000e+00
4.695117187500001e-06	1.800000e+00
4.700000000000001e-06	1.790212e+00
4.700001192092897e-06	1.788269e+00
4.700003576278688e-06	1.792569e+00
4.700004169189728e-06	1.798452e+00
4.700004889932681e-06	1.804110e+00
4.700006069759734e-06	1.805555e+00
4.700007294814505e-06	1.804841e+00
4.700009744924048e-06	1.802999e+00
4.700013840566703e-06	1.801235e+00
4.700022031852013e-06	1.799936e+00
4.700032194060599e-06	1.799662e+00
4.700043597994446e-06	1.799771e+00
4.700062356829021e-06	1.799901e+00
4.700082691573125e-06	1.799954e+00
4.700108291361753e-06	1.799978e+00
4.700112629930468e-06	1.799980e+00
4.700113714572647e-06	1.799981e+00
4.700116426178094e-06	1.799982e+00
4.700119680104630e-06	1.799984e+00
4.700124018673345e-06	1.799985e+00
4.700132695810775e-06	1.799989e+00
4.700150050085634e-06	1.799994e+00
4.700184758635352e-06	1.800002e+00
4.700254175734788e-06	1.800011e+00
4.700364607120473e-06	1.800019e+00
4.700488215298067e-06	1.800020e+00
4.700627387021990e-06	1.800015e+00
4.700807859881826e-06	1.800010e+00
4.701067795945831e-06	1.800008e+00
4.701379620343713e-06	1.800007e+00
4.701811991479697e-06	1.800007e+00
4.702676733751666e-06	1.800008e+00
4.702784575338701e-06	1.800011e+00
4.703000258512773e-06	1.800028e+00
4.703029076071612e-06	1.800034e+00
4.703086711189290e-06	1.800055e+00
4.703201981424647e-06	1.799901e+00
4.703302278610318e-06	1.793846e+00
4.703418546685660e-06	1.759570e+00
4.703489187934770e-06	1.697730e+00
4.703582261561842e-06	1.548954e+00
4.703629766897386e-06	1.406639e+00
4.703658960260093e-06	1.204364e+00
4.703676931325154e-06	9.344161e-01
4.703692859023077e-06	5.508232e-01
4.703704277380715e-06	2.376711e-01
4.703711456329569e-06	9.429564e-02
4.703720473402121e-06	2.004147e-02
4.703729528727524e-06	3.108871e-03
4.703738196581558e-06	1.634331e-03
4.703749692627669e-06	1.069664e-03
4.703772684719891e-06	6.146586e-04
4.703808115705534e-06	3.735117e-04
4.703842492694546e-06	2.864461e-04
4.703905058365221e-06	2.107449e-04
4.704004214051108e-06	1.458146e-04
4.704114774662320e-06	7.084968e-05
4.704191160913548e-06	1.663968e-05
4.704276386932589e-06	-1.136466e-05
4.704333380987980e-06	-1.154350e-05
4.704415233716923e-06	-1.005061e-05
4.704578939174811e-06	-8.103304e-06
4.704873942691737e-06	-5.358249e-06
4.705186191114284e-06	-3.377881e-06
4.705580022026270e-06	-1.971097e-06
4.706034398115400e-06	-1.092516e-06
4.706575566717571e-06	7.746558e-06
4.706667227733786e-06	5.995930e-06
4.706850549766217e-06	-3.736089e-07
4.706896380274324e-06	-3.487348e-07
4.706988041290539e-06	-2.889807e-07
4.707028142985134e-06	-2.739360e-07
4.707051058239188e-06	-2.657781e-07
4.707096888747296e-06	-2.503160e-07
4.707188549763511e-06	-2.225577e-07
4.707371871795941e-06	-1.771785e-07
4.707738515860802e-06	-1.123672e-07
4.708295780507239e-06	-5.293703e-08
4.709003356703984e-06	-1.758431e-08
4.710319849329427e-06	3.162249e-09
4.712952834580315e-06	1.022770e-08
4.717647099975527e-06	8.612882e-09
4.722529912475527e-06	5.640286e-09
4.727412724975527e-06	3.502854e-09
4.732295537475527e-06	2.470083e-09
4.737178349975526e-06	1.962093e-09
4.742061162475526e-06	1.645196e-09
4.746943974975526e-06	1.442939e-09
4.751826787475526e-06	1.302622e-09
4.756709599975526e-06	1.209736e-09
4.761592412475525e-06	1.144761e-09
4.766475224975525e-06	1.101290e-09
4.771358037475525e-06	1.070904e-09
4.776240849975525e-06	1.050430e-09
4.781123662475525e-06	1.036166e-09
4.786006474975524e-06	1.026495e-09
4.795117187600001e-06	1.015633e-09
4.800000000100000e-06	-2.936230e-05
4.800009536843164e-06	-8.597139e-06
4.800028610329492e-06	2.841813e-05
4.800033397219607e-06	1.302625e-06
4.800039125369413e-06	-1.993378e-05
4.800050581669027e-06	-7.837271e-07
4.800071041534893e-06	-9.794500e-07
4.800111961266627e-06	-1.786735e-08
4.800154993799015e-06	-1.270793e-07
4.800212636553204e-06	2.934940e-08
4.800273922440143e-06	-9.290143e-08
4.800369524899066e-06	4.009701e-08
4.800496440286118e-06	-5.301422e-08
4.800750271060222e-06	3.482322e-09
4.801014127230601e-06	-1.059041e-08
4.801357577006760e-06	1.291226e-08
4.801862096344849e-06	-1.529567e-09
4.802421721688561e-06	6.342740e-09
4.803156463041212e-06	-3.431061e-09
4.804155208716297e-06	5.393149e-09
4.805710265560008e-06	-7.718030e-10
4.807724152708889e-06	2.190951e-09
4.810226039078500e-06	7.270675e-10
4.812883483569354e-06	2.335206e-09
4.816631763040059e-06	4.763213e-10
4.821132142517146e-06	1.224247e-09
4.826014955017146e-06	1.012609e-09
4.835780580017145e-06	1.012722e-09
4.845546205017145e-06	1.247763e-09
4.850000000000001e-06	-2.482444e-06
4.850009536743165e-06	-1.680716e-06
4.850028610229493e-06	1.065435e-07
4.850033384301809e-06	6.465069e-08
4.850039035950670e-06	-1.968139e-08
4.850049030307502e-06	4.001956e-09
4.850061652301455e-06	-1.138736e-09
4.850085482741724e-06	1.624140e-09
4.850122337531075e-06	7.107187e-10
4.850177742232373e-06	1.165080e-09
4.850257045558796e-06	8.953797e-10
4.850378063459116e-06	1.080502e-09
4.850573305188868e-06	9.714888e-10
4.850847504533176e-06	1.027796e-09
4.851227973682156e-06	9.865150e-10
4.851789743601156e-06	1.004724e-09
4.852344903387723e-06	1.002695e-09
4.852934781372847e-06	1.004465e-09
4.853510180423420e-06	1.000118e-09
4.854178084656438e-06	1.006511e-09
4.854873690457059e-06	1.003582e-09
4.855605115196937e-06	1.010261e-09
4.856502041227332e-06	1.003472e-09
4.857468182835318e-06	1.006842e-09
4.858517793118548e-06	1.002416e-09
4.859742077083715e-06	1.008526e-09
4.861290380285064e-06	1.004805e-09
4.862877433988600e-06	1.008716e-09
4.865109070012303e-06	1.005359e-09
4.867282675836403e-06	1.007724e-09
4.870336006853565e-06	1.003647e-09
4.874321534249015e-06	1.006035e-09
4.879204346749015e-06	1.005136e-09
4.884087159249015e-06	1.005140e-09
4.888969971749015e-06	1.005136e-09
4.893852784249015e-06	1.005140e-09
4.898735596749014e-06	1.005136e-09
4.903618409249014e-06	1.005141e-09
4.908501221749014e-06	1.005136e-09
4.913384034249014e-06	1.005140e-09
4.918266846749014e-06	1.005136e-09
4.923149659249013e-06	1.005140e-09
4.928032471749013e-06	1.005136e-09
4.932915284249013e-06	1.005140e-09
4.937798096749013e-06	1.005136e-09
4.942680909249013e-06	1.001217e-09
4.945117187500001e-06	2.469530e-09
4.945127443498024e-06	1.825963e-09
4.945147955494070e-06	7.510044e-10
4.945188979486162e-06	1.105750e-09
4.945271027470345e-06	9.603321e-10
4.945435123438713e-06	1.026286e-09
4.945763315375448e-06	9.948654e-10
4.946419699248917e-06	1.010201e-09
4.947732466995856e-06	1.003020e-09
4.950000000000001e-06	-4.075555e-10
4.950006856639947e-06	3.516208e-11
4.950020569919839e-06	1.073108e-09
4.950023876185505e-06	1.048983e-09
4.950028094137814e-06	9.781160e-10
4.950036530042432e-06	9.883143e-10
4.950053401851669e-06	9.964243e-10
4.950080259905700e-06	1.006331e-09
4.950109683205069e-06	1.009739e-09
4.950147172089837e-06	1.009562e-09
4.950195480628821e-06	1.008249e-09
4.950267937645486e-06	1.006958e-09
4.950367047747546e-06	1.006027e-09
4.950529450560538e-06	1.005469e-09
4.950763186207217e-06	1.005191e-09
4.951037963692564e-06	1.005084e-09
4.951353983241585e-06	1.005035e-09
4.951764886780109e-06	1.005040e-09
4.952387832449742e-06	1.005076e-09
4.953064736506986e-06	1.005116e-09
4.953914803924258e-06	1.005147e-09
4.955108798442640e-06	1.005155e-09
4.956250771442667e-06	1.005139e-09
4.957442868288397e-06	1.005133e-09
4.958893049899681e-06	1.005138e-09
4.960432368944553e-06	1.005139e-09
4.962184240153954e-06	1.005137e-09
4.965687982572756e-06	1.005138e-09
4.969065018494453e-06	1.005138e-09
4.973947830994453e-06	1.005138e-09
4.978830643494453e-06	1.005138e-09
4.983713455994453e-06	1.005138e-09
4.988596268494453e-06	1.005138e-09
4.993479080994452e-06	1.005137e-09
4.995117187500001e-06	1.005138e-09
4.996723786988904e-06	1.005102e-09
4.996912829088774e-06	1.005147e-09
4.997164885221935e-06	1.005134e-09
4.997668997488257e-06	1.005140e-09
4.998677222020900e-06	1.005137e-09
5.000000000000000e-06	1.005139e-09
