v2	V(vout)
0.000000000000000e+00	1.113506e-02
1.000000000000000e-03	1.114968e-02
2.000000000000000e-03	1.116507e-02
3.000000000000000e-03	1.118066e-02
4.000000000000000e-03	1.119665e-02
5.000000000000000e-03	1.121306e-02
6.000000000000000e-03	1.122989e-02
7.000000000000000e-03	1.124717e-02
8.000000000000000e-03	1.126489e-02
9.000000000000001e-03	1.128308e-02
1.000000000000000e-02	1.130174e-02
1.100000000000000e-02	1.132090e-02
1.200000000000000e-02	1.134055e-02
1.300000000000000e-02	1.136073e-02
1.400000000000001e-02	1.138143e-02
1.500000000000001e-02	1.140268e-02
1.600000000000001e-02	1.142449e-02
1.700000000000001e-02	1.144688e-02
1.800000000000001e-02	1.146986e-02
1.900000000000001e-02	1.149345e-02
2.000000000000001e-02	1.151766e-02
2.100000000000001e-02	1.154252e-02
2.200000000000001e-02	1.156805e-02
2.300000000000001e-02	1.159425e-02
2.400000000000001e-02	1.162115e-02
2.500000000000002e-02	1.164878e-02
2.600000000000002e-02	1.167714e-02
2.700000000000002e-02	1.170627e-02
2.800000000000002e-02	1.173618e-02
2.900000000000002e-02	1.176689e-02
3.000000000000002e-02	1.179844e-02
3.100000000000002e-02	1.183084e-02
3.200000000000002e-02	1.186412e-02
3.300000000000002e-02	1.189830e-02
3.400000000000002e-02	1.193342e-02
3.500000000000002e-02	1.196949e-02
3.600000000000003e-02	1.200655e-02
3.700000000000003e-02	1.204462e-02
3.800000000000003e-02	1.208374e-02
3.900000000000003e-02	1.212393e-02
4.000000000000003e-02	1.216523e-02
4.100000000000003e-02	1.220767e-02
4.200000000000003e-02	1.225129e-02
4.300000000000003e-02	1.229612e-02
4.400000000000003e-02	1.234219e-02
4.500000000000003e-02	1.238955e-02
4.600000000000003e-02	1.243823e-02
4.700000000000003e-02	1.248828e-02
4.800000000000004e-02	1.253974e-02
4.900000000000004e-02	1.259264e-02
5.000000000000004e-02	1.264704e-02
5.100000000000004e-02	1.270298e-02
5.200000000000004e-02	1.276051e-02
5.300000000000004e-02	1.281967e-02
5.400000000000004e-02	1.288053e-02
5.500000000000004e-02	1.294313e-02
5.600000000000004e-02	1.300753e-02
5.700000000000004e-02	1.307378e-02
5.800000000000004e-02	1.314195e-02
5.900000000000005e-02	1.321210e-02
6.000000000000005e-02	1.328429e-02
6.100000000000005e-02	1.335858e-02
6.200000000000005e-02	1.343506e-02
6.300000000000004e-02	1.351378e-02
6.400000000000004e-02	1.359482e-02
6.500000000000004e-02	1.367827e-02
6.600000000000004e-02	1.376420e-02
6.700000000000005e-02	1.385268e-02
6.800000000000005e-02	1.394382e-02
6.900000000000005e-02	1.403770e-02
7.000000000000005e-02	1.413442e-02
7.100000000000005e-02	1.423407e-02
7.200000000000005e-02	1.433675e-02
7.300000000000005e-02	1.444257e-02
7.400000000000005e-02	1.455165e-02
7.500000000000005e-02	1.466409e-02
7.600000000000005e-02	1.478001e-02
7.700000000000005e-02	1.489955e-02
7.800000000000006e-02	1.502283e-02
7.900000000000006e-02	1.515000e-02
8.000000000000006e-02	1.528118e-02
8.100000000000006e-02	1.541653e-02
8.200000000000006e-02	1.555622e-02
8.300000000000006e-02	1.570039e-02
8.400000000000006e-02	1.584922e-02
8.500000000000006e-02	1.600289e-02
8.600000000000006e-02	1.616159e-02
8.700000000000006e-02	1.632552e-02
8.800000000000006e-02	1.649487e-02
8.900000000000007e-02	1.666987e-02
9.000000000000007e-02	1.685074e-02
9.100000000000007e-02	1.703772e-02
9.200000000000007e-02	1.723106e-02
9.300000000000007e-02	1.743103e-02
9.400000000000007e-02	1.763790e-02
9.500000000000007e-02	1.785196e-02
9.600000000000007e-02	1.807352e-02
9.700000000000007e-02	1.830291e-02
9.800000000000007e-02	1.854048e-02
9.900000000000007e-02	1.878657e-02
1.000000000000001e-01	1.904158e-02
1.010000000000001e-01	1.930591e-02
1.020000000000001e-01	1.957998e-02
1.030000000000001e-01	1.986427e-02
1.040000000000001e-01	2.015923e-02
1.050000000000001e-01	2.046540e-02
1.060000000000001e-01	2.078331e-02
1.070000000000001e-01	2.111353e-02
1.080000000000001e-01	2.145670e-02
1.090000000000001e-01	2.181345e-02
1.100000000000001e-01	2.218451e-02
1.110000000000001e-01	2.257060e-02
1.120000000000001e-01	2.297253e-02
1.130000000000001e-01	2.339116e-02
1.140000000000001e-01	2.382741e-02
1.150000000000001e-01	2.428226e-02
1.160000000000001e-01	2.475675e-02
1.170000000000001e-01	2.525204e-02
1.180000000000001e-01	2.576934e-02
1.190000000000001e-01	2.630997e-02
1.200000000000001e-01	2.687534e-02
1.210000000000001e-01	2.746700e-02
1.220000000000001e-01	2.808659e-02
1.230000000000001e-01	2.873592e-02
1.240000000000001e-01	2.941693e-02
1.250000000000001e-01	3.013172e-02
1.260000000000001e-01	3.088257e-02
1.270000000000001e-01	3.167197e-02
1.280000000000001e-01	3.250261e-02
1.290000000000001e-01	3.337739e-02
1.300000000000001e-01	3.429950e-02
1.310000000000001e-01	3.527234e-02
1.320000000000001e-01	3.629965e-02
1.330000000000001e-01	3.738542e-02
1.340000000000001e-01	3.853393e-02
1.350000000000001e-01	3.974980e-02
1.360000000000001e-01	4.103789e-02
1.370000000000001e-01	4.240333e-02
1.380000000000001e-01	4.385142e-02
1.390000000000001e-01	4.538754e-02
1.400000000000001e-01	4.701704e-02
1.410000000000001e-01	4.874498e-02
1.420000000000001e-01	5.057591e-02
1.430000000000001e-01	5.251348e-02
1.440000000000001e-01	5.456005e-02
1.450000000000001e-01	5.671621e-02
1.460000000000001e-01	5.898026e-02
1.470000000000001e-01	6.134785e-02
1.480000000000001e-01	6.381159e-02
1.490000000000001e-01	6.636106e-02
1.500000000000001e-01	6.898304e-02
1.510000000000001e-01	7.166204e-02
1.520000000000001e-01	7.438117e-02
1.530000000000001e-01	7.712308e-02
1.540000000000001e-01	7.987101e-02
1.550000000000001e-01	8.260956e-02
1.560000000000001e-01	8.532533e-02
1.570000000000001e-01	8.800722e-02
1.580000000000001e-01	9.064650e-02
1.590000000000001e-01	9.323671e-02
1.600000000000001e-01	9.577338e-02
1.610000000000001e-01	9.825379e-02
1.620000000000001e-01	1.006766e-01
1.630000000000001e-01	1.030414e-01
1.640000000000001e-01	1.053489e-01
1.650000000000001e-01	1.076003e-01
1.660000000000001e-01	1.097971e-01
1.670000000000001e-01	1.119412e-01
1.680000000000001e-01	1.140347e-01
1.690000000000001e-01	1.160798e-01
1.700000000000001e-01	1.180785e-01
1.710000000000001e-01	1.200333e-01
1.720000000000001e-01	1.219460e-01
1.730000000000001e-01	1.238190e-01
1.740000000000001e-01	1.256540e-01
1.750000000000001e-01	1.274531e-01
1.760000000000001e-01	1.292182e-01
1.770000000000001e-01	1.309508e-01
1.780000000000001e-01	1.326526e-01
1.790000000000001e-01	1.343253e-01
1.800000000000001e-01	1.359701e-01
1.810000000000001e-01	1.375887e-01
1.820000000000001e-01	1.391821e-01
1.830000000000001e-01	1.407517e-01
1.840000000000001e-01	1.422986e-01
1.850000000000001e-01	1.438238e-01
1.860000000000001e-01	1.453285e-01
1.870000000000001e-01	1.468135e-01
1.880000000000001e-01	1.482798e-01
1.890000000000001e-01	1.497282e-01
1.900000000000001e-01	1.511596e-01
1.910000000000001e-01	1.525746e-01
1.920000000000001e-01	1.539740e-01
1.930000000000001e-01	1.553586e-01
1.940000000000001e-01	1.567288e-01
1.950000000000001e-01	1.580855e-01
1.960000000000001e-01	1.594290e-01
1.970000000000001e-01	1.607600e-01
1.980000000000001e-01	1.620790e-01
1.990000000000001e-01	1.633864e-01
2.000000000000001e-01	1.646828e-01
2.010000000000002e-01	1.659686e-01
2.020000000000002e-01	1.672442e-01
2.030000000000002e-01	1.685100e-01
2.040000000000002e-01	1.697664e-01
2.050000000000002e-01	1.710137e-01
2.060000000000002e-01	1.722523e-01
2.070000000000002e-01	1.734825e-01
2.080000000000002e-01	1.747046e-01
2.090000000000002e-01	1.759190e-01
2.100000000000002e-01	1.771259e-01
2.110000000000002e-01	1.783256e-01
2.120000000000002e-01	1.795183e-01
2.130000000000002e-01	1.807044e-01
2.140000000000002e-01	1.818839e-01
2.150000000000002e-01	1.830573e-01
2.160000000000002e-01	1.842246e-01
2.170000000000002e-01	1.853862e-01
2.180000000000002e-01	1.865421e-01
2.190000000000002e-01	1.876926e-01
2.200000000000002e-01	1.888379e-01
2.210000000000002e-01	1.899781e-01
2.220000000000002e-01	1.911134e-01
2.230000000000002e-01	1.922441e-01
2.240000000000002e-01	1.933701e-01
2.250000000000002e-01	1.944918e-01
2.260000000000002e-01	1.956092e-01
2.270000000000002e-01	1.967224e-01
2.280000000000002e-01	1.978317e-01
2.290000000000002e-01	1.989371e-01
2.300000000000002e-01	2.000387e-01
2.310000000000002e-01	2.011367e-01
2.320000000000002e-01	2.022312e-01
2.330000000000002e-01	2.033224e-01
2.340000000000002e-01	2.044102e-01
2.350000000000002e-01	2.054948e-01
2.360000000000002e-01	2.065764e-01
2.370000000000002e-01	2.076549e-01
2.380000000000002e-01	2.087306e-01
2.390000000000002e-01	2.098034e-01
2.400000000000002e-01	2.108735e-01
2.410000000000002e-01	2.119410e-01
2.420000000000002e-01	2.130059e-01
2.430000000000002e-01	2.140683e-01
2.440000000000002e-01	2.151282e-01
2.450000000000002e-01	2.161859e-01
2.460000000000002e-01	2.172413e-01
2.470000000000002e-01	2.182944e-01
2.480000000000002e-01	2.193455e-01
2.490000000000002e-01	2.203944e-01
2.500000000000002e-01	2.214413e-01
2.510000000000002e-01	2.224863e-01
2.520000000000002e-01	2.235294e-01
2.530000000000002e-01	2.245706e-01
2.540000000000002e-01	2.256100e-01
2.550000000000002e-01	2.266477e-01
2.560000000000002e-01	2.276837e-01
2.570000000000002e-01	2.287180e-01
2.580000000000002e-01	2.297508e-01
2.590000000000002e-01	2.307820e-01
2.600000000000002e-01	2.318116e-01
2.610000000000002e-01	2.328399e-01
2.620000000000002e-01	2.338666e-01
2.630000000000002e-01	2.348921e-01
2.640000000000002e-01	2.359161e-01
2.650000000000002e-01	2.369388e-01
2.660000000000002e-01	2.379603e-01
2.670000000000002e-01	2.389806e-01
2.680000000000002e-01	2.399996e-01
2.690000000000002e-01	2.410174e-01
2.700000000000002e-01	2.420342e-01
2.710000000000002e-01	2.430498e-01
2.720000000000002e-01	2.440643e-01
2.730000000000002e-01	2.450778e-01
2.740000000000002e-01	2.460902e-01
2.750000000000002e-01	2.471017e-01
2.760000000000002e-01	2.481122e-01
2.770000000000002e-01	2.491217e-01
2.780000000000002e-01	2.501304e-01
2.790000000000002e-01	2.511381e-01
2.800000000000002e-01	2.521450e-01
2.810000000000002e-01	2.531510e-01
2.820000000000002e-01	2.541562e-01
2.830000000000002e-01	2.551606e-01
2.840000000000002e-01	2.561643e-01
2.850000000000002e-01	2.571671e-01
2.860000000000002e-01	2.581693e-01
2.870000000000002e-01	2.591707e-01
2.880000000000002e-01	2.601714e-01
2.890000000000002e-01	2.611714e-01
2.900000000000002e-01	2.621707e-01
2.910000000000002e-01	2.631694e-01
2.920000000000002e-01	2.641675e-01
2.930000000000002e-01	2.651650e-01
2.940000000000002e-01	2.661618e-01
2.950000000000002e-01	2.671581e-01
2.960000000000002e-01	2.681538e-01
2.970000000000002e-01	2.691489e-01
2.980000000000002e-01	2.701435e-01
2.990000000000002e-01	2.711376e-01
3.000000000000002e-01	2.721311e-01
3.010000000000002e-01	2.731242e-01
3.020000000000002e-01	2.741167e-01
3.030000000000002e-01	2.751088e-01
3.040000000000002e-01	2.761004e-01
3.050000000000002e-01	2.770916e-01
3.060000000000002e-01	2.780823e-01
3.070000000000002e-01	2.790726e-01
3.080000000000002e-01	2.800624e-01
3.090000000000002e-01	2.810519e-01
3.100000000000002e-01	2.820409e-01
3.110000000000002e-01	2.830296e-01
3.120000000000002e-01	2.840179e-01
3.130000000000002e-01	2.850057e-01
3.140000000000002e-01	2.859933e-01
3.150000000000002e-01	2.869805e-01
3.160000000000002e-01	2.879673e-01
3.170000000000002e-01	2.889538e-01
3.180000000000002e-01	2.899400e-01
3.190000000000002e-01	2.909258e-01
3.200000000000002e-01	2.919113e-01
3.210000000000002e-01	2.928965e-01
3.220000000000002e-01	2.938815e-01
3.230000000000002e-01	2.948661e-01
3.240000000000002e-01	2.958504e-01
3.250000000000002e-01	2.968345e-01
3.260000000000002e-01	2.978183e-01
3.270000000000002e-01	2.988018e-01
3.280000000000002e-01	2.997851e-01
3.290000000000002e-01	3.007681e-01
3.300000000000002e-01	3.017508e-01
3.310000000000002e-01	3.027334e-01
3.320000000000002e-01	3.037156e-01
3.330000000000002e-01	3.046977e-01
3.340000000000002e-01	3.056795e-01
3.350000000000002e-01	3.066611e-01
3.360000000000002e-01	3.076425e-01
3.370000000000002e-01	3.086237e-01
3.380000000000002e-01	3.096046e-01
3.390000000000002e-01	3.105854e-01
3.400000000000002e-01	3.115660e-01
3.410000000000002e-01	3.125464e-01
3.420000000000002e-01	3.135266e-01
3.430000000000002e-01	3.145066e-01
3.440000000000003e-01	3.154865e-01
3.450000000000003e-01	3.164661e-01
3.460000000000003e-01	3.174456e-01
3.470000000000003e-01	3.184250e-01
3.480000000000003e-01	3.194041e-01
3.490000000000003e-01	3.203832e-01
3.500000000000003e-01	3.213620e-01
3.510000000000003e-01	3.223408e-01
3.520000000000003e-01	3.233193e-01
3.530000000000003e-01	3.242978e-01
3.540000000000003e-01	3.252760e-01
3.550000000000003e-01	3.262542e-01
3.560000000000003e-01	3.272322e-01
3.570000000000003e-01	3.282101e-01
3.580000000000003e-01	3.291879e-01
3.590000000000003e-01	3.301656e-01
3.600000000000003e-01	3.311431e-01
3.610000000000003e-01	3.321205e-01
3.620000000000003e-01	3.330978e-01
3.630000000000003e-01	3.340751e-01
3.640000000000003e-01	3.350522e-01
3.650000000000003e-01	3.360292e-01
3.660000000000003e-01	3.370061e-01
3.670000000000003e-01	3.379829e-01
3.680000000000003e-01	3.389596e-01
3.690000000000003e-01	3.399363e-01
3.700000000000003e-01	3.409128e-01
3.710000000000003e-01	3.418893e-01
3.720000000000003e-01	3.428657e-01
3.730000000000003e-01	3.438420e-01
3.740000000000003e-01	3.448183e-01
3.750000000000003e-01	3.457945e-01
3.760000000000003e-01	3.467706e-01
3.770000000000003e-01	3.477466e-01
3.780000000000003e-01	3.487226e-01
3.790000000000003e-01	3.496986e-01
3.800000000000003e-01	3.506745e-01
3.810000000000003e-01	3.516503e-01
3.820000000000003e-01	3.526261e-01
3.830000000000003e-01	3.536018e-01
3.840000000000003e-01	3.545775e-01
3.850000000000003e-01	3.555532e-01
3.860000000000003e-01	3.565288e-01
3.870000000000003e-01	3.575044e-01
3.880000000000003e-01	3.584800e-01
3.890000000000003e-01	3.594555e-01
3.900000000000003e-01	3.604310e-01
3.910000000000003e-01	3.614065e-01
3.920000000000003e-01	3.623820e-01
3.930000000000003e-01	3.633575e-01
3.940000000000003e-01	3.643329e-01
3.950000000000003e-01	3.653084e-01
3.960000000000003e-01	3.662838e-01
3.970000000000003e-01	3.672593e-01
3.980000000000003e-01	3.682347e-01
3.990000000000003e-01	3.692102e-01
4.000000000000003e-01	3.701856e-01
4.010000000000003e-01	3.711610e-01
4.020000000000003e-01	3.721365e-01
4.030000000000003e-01	3.731120e-01
4.040000000000003e-01	3.740875e-01
4.050000000000003e-01	3.750631e-01
4.060000000000003e-01	3.760386e-01
4.070000000000003e-01	3.770142e-01
4.080000000000003e-01	3.779898e-01
4.090000000000003e-01	3.789655e-01
4.100000000000003e-01	3.799412e-01
4.110000000000003e-01	3.809169e-01
4.120000000000003e-01	3.818927e-01
4.130000000000003e-01	3.828684e-01
4.140000000000003e-01	3.838443e-01
4.150000000000003e-01	3.848202e-01
4.160000000000003e-01	3.857962e-01
4.170000000000003e-01	3.867722e-01
4.180000000000003e-01	3.877483e-01
4.190000000000003e-01	3.887244e-01
4.200000000000003e-01	3.897006e-01
4.210000000000003e-01	3.906769e-01
4.220000000000003e-01	3.916532e-01
4.230000000000003e-01	3.926296e-01
4.240000000000003e-01	3.936060e-01
4.250000000000003e-01	3.945826e-01
4.260000000000003e-01	3.955592e-01
4.270000000000003e-01	3.965359e-01
4.280000000000003e-01	3.975127e-01
4.290000000000003e-01	3.984895e-01
4.300000000000003e-01	3.994665e-01
4.310000000000003e-01	4.004435e-01
4.320000000000003e-01	4.014206e-01
4.330000000000003e-01	4.023978e-01
4.340000000000003e-01	4.033751e-01
4.350000000000003e-01	4.043525e-01
4.360000000000003e-01	4.053300e-01
4.370000000000003e-01	4.063075e-01
4.380000000000003e-01	4.072852e-01
4.390000000000003e-01	4.082630e-01
4.400000000000003e-01	4.092408e-01
4.410000000000003e-01	4.102188e-01
4.420000000000003e-01	4.111969e-01
4.430000000000003e-01	4.121750e-01
4.440000000000003e-01	4.131533e-01
4.450000000000003e-01	4.141317e-01
4.460000000000003e-01	4.151101e-01
4.470000000000003e-01	4.160887e-01
4.480000000000003e-01	4.170674e-01
4.490000000000003e-01	4.180462e-01
4.500000000000003e-01	4.190251e-01
4.510000000000003e-01	4.200041e-01
4.520000000000003e-01	4.209832e-01
4.530000000000003e-01	4.219624e-01
4.540000000000003e-01	4.229417e-01
4.550000000000003e-01	4.239211e-01
4.560000000000003e-01	4.249007e-01
4.570000000000004e-01	4.258803e-01
4.580000000000004e-01	4.268600e-01
4.590000000000004e-01	4.278398e-01
4.600000000000004e-01	4.288198e-01
4.610000000000004e-01	4.297999e-01
4.620000000000004e-01	4.307800e-01
4.630000000000004e-01	4.317603e-01
4.640000000000004e-01	4.327406e-01
4.650000000000004e-01	4.337211e-01
4.660000000000004e-01	4.347017e-01
4.670000000000004e-01	4.356823e-01
4.680000000000004e-01	4.366631e-01
4.690000000000004e-01	4.376440e-01
4.700000000000004e-01	4.386249e-01
4.710000000000004e-01	4.396060e-01
4.720000000000004e-01	4.405872e-01
4.730000000000004e-01	4.415684e-01
4.740000000000004e-01	4.425498e-01
4.750000000000004e-01	4.435312e-01
4.760000000000004e-01	4.445128e-01
4.770000000000004e-01	4.454944e-01
4.780000000000004e-01	4.464762e-01
4.790000000000004e-01	4.474580e-01
4.800000000000004e-01	4.484399e-01
4.810000000000004e-01	4.494219e-01
4.820000000000004e-01	4.504040e-01
4.830000000000004e-01	4.513862e-01
4.840000000000004e-01	4.523684e-01
4.850000000000004e-01	4.533508e-01
4.860000000000004e-01	4.543332e-01
4.870000000000004e-01	4.553156e-01
4.880000000000004e-01	4.562982e-01
4.890000000000004e-01	4.572809e-01
4.900000000000004e-01	4.582636e-01
4.910000000000004e-01	4.592465e-01
4.920000000000004e-01	4.602293e-01
4.930000000000004e-01	4.612123e-01
4.940000000000004e-01	4.621953e-01
4.950000000000004e-01	4.631785e-01
4.960000000000004e-01	4.641616e-01
4.970000000000004e-01	4.651449e-01
4.980000000000004e-01	4.661282e-01
4.990000000000004e-01	4.671116e-01
5.000000000000003e-01	4.680950e-01
5.010000000000003e-01	4.690785e-01
5.020000000000003e-01	4.700621e-01
5.030000000000003e-01	4.710457e-01
5.040000000000003e-01	4.720294e-01
5.050000000000003e-01	4.730132e-01
5.060000000000003e-01	4.739970e-01
5.070000000000003e-01	4.749809e-01
5.080000000000003e-01	4.759648e-01
5.090000000000003e-01	4.769487e-01
5.100000000000003e-01	4.779328e-01
5.110000000000003e-01	4.789169e-01
5.120000000000003e-01	4.799010e-01
5.130000000000003e-01	4.808852e-01
5.140000000000003e-01	4.818694e-01
5.150000000000003e-01	4.828537e-01
5.160000000000003e-01	4.838380e-01
5.170000000000003e-01	4.848224e-01
5.180000000000003e-01	4.858068e-01
5.190000000000003e-01	4.867913e-01
5.200000000000004e-01	4.877758e-01
5.210000000000004e-01	4.887603e-01
5.220000000000004e-01	4.897449e-01
5.230000000000004e-01	4.907295e-01
5.240000000000004e-01	4.917142e-01
5.250000000000004e-01	4.926989e-01
5.260000000000004e-01	4.936836e-01
5.270000000000004e-01	4.946684e-01
5.280000000000004e-01	4.956532e-01
5.290000000000004e-01	4.966381e-01
5.300000000000004e-01	4.976229e-01
5.310000000000004e-01	4.986078e-01
5.320000000000004e-01	4.995928e-01
5.330000000000004e-01	5.005777e-01
5.340000000000004e-01	5.015628e-01
5.350000000000004e-01	5.025478e-01
5.360000000000004e-01	5.035328e-01
5.370000000000004e-01	5.045179e-01
5.380000000000004e-01	5.055031e-01
5.390000000000004e-01	5.064882e-01
5.400000000000004e-01	5.074733e-01
5.410000000000004e-01	5.084586e-01
5.420000000000004e-01	5.094438e-01
5.430000000000004e-01	5.104290e-01
5.440000000000004e-01	5.114143e-01
5.450000000000004e-01	5.123996e-01
5.460000000000004e-01	5.133849e-01
5.470000000000004e-01	5.143702e-01
5.480000000000004e-01	5.153555e-01
5.490000000000004e-01	5.163409e-01
5.500000000000004e-01	5.173263e-01
5.510000000000004e-01	5.183117e-01
5.520000000000004e-01	5.192971e-01
5.530000000000004e-01	5.202826e-01
5.540000000000004e-01	5.212680e-01
5.550000000000004e-01	5.222535e-01
5.560000000000004e-01	5.232390e-01
5.570000000000004e-01	5.242245e-01
5.580000000000004e-01	5.252100e-01
5.590000000000004e-01	5.261956e-01
5.600000000000004e-01	5.271811e-01
5.610000000000004e-01	5.281667e-01
5.620000000000004e-01	5.291523e-01
5.630000000000004e-01	5.301379e-01
5.640000000000004e-01	5.311235e-01
5.650000000000004e-01	5.321091e-01
5.660000000000004e-01	5.330948e-01
5.670000000000004e-01	5.340804e-01
5.680000000000004e-01	5.350661e-01
5.690000000000004e-01	5.360517e-01
5.700000000000004e-01	5.370374e-01
5.710000000000004e-01	5.380231e-01
5.720000000000004e-01	5.390088e-01
5.730000000000004e-01	5.399945e-01
5.740000000000004e-01	5.409802e-01
5.750000000000004e-01	5.419659e-01
5.760000000000004e-01	5.429516e-01
5.770000000000004e-01	5.439374e-01
5.780000000000004e-01	5.449231e-01
5.790000000000004e-01	5.459089e-01
5.800000000000004e-01	5.468947e-01
5.810000000000004e-01	5.478804e-01
5.820000000000004e-01	5.488662e-01
5.830000000000004e-01	5.498520e-01
5.840000000000004e-01	5.508378e-01
5.850000000000004e-01	5.518236e-01
5.860000000000004e-01	5.528094e-01
5.870000000000004e-01	5.537952e-01
5.880000000000004e-01	5.547810e-01
5.890000000000004e-01	5.557668e-01
5.900000000000004e-01	5.567526e-01
5.910000000000004e-01	5.577385e-01
5.920000000000004e-01	5.587243e-01
5.930000000000004e-01	5.597101e-01
5.940000000000004e-01	5.606960e-01
5.950000000000004e-01	5.616818e-01
5.960000000000004e-01	5.626677e-01
5.970000000000004e-01	5.636535e-01
5.980000000000004e-01	5.646394e-01
5.990000000000004e-01	5.656253e-01
6.000000000000004e-01	5.666111e-01
6.010000000000004e-01	5.675970e-01
6.020000000000004e-01	5.685828e-01
6.030000000000004e-01	5.695687e-01
6.040000000000004e-01	5.705546e-01
6.050000000000004e-01	5.715405e-01
6.060000000000004e-01	5.725263e-01
6.070000000000004e-01	5.735122e-01
6.080000000000004e-01	5.744981e-01
6.090000000000004e-01	5.754840e-01
6.100000000000004e-01	5.764698e-01
6.110000000000004e-01	5.774558e-01
6.120000000000004e-01	5.784416e-01
6.130000000000004e-01	5.794275e-01
6.140000000000004e-01	5.804134e-01
6.150000000000004e-01	5.813993e-01
6.160000000000004e-01	5.823852e-01
6.170000000000004e-01	5.833710e-01
6.180000000000004e-01	5.843570e-01
6.190000000000004e-01	5.853429e-01
6.200000000000004e-01	5.863287e-01
6.210000000000004e-01	5.873147e-01
6.220000000000004e-01	5.883005e-01
6.230000000000004e-01	5.892864e-01
6.240000000000004e-01	5.902723e-01
6.250000000000004e-01	5.912582e-01
6.260000000000004e-01	5.922441e-01
6.270000000000004e-01	5.932300e-01
6.280000000000004e-01	5.942159e-01
6.290000000000004e-01	5.952018e-01
6.300000000000004e-01	5.961877e-01
6.310000000000004e-01	5.971736e-01
6.320000000000005e-01	5.981595e-01
6.330000000000005e-01	5.991454e-01
6.340000000000005e-01	6.001313e-01
6.350000000000005e-01	6.011172e-01
6.360000000000005e-01	6.021031e-01
6.370000000000005e-01	6.030890e-01
6.380000000000005e-01	6.040748e-01
6.390000000000005e-01	6.050607e-01
6.400000000000005e-01	6.060466e-01
6.410000000000005e-01	6.070325e-01
6.420000000000005e-01	6.080184e-01
6.430000000000005e-01	6.090043e-01
6.440000000000005e-01	6.099902e-01
6.450000000000005e-01	6.109760e-01
6.460000000000005e-01	6.119619e-01
6.470000000000005e-01	6.129478e-01
6.480000000000005e-01	6.139337e-01
6.490000000000005e-01	6.149195e-01
6.500000000000005e-01	6.159054e-01
6.510000000000005e-01	6.168913e-01
6.520000000000005e-01	6.178772e-01
6.530000000000005e-01	6.188630e-01
6.540000000000005e-01	6.198489e-01
6.550000000000005e-01	6.208348e-01
6.560000000000005e-01	6.218206e-01
6.570000000000005e-01	6.228065e-01
6.580000000000005e-01	6.237924e-01
6.590000000000005e-01	6.247783e-01
6.600000000000005e-01	6.257641e-01
6.610000000000005e-01	6.267500e-01
6.620000000000005e-01	6.277359e-01
6.630000000000005e-01	6.287217e-01
6.640000000000005e-01	6.297075e-01
6.650000000000005e-01	6.306934e-01
6.660000000000005e-01	6.316792e-01
6.670000000000005e-01	6.326651e-01
6.680000000000005e-01	6.336509e-01
6.690000000000005e-01	6.346368e-01
6.700000000000005e-01	6.356226e-01
6.710000000000005e-01	6.366084e-01
6.720000000000005e-01	6.375943e-01
6.730000000000005e-01	6.385801e-01
6.740000000000005e-01	6.395659e-01
6.750000000000005e-01	6.405518e-01
6.760000000000005e-01	6.415376e-01
6.770000000000005e-01	6.425235e-01
6.780000000000005e-01	6.435093e-01
6.790000000000005e-01	6.444951e-01
6.800000000000005e-01	6.454809e-01
6.810000000000005e-01	6.464667e-01
6.820000000000005e-01	6.474525e-01
6.830000000000005e-01	6.484383e-01
6.840000000000005e-01	6.494242e-01
6.850000000000005e-01	6.504100e-01
6.860000000000005e-01	6.513958e-01
6.870000000000005e-01	6.523816e-01
6.880000000000005e-01	6.533674e-01
6.890000000000005e-01	6.543532e-01
6.900000000000005e-01	6.553390e-01
6.910000000000005e-01	6.563248e-01
6.920000000000005e-01	6.573106e-01
6.930000000000005e-01	6.582963e-01
6.940000000000005e-01	6.592821e-01
6.950000000000005e-01	6.602679e-01
6.960000000000005e-01	6.612538e-01
6.970000000000005e-01	6.622395e-01
6.980000000000005e-01	6.632253e-01
6.990000000000005e-01	6.642111e-01
7.000000000000005e-01	6.651968e-01
7.010000000000005e-01	6.661826e-01
7.020000000000005e-01	6.671684e-01
7.030000000000005e-01	6.681542e-01
7.040000000000005e-01	6.691399e-01
7.050000000000005e-01	6.701257e-01
7.060000000000005e-01	6.711115e-01
7.070000000000005e-01	6.720972e-01
7.080000000000005e-01	6.730829e-01
7.090000000000005e-01	6.740687e-01
7.100000000000005e-01	6.750544e-01
7.110000000000005e-01	6.760402e-01
7.120000000000005e-01	6.770259e-01
7.130000000000005e-01	6.780117e-01
7.140000000000005e-01	6.789974e-01
7.150000000000005e-01	6.799831e-01
7.160000000000005e-01	6.809689e-01
7.170000000000005e-01	6.819546e-01
7.180000000000005e-01	6.829404e-01
7.190000000000005e-01	6.839261e-01
7.200000000000005e-01	6.849118e-01
7.210000000000005e-01	6.858975e-01
7.220000000000005e-01	6.868833e-01
7.230000000000005e-01	6.878690e-01
7.240000000000005e-01	6.888547e-01
7.250000000000005e-01	6.898404e-01
7.260000000000005e-01	6.908261e-01
7.270000000000005e-01	6.918118e-01
7.280000000000005e-01	6.927975e-01
7.290000000000005e-01	6.937832e-01
7.300000000000005e-01	6.947689e-01
7.310000000000005e-01	6.957546e-01
7.320000000000005e-01	6.967403e-01
7.330000000000005e-01	6.977260e-01
7.340000000000005e-01	6.987117e-01
7.350000000000005e-01	6.996974e-01
7.360000000000005e-01	7.006831e-01
7.370000000000005e-01	7.016687e-01
7.380000000000005e-01	7.026544e-01
7.390000000000005e-01	7.036401e-01
7.400000000000005e-01	7.046257e-01
7.410000000000005e-01	7.056114e-01
7.420000000000005e-01	7.065971e-01
7.430000000000005e-01	7.075828e-01
7.440000000000005e-01	7.085684e-01
7.450000000000006e-01	7.095541e-01
7.460000000000006e-01	7.105397e-01
7.470000000000006e-01	7.115254e-01
7.480000000000006e-01	7.125110e-01
7.490000000000006e-01	7.134967e-01
7.500000000000006e-01	7.144823e-01
7.510000000000006e-01	7.154680e-01
7.520000000000006e-01	7.164536e-01
7.530000000000006e-01	7.174392e-01
7.540000000000006e-01	7.184249e-01
7.550000000000006e-01	7.194105e-01
7.560000000000006e-01	7.203962e-01
7.570000000000006e-01	7.213818e-01
7.580000000000006e-01	7.223674e-01
7.590000000000006e-01	7.233530e-01
7.600000000000006e-01	7.243387e-01
7.610000000000006e-01	7.253243e-01
7.620000000000006e-01	7.263099e-01
7.630000000000006e-01	7.272955e-01
7.640000000000006e-01	7.282811e-01
7.650000000000006e-01	7.292667e-01
7.660000000000006e-01	7.302523e-01
7.670000000000006e-01	7.312379e-01
7.680000000000006e-01	7.322235e-01
7.690000000000006e-01	7.332091e-01
7.700000000000006e-01	7.341947e-01
7.710000000000006e-01	7.351803e-01
7.720000000000006e-01	7.361659e-01
7.730000000000006e-01	7.371514e-01
7.740000000000006e-01	7.381371e-01
7.750000000000006e-01	7.391226e-01
7.760000000000006e-01	7.401082e-01
7.770000000000006e-01	7.410938e-01
7.780000000000006e-01	7.420793e-01
7.790000000000006e-01	7.430649e-01
7.800000000000006e-01	7.440505e-01
7.810000000000006e-01	7.450361e-01
7.820000000000006e-01	7.460216e-01
7.830000000000006e-01	7.470072e-01
7.840000000000006e-01	7.479927e-01
7.850000000000006e-01	7.489783e-01
7.860000000000006e-01	7.499638e-01
7.870000000000006e-01	7.509494e-01
7.880000000000006e-01	7.519349e-01
7.890000000000006e-01	7.529204e-01
7.900000000000006e-01	7.539060e-01
7.910000000000006e-01	7.548915e-01
7.920000000000006e-01	7.558771e-01
7.930000000000006e-01	7.568626e-01
7.940000000000006e-01	7.578481e-01
7.950000000000006e-01	7.588336e-01
7.960000000000006e-01	7.598192e-01
7.970000000000006e-01	7.608047e-01
7.980000000000006e-01	7.617902e-01
7.990000000000006e-01	7.627757e-01
8.000000000000006e-01	7.637613e-01
8.010000000000006e-01	7.647468e-01
8.020000000000006e-01	7.657323e-01
8.030000000000006e-01	7.667178e-01
8.040000000000006e-01	7.677033e-01
8.050000000000006e-01	7.686888e-01
8.060000000000006e-01	7.696743e-01
8.070000000000006e-01	7.706598e-01
8.080000000000006e-01	7.716452e-01
8.090000000000006e-01	7.726308e-01
8.100000000000006e-01	7.736163e-01
8.110000000000006e-01	7.746018e-01
8.120000000000006e-01	7.755872e-01
8.130000000000006e-01	7.765727e-01
8.140000000000006e-01	7.775581e-01
8.150000000000006e-01	7.785437e-01
8.160000000000006e-01	7.795291e-01
8.170000000000006e-01	7.805146e-01
8.180000000000006e-01	7.815000e-01
8.190000000000006e-01	7.824855e-01
8.200000000000006e-01	7.834710e-01
8.210000000000006e-01	7.844564e-01
8.220000000000006e-01	7.854419e-01
8.230000000000006e-01	7.864273e-01
8.240000000000006e-01	7.874128e-01
8.250000000000006e-01	7.883982e-01
8.260000000000006e-01	7.893836e-01
8.270000000000006e-01	7.903691e-01
8.280000000000006e-01	7.913545e-01
8.290000000000006e-01	7.923400e-01
8.300000000000006e-01	7.933254e-01
8.310000000000006e-01	7.943109e-01
8.320000000000006e-01	7.952963e-01
8.330000000000006e-01	7.962817e-01
8.340000000000006e-01	7.972671e-01
8.350000000000006e-01	7.982525e-01
8.360000000000006e-01	7.992380e-01
8.370000000000006e-01	8.002234e-01
8.380000000000006e-01	8.012088e-01
8.390000000000006e-01	8.021942e-01
8.400000000000006e-01	8.031796e-01
8.410000000000006e-01	8.041650e-01
8.420000000000006e-01	8.051504e-01
8.430000000000006e-01	8.061358e-01
8.440000000000006e-01	8.071212e-01
8.450000000000006e-01	8.081066e-01
8.460000000000006e-01	8.090920e-01
8.470000000000006e-01	8.100774e-01
8.480000000000006e-01	8.110628e-01
8.490000000000006e-01	8.120481e-01
8.500000000000006e-01	8.130335e-01
8.510000000000006e-01	8.140189e-01
8.520000000000006e-01	8.150043e-01
8.530000000000006e-01	8.159897e-01
8.540000000000006e-01	8.169750e-01
8.550000000000006e-01	8.179604e-01
8.560000000000006e-01	8.189458e-01
8.570000000000007e-01	8.199311e-01
8.580000000000007e-01	8.209165e-01
8.590000000000007e-01	8.219018e-01
8.600000000000007e-01	8.228872e-01
8.610000000000007e-01	8.238725e-01
8.620000000000007e-01	8.248579e-01
8.630000000000007e-01	8.258432e-01
8.640000000000007e-01	8.268285e-01
8.650000000000007e-01	8.278139e-01
8.660000000000007e-01	8.287992e-01
8.670000000000007e-01	8.297846e-01
8.680000000000007e-01	8.307699e-01
8.690000000000007e-01	8.317552e-01
8.700000000000007e-01	8.327405e-01
8.710000000000007e-01	8.337259e-01
8.720000000000007e-01	8.347112e-01
8.730000000000007e-01	8.356965e-01
8.740000000000007e-01	8.366818e-01
8.750000000000007e-01	8.376672e-01
8.760000000000007e-01	8.386524e-01
8.770000000000007e-01	8.396378e-01
8.780000000000007e-01	8.406231e-01
8.790000000000007e-01	8.416083e-01
8.800000000000007e-01	8.425937e-01
8.810000000000007e-01	8.435789e-01
8.820000000000007e-01	8.445643e-01
8.830000000000007e-01	8.455495e-01
8.840000000000007e-01	8.465348e-01
8.850000000000007e-01	8.475201e-01
8.860000000000007e-01	8.485054e-01
8.870000000000007e-01	8.494907e-01
8.880000000000007e-01	8.504760e-01
8.890000000000007e-01	8.514612e-01
8.900000000000007e-01	8.524465e-01
8.910000000000007e-01	8.534318e-01
8.920000000000007e-01	8.544170e-01
8.930000000000007e-01	8.554023e-01
8.940000000000007e-01	8.563876e-01
8.950000000000007e-01	8.573728e-01
8.960000000000007e-01	8.583581e-01
8.970000000000007e-01	8.593433e-01
8.980000000000007e-01	8.603286e-01
8.990000000000007e-01	8.613138e-01
9.000000000000007e-01	8.622991e-01
9.010000000000007e-01	8.632843e-01
9.020000000000007e-01	8.642696e-01
9.030000000000007e-01	8.652548e-01
9.040000000000007e-01	8.662400e-01
9.050000000000007e-01	8.672252e-01
9.060000000000007e-01	8.682105e-01
9.070000000000007e-01	8.691957e-01
9.080000000000007e-01	8.701809e-01
9.090000000000007e-01	8.711661e-01
9.100000000000007e-01	8.721514e-01
9.110000000000007e-01	8.731366e-01
9.120000000000007e-01	8.741218e-01
9.130000000000007e-01	8.751070e-01
9.140000000000007e-01	8.760922e-01
9.150000000000007e-01	8.770774e-01
9.160000000000007e-01	8.780626e-01
9.170000000000007e-01	8.790478e-01
9.180000000000007e-01	8.800330e-01
9.190000000000007e-01	8.810182e-01
9.200000000000007e-01	8.820034e-01
9.210000000000007e-01	8.829886e-01
9.220000000000007e-01	8.839737e-01
9.230000000000007e-01	8.849589e-01
9.240000000000007e-01	8.859441e-01
9.250000000000007e-01	8.869293e-01
9.260000000000007e-01	8.879144e-01
9.270000000000007e-01	8.888996e-01
9.280000000000007e-01	8.898848e-01
9.290000000000007e-01	8.908699e-01
9.300000000000007e-01	8.918551e-01
9.310000000000007e-01	8.928403e-01
9.320000000000007e-01	8.938254e-01
9.330000000000007e-01	8.948106e-01
9.340000000000007e-01	8.957957e-01
9.350000000000007e-01	8.967808e-01
9.360000000000007e-01	8.977660e-01
9.370000000000007e-01	8.987511e-01
9.380000000000007e-01	8.997363e-01
9.390000000000007e-01	9.007214e-01
9.400000000000007e-01	9.017066e-01
9.410000000000007e-01	9.026917e-01
9.420000000000007e-01	9.036768e-01
9.430000000000007e-01	9.046620e-01
9.440000000000007e-01	9.056470e-01
9.450000000000007e-01	9.066322e-01
9.460000000000007e-01	9.076173e-01
9.470000000000007e-01	9.086024e-01
9.480000000000007e-01	9.095875e-01
9.490000000000007e-01	9.105726e-01
9.500000000000007e-01	9.115577e-01
9.510000000000007e-01	9.125428e-01
9.520000000000007e-01	9.135279e-01
9.530000000000007e-01	9.145130e-01
9.540000000000007e-01	9.154981e-01
9.550000000000007e-01	9.164832e-01
9.560000000000007e-01	9.174683e-01
9.570000000000007e-01	9.184534e-01
9.580000000000007e-01	9.194385e-01
9.590000000000007e-01	9.204235e-01
9.600000000000007e-01	9.214086e-01
9.610000000000007e-01	9.223937e-01
9.620000000000007e-01	9.233788e-01
9.630000000000007e-01	9.243639e-01
9.640000000000007e-01	9.253489e-01
9.650000000000007e-01	9.263340e-01
9.660000000000007e-01	9.273190e-01
9.670000000000007e-01	9.283041e-01
9.680000000000007e-01	9.292891e-01
9.690000000000007e-01	9.302742e-01
9.700000000000008e-01	9.312592e-01
9.710000000000008e-01	9.322442e-01
9.720000000000008e-01	9.332293e-01
9.730000000000008e-01	9.342144e-01
9.740000000000008e-01	9.351994e-01
9.750000000000008e-01	9.361844e-01
9.760000000000008e-01	9.371694e-01
9.770000000000008e-01	9.381545e-01
9.780000000000008e-01	9.391395e-01
9.790000000000008e-01	9.401245e-01
9.800000000000008e-01	9.411095e-01
9.810000000000008e-01	9.420946e-01
9.820000000000008e-01	9.430795e-01
9.830000000000008e-01	9.440646e-01
9.840000000000008e-01	9.450496e-01
9.850000000000008e-01	9.460346e-01
9.860000000000008e-01	9.470196e-01
9.870000000000008e-01	9.480046e-01
9.880000000000008e-01	9.489896e-01
9.890000000000008e-01	9.499745e-01
9.900000000000008e-01	9.509596e-01
9.910000000000008e-01	9.519445e-01
9.920000000000008e-01	9.529295e-01
9.930000000000008e-01	9.539145e-01
9.940000000000008e-01	9.548995e-01
9.950000000000008e-01	9.558845e-01
9.960000000000008e-01	9.568694e-01
9.970000000000008e-01	9.578544e-01
9.980000000000008e-01	9.588394e-01
9.990000000000008e-01	9.598243e-01
1.000000000000001e+00	9.608093e-01
1.001000000000001e+00	9.617943e-01
1.002000000000000e+00	9.627792e-01
1.003000000000000e+00	9.637641e-01
1.004000000000000e+00	9.647491e-01
1.005000000000000e+00	9.657341e-01
1.006000000000000e+00	9.667190e-01
1.007000000000000e+00	9.677039e-01
1.008000000000000e+00	9.686888e-01
1.009000000000000e+00	9.696738e-01
1.010000000000000e+00	9.706587e-01
1.010999999999999e+00	9.716436e-01
1.011999999999999e+00	9.726286e-01
1.012999999999999e+00	9.736135e-01
1.013999999999999e+00	9.745984e-01
1.014999999999999e+00	9.755833e-01
1.015999999999999e+00	9.765682e-01
1.016999999999999e+00	9.775531e-01
1.017999999999999e+00	9.785380e-01
1.018999999999999e+00	9.795229e-01
1.019999999999998e+00	9.805079e-01
1.020999999999998e+00	9.814928e-01
1.021999999999998e+00	9.824777e-01
1.022999999999998e+00	9.834625e-01
1.023999999999998e+00	9.844474e-01
1.024999999999998e+00	9.854323e-01
1.025999999999998e+00	9.864172e-01
1.026999999999998e+00	9.874021e-01
1.027999999999998e+00	9.883869e-01
1.028999999999997e+00	9.893718e-01
1.029999999999997e+00	9.903567e-01
1.030999999999997e+00	9.913415e-01
1.031999999999997e+00	9.923264e-01
1.032999999999997e+00	9.933113e-01
1.033999999999997e+00	9.942961e-01
1.034999999999997e+00	9.952810e-01
1.035999999999997e+00	9.962658e-01
1.036999999999997e+00	9.972507e-01
1.037999999999996e+00	9.982355e-01
1.038999999999996e+00	9.992204e-01
1.039999999999996e+00	1.000205e+00
1.040999999999996e+00	1.001190e+00
1.041999999999996e+00	1.002175e+00
1.042999999999996e+00	1.003160e+00
1.043999999999996e+00	1.004145e+00
1.044999999999996e+00	1.005129e+00
1.045999999999996e+00	1.006114e+00
1.046999999999995e+00	1.007099e+00
1.047999999999995e+00	1.008084e+00
1.048999999999995e+00	1.009069e+00
1.049999999999995e+00	1.010053e+00
1.050999999999995e+00	1.011038e+00
1.051999999999995e+00	1.012023e+00
1.052999999999995e+00	1.013008e+00
1.053999999999995e+00	1.013993e+00
1.054999999999995e+00	1.014977e+00
1.055999999999994e+00	1.015962e+00
1.056999999999994e+00	1.016947e+00
1.057999999999994e+00	1.017932e+00
1.058999999999994e+00	1.018917e+00
1.059999999999994e+00	1.019901e+00
1.060999999999994e+00	1.020886e+00
1.061999999999994e+00	1.021871e+00
1.062999999999994e+00	1.022856e+00
1.063999999999994e+00	1.023840e+00
1.064999999999994e+00	1.024825e+00
1.065999999999993e+00	1.025810e+00
1.066999999999993e+00	1.026795e+00
1.067999999999993e+00	1.027779e+00
1.068999999999993e+00	1.028764e+00
1.069999999999993e+00	1.029749e+00
1.070999999999993e+00	1.030734e+00
1.071999999999993e+00	1.031718e+00
1.072999999999993e+00	1.032703e+00
1.073999999999993e+00	1.033688e+00
1.074999999999992e+00	1.034673e+00
1.075999999999992e+00	1.035657e+00
1.076999999999992e+00	1.036642e+00
1.077999999999992e+00	1.037627e+00
1.078999999999992e+00	1.038612e+00
1.079999999999992e+00	1.039596e+00
1.080999999999992e+00	1.040581e+00
1.081999999999992e+00	1.041566e+00
1.082999999999992e+00	1.042550e+00
1.083999999999991e+00	1.043535e+00
1.084999999999991e+00	1.044520e+00
1.085999999999991e+00	1.045504e+00
1.086999999999991e+00	1.046489e+00
1.087999999999991e+00	1.047474e+00
1.088999999999991e+00	1.048458e+00
1.089999999999991e+00	1.049443e+00
1.090999999999991e+00	1.050428e+00
1.091999999999991e+00	1.051412e+00
1.092999999999990e+00	1.052397e+00
1.093999999999990e+00	1.053382e+00
1.094999999999990e+00	1.054366e+00
1.095999999999990e+00	1.055351e+00
1.096999999999990e+00	1.056336e+00
1.097999999999990e+00	1.057320e+00
1.098999999999990e+00	1.058305e+00
1.099999999999990e+00	1.059290e+00
1.100999999999990e+00	1.060274e+00
1.101999999999989e+00	1.061259e+00
1.102999999999989e+00	1.062244e+00
1.103999999999989e+00	1.063228e+00
1.104999999999989e+00	1.064213e+00
1.105999999999989e+00	1.065198e+00
1.106999999999989e+00	1.066182e+00
1.107999999999989e+00	1.067167e+00
1.108999999999989e+00	1.068151e+00
1.109999999999989e+00	1.069136e+00
1.110999999999988e+00	1.070121e+00
1.111999999999988e+00	1.071105e+00
1.112999999999988e+00	1.072090e+00
1.113999999999988e+00	1.073074e+00
1.114999999999988e+00	1.074059e+00
1.115999999999988e+00	1.075044e+00
1.116999999999988e+00	1.076028e+00
1.117999999999988e+00	1.077013e+00
1.118999999999988e+00	1.077997e+00
1.119999999999987e+00	1.078982e+00
1.120999999999987e+00	1.079967e+00
1.121999999999987e+00	1.080951e+00
1.122999999999987e+00	1.081936e+00
1.123999999999987e+00	1.082920e+00
1.124999999999987e+00	1.083905e+00
1.125999999999987e+00	1.084889e+00
1.126999999999987e+00	1.085874e+00
1.127999999999987e+00	1.086859e+00
1.128999999999986e+00	1.087843e+00
1.129999999999986e+00	1.088828e+00
1.130999999999986e+00	1.089812e+00
1.131999999999986e+00	1.090797e+00
1.132999999999986e+00	1.091781e+00
1.133999999999986e+00	1.092766e+00
1.134999999999986e+00	1.093750e+00
1.135999999999986e+00	1.094735e+00
1.136999999999986e+00	1.095719e+00
1.137999999999985e+00	1.096704e+00
1.138999999999985e+00	1.097688e+00
1.139999999999985e+00	1.098673e+00
1.140999999999985e+00	1.099657e+00
1.141999999999985e+00	1.100642e+00
1.142999999999985e+00	1.101626e+00
1.143999999999985e+00	1.102611e+00
1.144999999999985e+00	1.103595e+00
1.145999999999985e+00	1.104580e+00
1.146999999999984e+00	1.105564e+00
1.147999999999984e+00	1.106549e+00
1.148999999999984e+00	1.107533e+00
1.149999999999984e+00	1.108518e+00
1.150999999999984e+00	1.109502e+00
1.151999999999984e+00	1.110487e+00
1.152999999999984e+00	1.111471e+00
1.153999999999984e+00	1.112456e+00
1.154999999999984e+00	1.113440e+00
1.155999999999983e+00	1.114425e+00
1.156999999999983e+00	1.115409e+00
1.157999999999983e+00	1.116394e+00
1.158999999999983e+00	1.117378e+00
1.159999999999983e+00	1.118362e+00
1.160999999999983e+00	1.119347e+00
1.161999999999983e+00	1.120331e+00
1.162999999999983e+00	1.121316e+00
1.163999999999983e+00	1.122300e+00
1.164999999999982e+00	1.123285e+00
1.165999999999982e+00	1.124269e+00
1.166999999999982e+00	1.125253e+00
1.167999999999982e+00	1.126238e+00
1.168999999999982e+00	1.127222e+00
1.169999999999982e+00	1.128207e+00
1.170999999999982e+00	1.129191e+00
1.171999999999982e+00	1.130175e+00
1.172999999999982e+00	1.131160e+00
1.173999999999982e+00	1.132144e+00
1.174999999999981e+00	1.133129e+00
1.175999999999981e+00	1.134113e+00
1.176999999999981e+00	1.135097e+00
1.177999999999981e+00	1.136082e+00
1.178999999999981e+00	1.137066e+00
1.179999999999981e+00	1.138050e+00
1.180999999999981e+00	1.139035e+00
1.181999999999981e+00	1.140019e+00
1.182999999999981e+00	1.141003e+00
1.183999999999980e+00	1.141988e+00
1.184999999999980e+00	1.142972e+00
1.185999999999980e+00	1.143957e+00
1.186999999999980e+00	1.144941e+00
1.187999999999980e+00	1.145925e+00
1.188999999999980e+00	1.146910e+00
1.189999999999980e+00	1.147894e+00
1.190999999999980e+00	1.148878e+00
1.191999999999980e+00	1.149863e+00
1.192999999999979e+00	1.150847e+00
1.193999999999979e+00	1.151831e+00
1.194999999999979e+00	1.152815e+00
1.195999999999979e+00	1.153800e+00
1.196999999999979e+00	1.154784e+00
1.197999999999979e+00	1.155768e+00
1.198999999999979e+00	1.156753e+00
1.199999999999979e+00	1.157737e+00
1.200999999999979e+00	1.158721e+00
1.201999999999978e+00	1.159706e+00
1.202999999999978e+00	1.160690e+00
1.203999999999978e+00	1.161674e+00
1.204999999999978e+00	1.162658e+00
1.205999999999978e+00	1.163643e+00
1.206999999999978e+00	1.164627e+00
1.207999999999978e+00	1.165611e+00
1.208999999999978e+00	1.166595e+00
1.209999999999978e+00	1.167580e+00
1.210999999999977e+00	1.168564e+00
1.211999999999977e+00	1.169548e+00
1.212999999999977e+00	1.170532e+00
1.213999999999977e+00	1.171517e+00
1.214999999999977e+00	1.172501e+00
1.215999999999977e+00	1.173485e+00
1.216999999999977e+00	1.174469e+00
1.217999999999977e+00	1.175454e+00
1.218999999999977e+00	1.176438e+00
1.219999999999976e+00	1.177422e+00
1.220999999999976e+00	1.178406e+00
1.221999999999976e+00	1.179390e+00
1.222999999999976e+00	1.180375e+00
1.223999999999976e+00	1.181359e+00
1.224999999999976e+00	1.182343e+00
1.225999999999976e+00	1.183327e+00
1.226999999999976e+00	1.184312e+00
1.227999999999976e+00	1.185296e+00
1.228999999999975e+00	1.186280e+00
1.229999999999975e+00	1.187264e+00
1.230999999999975e+00	1.188248e+00
1.231999999999975e+00	1.189232e+00
1.232999999999975e+00	1.190217e+00
1.233999999999975e+00	1.191201e+00
1.234999999999975e+00	1.192185e+00
1.235999999999975e+00	1.193169e+00
1.236999999999975e+00	1.194153e+00
1.237999999999974e+00	1.195137e+00
1.238999999999974e+00	1.196121e+00
1.239999999999974e+00	1.197106e+00
1.240999999999974e+00	1.198090e+00
1.241999999999974e+00	1.199074e+00
1.242999999999974e+00	1.200058e+00
1.243999999999974e+00	1.201042e+00
1.244999999999974e+00	1.202026e+00
1.245999999999974e+00	1.203010e+00
1.246999999999973e+00	1.203994e+00
1.247999999999973e+00	1.204978e+00
1.248999999999973e+00	1.205963e+00
1.249999999999973e+00	1.206947e+00
1.250999999999973e+00	1.207931e+00
1.251999999999973e+00	1.208915e+00
1.252999999999973e+00	1.209899e+00
1.253999999999973e+00	1.210883e+00
1.254999999999973e+00	1.211867e+00
1.255999999999972e+00	1.212851e+00
1.256999999999972e+00	1.213835e+00
1.257999999999972e+00	1.214819e+00
1.258999999999972e+00	1.215803e+00
1.259999999999972e+00	1.216787e+00
1.260999999999972e+00	1.217771e+00
1.261999999999972e+00	1.218755e+00
1.262999999999972e+00	1.219740e+00
1.263999999999972e+00	1.220724e+00
1.264999999999971e+00	1.221708e+00
1.265999999999971e+00	1.222692e+00
1.266999999999971e+00	1.223676e+00
1.267999999999971e+00	1.224660e+00
1.268999999999971e+00	1.225644e+00
1.269999999999971e+00	1.226628e+00
1.270999999999971e+00	1.227612e+00
1.271999999999971e+00	1.228596e+00
1.272999999999971e+00	1.229580e+00
1.273999999999970e+00	1.230564e+00
1.274999999999970e+00	1.231548e+00
1.275999999999970e+00	1.232532e+00
1.276999999999970e+00	1.233516e+00
1.277999999999970e+00	1.234500e+00
1.278999999999970e+00	1.235484e+00
1.279999999999970e+00	1.236468e+00
1.280999999999970e+00	1.237452e+00
1.281999999999970e+00	1.238436e+00
1.282999999999969e+00	1.239419e+00
1.283999999999969e+00	1.240403e+00
1.284999999999969e+00	1.241387e+00
1.285999999999969e+00	1.242371e+00
1.286999999999969e+00	1.243355e+00
1.287999999999969e+00	1.244339e+00
1.288999999999969e+00	1.245323e+00
1.289999999999969e+00	1.246307e+00
1.290999999999969e+00	1.247291e+00
1.291999999999969e+00	1.248275e+00
1.292999999999968e+00	1.249259e+00
1.293999999999968e+00	1.250243e+00
1.294999999999968e+00	1.251227e+00
1.295999999999968e+00	1.252210e+00
1.296999999999968e+00	1.253194e+00
1.297999999999968e+00	1.254178e+00
1.298999999999968e+00	1.255162e+00
1.299999999999968e+00	1.256146e+00
1.300999999999968e+00	1.257130e+00
1.301999999999967e+00	1.258114e+00
1.302999999999967e+00	1.259098e+00
1.303999999999967e+00	1.260082e+00
1.304999999999967e+00	1.261065e+00
1.305999999999967e+00	1.262049e+00
1.306999999999967e+00	1.263033e+00
1.307999999999967e+00	1.264017e+00
1.308999999999967e+00	1.265001e+00
1.309999999999967e+00	1.265985e+00
1.310999999999966e+00	1.266968e+00
1.311999999999966e+00	1.267952e+00
1.312999999999966e+00	1.268936e+00
1.313999999999966e+00	1.269920e+00
1.314999999999966e+00	1.270904e+00
1.315999999999966e+00	1.271887e+00
1.316999999999966e+00	1.272871e+00
1.317999999999966e+00	1.273855e+00
1.318999999999966e+00	1.274839e+00
1.319999999999965e+00	1.275823e+00
1.320999999999965e+00	1.276806e+00
1.321999999999965e+00	1.277790e+00
1.322999999999965e+00	1.278774e+00
1.323999999999965e+00	1.279758e+00
1.324999999999965e+00	1.280742e+00
1.325999999999965e+00	1.281725e+00
1.326999999999965e+00	1.282709e+00
1.327999999999965e+00	1.283693e+00
1.328999999999964e+00	1.284677e+00
1.329999999999964e+00	1.285660e+00
1.330999999999964e+00	1.286644e+00
1.331999999999964e+00	1.287628e+00
1.332999999999964e+00	1.288612e+00
1.333999999999964e+00	1.289595e+00
1.334999999999964e+00	1.290579e+00
1.335999999999964e+00	1.291563e+00
1.336999999999964e+00	1.292546e+00
1.337999999999963e+00	1.293530e+00
1.338999999999963e+00	1.294514e+00
1.339999999999963e+00	1.295497e+00
1.340999999999963e+00	1.296481e+00
1.341999999999963e+00	1.297465e+00
1.342999999999963e+00	1.298448e+00
1.343999999999963e+00	1.299432e+00
1.344999999999963e+00	1.300416e+00
1.345999999999963e+00	1.301399e+00
1.346999999999962e+00	1.302383e+00
1.347999999999962e+00	1.303367e+00
1.348999999999962e+00	1.304350e+00
1.349999999999962e+00	1.305334e+00
1.350999999999962e+00	1.306318e+00
1.351999999999962e+00	1.307301e+00
1.352999999999962e+00	1.308285e+00
1.353999999999962e+00	1.309269e+00
1.354999999999962e+00	1.310252e+00
1.355999999999961e+00	1.311236e+00
1.356999999999961e+00	1.312220e+00
1.357999999999961e+00	1.313203e+00
1.358999999999961e+00	1.314187e+00
1.359999999999961e+00	1.315170e+00
1.360999999999961e+00	1.316154e+00
1.361999999999961e+00	1.317137e+00
1.362999999999961e+00	1.318121e+00
1.363999999999961e+00	1.319105e+00
1.364999999999960e+00	1.320088e+00
1.365999999999960e+00	1.321072e+00
1.366999999999960e+00	1.322055e+00
1.367999999999960e+00	1.323039e+00
1.368999999999960e+00	1.324022e+00
1.369999999999960e+00	1.325006e+00
1.370999999999960e+00	1.325989e+00
1.371999999999960e+00	1.326973e+00
1.372999999999960e+00	1.327957e+00
1.373999999999959e+00	1.328940e+00
1.374999999999959e+00	1.329924e+00
1.375999999999959e+00	1.330907e+00
1.376999999999959e+00	1.331891e+00
1.377999999999959e+00	1.332874e+00
1.378999999999959e+00	1.333858e+00
1.379999999999959e+00	1.334841e+00
1.380999999999959e+00	1.335825e+00
1.381999999999959e+00	1.336808e+00
1.382999999999958e+00	1.337792e+00
1.383999999999958e+00	1.338775e+00
1.384999999999958e+00	1.339759e+00
1.385999999999958e+00	1.340742e+00
1.386999999999958e+00	1.341725e+00
1.387999999999958e+00	1.342709e+00
1.388999999999958e+00	1.343692e+00
1.389999999999958e+00	1.344676e+00
1.390999999999958e+00	1.345659e+00
1.391999999999957e+00	1.346643e+00
1.392999999999957e+00	1.347626e+00
1.393999999999957e+00	1.348609e+00
1.394999999999957e+00	1.349593e+00
1.395999999999957e+00	1.350576e+00
1.396999999999957e+00	1.351560e+00
1.397999999999957e+00	1.352543e+00
1.398999999999957e+00	1.353526e+00
1.399999999999957e+00	1.354510e+00
1.400999999999957e+00	1.355493e+00
1.401999999999956e+00	1.356477e+00
1.402999999999956e+00	1.357460e+00
1.403999999999956e+00	1.358443e+00
1.404999999999956e+00	1.359427e+00
1.405999999999956e+00	1.360410e+00
1.406999999999956e+00	1.361393e+00
1.407999999999956e+00	1.362377e+00
1.408999999999956e+00	1.363360e+00
1.409999999999956e+00	1.364343e+00
1.410999999999955e+00	1.365327e+00
1.411999999999955e+00	1.366310e+00
1.412999999999955e+00	1.367293e+00
1.413999999999955e+00	1.368276e+00
1.414999999999955e+00	1.369260e+00
1.415999999999955e+00	1.370243e+00
1.416999999999955e+00	1.371226e+00
1.417999999999955e+00	1.372210e+00
1.418999999999955e+00	1.373193e+00
1.419999999999954e+00	1.374176e+00
1.420999999999954e+00	1.375159e+00
1.421999999999954e+00	1.376143e+00
1.422999999999954e+00	1.377126e+00
1.423999999999954e+00	1.378109e+00
1.424999999999954e+00	1.379092e+00
1.425999999999954e+00	1.380076e+00
1.426999999999954e+00	1.381059e+00
1.427999999999954e+00	1.382042e+00
1.428999999999953e+00	1.383025e+00
1.429999999999953e+00	1.384008e+00
1.430999999999953e+00	1.384992e+00
1.431999999999953e+00	1.385975e+00
1.432999999999953e+00	1.386958e+00
1.433999999999953e+00	1.387941e+00
1.434999999999953e+00	1.388924e+00
1.435999999999953e+00	1.389907e+00
1.436999999999953e+00	1.390891e+00
1.437999999999952e+00	1.391874e+00
1.438999999999952e+00	1.392857e+00
1.439999999999952e+00	1.393840e+00
1.440999999999952e+00	1.394823e+00
1.441999999999952e+00	1.395806e+00
1.442999999999952e+00	1.396789e+00
1.443999999999952e+00	1.397772e+00
1.444999999999952e+00	1.398756e+00
1.445999999999952e+00	1.399739e+00
1.446999999999951e+00	1.400722e+00
1.447999999999951e+00	1.401705e+00
1.448999999999951e+00	1.402688e+00
1.449999999999951e+00	1.403671e+00
1.450999999999951e+00	1.404654e+00
1.451999999999951e+00	1.405637e+00
1.452999999999951e+00	1.406620e+00
1.453999999999951e+00	1.407603e+00
1.454999999999951e+00	1.408586e+00
1.455999999999950e+00	1.409569e+00
1.456999999999950e+00	1.410552e+00
1.457999999999950e+00	1.411535e+00
1.458999999999950e+00	1.412518e+00
1.459999999999950e+00	1.413501e+00
1.460999999999950e+00	1.414484e+00
1.461999999999950e+00	1.415467e+00
1.462999999999950e+00	1.416450e+00
1.463999999999950e+00	1.417433e+00
1.464999999999949e+00	1.418416e+00
1.465999999999949e+00	1.419399e+00
1.466999999999949e+00	1.420382e+00
1.467999999999949e+00	1.421364e+00
1.468999999999949e+00	1.422347e+00
1.469999999999949e+00	1.423330e+00
1.470999999999949e+00	1.424313e+00
1.471999999999949e+00	1.425296e+00
1.472999999999949e+00	1.426279e+00
1.473999999999948e+00	1.427262e+00
1.474999999999948e+00	1.428244e+00
1.475999999999948e+00	1.429227e+00
1.476999999999948e+00	1.430210e+00
1.477999999999948e+00	1.431193e+00
1.478999999999948e+00	1.432176e+00
1.479999999999948e+00	1.433159e+00
1.480999999999948e+00	1.434141e+00
1.481999999999948e+00	1.435124e+00
1.482999999999947e+00	1.436107e+00
1.483999999999947e+00	1.437090e+00
1.484999999999947e+00	1.438072e+00
1.485999999999947e+00	1.439055e+00
1.486999999999947e+00	1.440038e+00
1.487999999999947e+00	1.441020e+00
1.488999999999947e+00	1.442003e+00
1.489999999999947e+00	1.442986e+00
1.490999999999947e+00	1.443968e+00
1.491999999999946e+00	1.444951e+00
1.492999999999946e+00	1.445934e+00
1.493999999999946e+00	1.446916e+00
1.494999999999946e+00	1.447899e+00
1.495999999999946e+00	1.448882e+00
1.496999999999946e+00	1.449864e+00
1.497999999999946e+00	1.450847e+00
1.498999999999946e+00	1.451829e+00
1.499999999999946e+00	1.452812e+00
1.500999999999945e+00	1.453794e+00
1.501999999999945e+00	1.454777e+00
1.502999999999945e+00	1.455759e+00
1.503999999999945e+00	1.456742e+00
1.504999999999945e+00	1.457724e+00
1.505999999999945e+00	1.458707e+00
1.506999999999945e+00	1.459689e+00
1.507999999999945e+00	1.460671e+00
1.508999999999945e+00	1.461654e+00
1.509999999999944e+00	1.462636e+00
1.510999999999944e+00	1.463619e+00
1.511999999999944e+00	1.464601e+00
1.512999999999944e+00	1.465583e+00
1.513999999999944e+00	1.466565e+00
1.514999999999944e+00	1.467548e+00
1.515999999999944e+00	1.468530e+00
1.516999999999944e+00	1.469512e+00
1.517999999999944e+00	1.470495e+00
1.518999999999944e+00	1.471477e+00
1.519999999999943e+00	1.472459e+00
1.520999999999943e+00	1.473441e+00
1.521999999999943e+00	1.474423e+00
1.522999999999943e+00	1.475405e+00
1.523999999999943e+00	1.476387e+00
1.524999999999943e+00	1.477369e+00
1.525999999999943e+00	1.478351e+00
1.526999999999943e+00	1.479333e+00
1.527999999999943e+00	1.480315e+00
1.528999999999942e+00	1.481297e+00
1.529999999999942e+00	1.482279e+00
1.530999999999942e+00	1.483261e+00
1.531999999999942e+00	1.484243e+00
1.532999999999942e+00	1.485225e+00
1.533999999999942e+00	1.486207e+00
1.534999999999942e+00	1.487188e+00
1.535999999999942e+00	1.488170e+00
1.536999999999942e+00	1.489152e+00
1.537999999999941e+00	1.490134e+00
1.538999999999941e+00	1.491115e+00
1.539999999999941e+00	1.492097e+00
1.540999999999941e+00	1.493078e+00
1.541999999999941e+00	1.494060e+00
1.542999999999941e+00	1.495041e+00
1.543999999999941e+00	1.496023e+00
1.544999999999941e+00	1.497004e+00
1.545999999999941e+00	1.497986e+00
1.546999999999940e+00	1.498967e+00
1.547999999999940e+00	1.499948e+00
1.548999999999940e+00	1.500929e+00
1.549999999999940e+00	1.501911e+00
1.550999999999940e+00	1.502892e+00
1.551999999999940e+00	1.503873e+00
1.552999999999940e+00	1.504854e+00
1.553999999999940e+00	1.505835e+00
1.554999999999940e+00	1.506816e+00
1.555999999999939e+00	1.507797e+00
1.556999999999939e+00	1.508778e+00
1.557999999999939e+00	1.509758e+00
1.558999999999939e+00	1.510739e+00
1.559999999999939e+00	1.511720e+00
1.560999999999939e+00	1.512700e+00
1.561999999999939e+00	1.513681e+00
1.562999999999939e+00	1.514661e+00
1.563999999999939e+00	1.515642e+00
1.564999999999938e+00	1.516622e+00
1.565999999999938e+00	1.517602e+00
1.566999999999938e+00	1.518583e+00
1.567999999999938e+00	1.519563e+00
1.568999999999938e+00	1.520543e+00
1.569999999999938e+00	1.521523e+00
1.570999999999938e+00	1.522503e+00
1.571999999999938e+00	1.523482e+00
1.572999999999938e+00	1.524462e+00
1.573999999999937e+00	1.525442e+00
1.574999999999937e+00	1.526421e+00
1.575999999999937e+00	1.527401e+00
1.576999999999937e+00	1.528380e+00
1.577999999999937e+00	1.529359e+00
1.578999999999937e+00	1.530338e+00
1.579999999999937e+00	1.531317e+00
1.580999999999937e+00	1.532296e+00
1.581999999999937e+00	1.533275e+00
1.582999999999936e+00	1.534254e+00
1.583999999999936e+00	1.535233e+00
1.584999999999936e+00	1.536211e+00
1.585999999999936e+00	1.537189e+00
1.586999999999936e+00	1.538168e+00
1.587999999999936e+00	1.539146e+00
1.588999999999936e+00	1.540124e+00
1.589999999999936e+00	1.541101e+00
1.590999999999936e+00	1.542079e+00
1.591999999999935e+00	1.543057e+00
1.592999999999935e+00	1.544034e+00
1.593999999999935e+00	1.545011e+00
1.594999999999935e+00	1.545988e+00
1.595999999999935e+00	1.546965e+00
1.596999999999935e+00	1.547942e+00
1.597999999999935e+00	1.548918e+00
1.598999999999935e+00	1.549895e+00
1.599999999999935e+00	1.550871e+00
1.600999999999934e+00	1.551847e+00
1.601999999999934e+00	1.552822e+00
1.602999999999934e+00	1.553798e+00
1.603999999999934e+00	1.554773e+00
1.604999999999934e+00	1.555748e+00
1.605999999999934e+00	1.556723e+00
1.606999999999934e+00	1.557698e+00
1.607999999999934e+00	1.558672e+00
1.608999999999934e+00	1.559647e+00
1.609999999999933e+00	1.560621e+00
1.610999999999933e+00	1.561594e+00
1.611999999999933e+00	1.562568e+00
1.612999999999933e+00	1.563541e+00
1.613999999999933e+00	1.564514e+00
1.614999999999933e+00	1.565486e+00
1.615999999999933e+00	1.566458e+00
1.616999999999933e+00	1.567430e+00
1.617999999999933e+00	1.568402e+00
1.618999999999932e+00	1.569373e+00
1.619999999999932e+00	1.570344e+00
1.620999999999932e+00	1.571315e+00
1.621999999999932e+00	1.572285e+00
1.622999999999932e+00	1.573255e+00
1.623999999999932e+00	1.574224e+00
1.624999999999932e+00	1.575193e+00
1.625999999999932e+00	1.576162e+00
1.626999999999932e+00	1.577130e+00
1.627999999999932e+00	1.578098e+00
1.628999999999931e+00	1.579065e+00
1.629999999999931e+00	1.580032e+00
1.630999999999931e+00	1.580999e+00
1.631999999999931e+00	1.581965e+00
1.632999999999931e+00	1.582930e+00
1.633999999999931e+00	1.583895e+00
1.634999999999931e+00	1.584859e+00
1.635999999999931e+00	1.585823e+00
1.636999999999931e+00	1.586787e+00
1.637999999999930e+00	1.587749e+00
1.638999999999930e+00	1.588712e+00
1.639999999999930e+00	1.589673e+00
1.640999999999930e+00	1.590634e+00
1.641999999999930e+00	1.591594e+00
1.642999999999930e+00	1.592554e+00
1.643999999999930e+00	1.593512e+00
1.644999999999930e+00	1.594471e+00
1.645999999999930e+00	1.595428e+00
1.646999999999929e+00	1.596385e+00
1.647999999999929e+00	1.597340e+00
1.648999999999929e+00	1.598295e+00
1.649999999999929e+00	1.599250e+00
1.650999999999929e+00	1.600203e+00
1.651999999999929e+00	1.601156e+00
1.652999999999929e+00	1.602107e+00
1.653999999999929e+00	1.603058e+00
1.654999999999929e+00	1.604008e+00
1.655999999999928e+00	1.604956e+00
1.656999999999928e+00	1.605904e+00
1.657999999999928e+00	1.606851e+00
1.658999999999928e+00	1.607796e+00
1.659999999999928e+00	1.608741e+00
1.660999999999928e+00	1.609684e+00
1.661999999999928e+00	1.610627e+00
1.662999999999928e+00	1.611567e+00
1.663999999999928e+00	1.612507e+00
1.664999999999927e+00	1.613446e+00
1.665999999999927e+00	1.614383e+00
1.666999999999927e+00	1.615319e+00
1.667999999999927e+00	1.616253e+00
1.668999999999927e+00	1.617186e+00
1.669999999999927e+00	1.618118e+00
1.670999999999927e+00	1.619048e+00
1.671999999999927e+00	1.619977e+00
1.672999999999927e+00	1.620903e+00
1.673999999999926e+00	1.621829e+00
1.674999999999926e+00	1.622752e+00
1.675999999999926e+00	1.623674e+00
1.676999999999926e+00	1.624594e+00
1.677999999999926e+00	1.625513e+00
1.678999999999926e+00	1.626429e+00
1.679999999999926e+00	1.627344e+00
1.680999999999926e+00	1.628256e+00
1.681999999999926e+00	1.629167e+00
1.682999999999925e+00	1.630075e+00
1.683999999999925e+00	1.630981e+00
1.684999999999925e+00	1.631886e+00
1.685999999999925e+00	1.632787e+00
1.686999999999925e+00	1.633687e+00
1.687999999999925e+00	1.634584e+00
1.688999999999925e+00	1.635479e+00
1.689999999999925e+00	1.636371e+00
1.690999999999925e+00	1.637261e+00
1.691999999999924e+00	1.638148e+00
1.692999999999924e+00	1.639032e+00
1.693999999999924e+00	1.639913e+00
1.694999999999924e+00	1.640792e+00
1.695999999999924e+00	1.641668e+00
1.696999999999924e+00	1.642541e+00
1.697999999999924e+00	1.643411e+00
1.698999999999924e+00	1.644277e+00
1.699999999999924e+00	1.645141e+00
1.700999999999923e+00	1.646001e+00
1.701999999999923e+00	1.646858e+00
1.702999999999923e+00	1.647711e+00
1.703999999999923e+00	1.648561e+00
1.704999999999923e+00	1.649407e+00
1.705999999999923e+00	1.650250e+00
1.706999999999923e+00	1.651089e+00
1.707999999999923e+00	1.651924e+00
1.708999999999923e+00	1.652755e+00
1.709999999999922e+00	1.653582e+00
1.710999999999922e+00	1.654405e+00
1.711999999999922e+00	1.655224e+00
1.712999999999922e+00	1.656039e+00
1.713999999999922e+00	1.656849e+00
1.714999999999922e+00	1.657655e+00
1.715999999999922e+00	1.658456e+00
1.716999999999922e+00	1.659252e+00
1.717999999999922e+00	1.660044e+00
1.718999999999921e+00	1.660831e+00
1.719999999999921e+00	1.661613e+00
1.720999999999921e+00	1.662391e+00
1.721999999999921e+00	1.663163e+00
1.722999999999921e+00	1.663930e+00
1.723999999999921e+00	1.664691e+00
1.724999999999921e+00	1.665448e+00
1.725999999999921e+00	1.666199e+00
1.726999999999921e+00	1.666944e+00
1.727999999999920e+00	1.667684e+00
1.728999999999920e+00	1.668418e+00
1.729999999999920e+00	1.669146e+00
1.730999999999920e+00	1.669868e+00
1.731999999999920e+00	1.670584e+00
1.732999999999920e+00	1.671295e+00
1.733999999999920e+00	1.671999e+00
1.734999999999920e+00	1.672697e+00
1.735999999999920e+00	1.673388e+00
1.736999999999919e+00	1.674074e+00
1.737999999999919e+00	1.674752e+00
1.738999999999919e+00	1.675424e+00
1.739999999999919e+00	1.676090e+00
1.740999999999919e+00	1.676749e+00
1.741999999999919e+00	1.677401e+00
1.742999999999919e+00	1.678046e+00
1.743999999999919e+00	1.678685e+00
1.744999999999919e+00	1.679316e+00
1.745999999999919e+00	1.679941e+00
1.746999999999918e+00	1.680558e+00
1.747999999999918e+00	1.681168e+00
1.748999999999918e+00	1.681771e+00
1.749999999999918e+00	1.682367e+00
1.750999999999918e+00	1.682955e+00
1.751999999999918e+00	1.683536e+00
1.752999999999918e+00	1.684110e+00
1.753999999999918e+00	1.684676e+00
1.754999999999918e+00	1.685235e+00
1.755999999999917e+00	1.685787e+00
1.756999999999917e+00	1.686331e+00
1.757999999999917e+00	1.686867e+00
1.758999999999917e+00	1.687396e+00
1.759999999999917e+00	1.687917e+00
1.760999999999917e+00	1.688431e+00
1.761999999999917e+00	1.688937e+00
1.762999999999917e+00	1.689436e+00
1.763999999999917e+00	1.689927e+00
1.764999999999916e+00	1.690410e+00
1.765999999999916e+00	1.690886e+00
1.766999999999916e+00	1.691354e+00
1.767999999999916e+00	1.691815e+00
1.768999999999916e+00	1.692268e+00
1.769999999999916e+00	1.692713e+00
1.770999999999916e+00	1.693151e+00
1.771999999999916e+00	1.693582e+00
1.772999999999916e+00	1.694005e+00
1.773999999999915e+00	1.694421e+00
1.774999999999915e+00	1.694829e+00
1.775999999999915e+00	1.695230e+00
1.776999999999915e+00	1.695624e+00
1.777999999999915e+00	1.696010e+00
1.778999999999915e+00	1.696389e+00
1.779999999999915e+00	1.696761e+00
1.780999999999915e+00	1.697127e+00
1.781999999999915e+00	1.697484e+00
1.782999999999914e+00	1.697836e+00
1.783999999999914e+00	1.698180e+00
1.784999999999914e+00	1.698517e+00
1.785999999999914e+00	1.698847e+00
1.786999999999914e+00	1.699171e+00
1.787999999999914e+00	1.699488e+00
1.788999999999914e+00	1.699799e+00
1.789999999999914e+00	1.700103e+00
1.790999999999914e+00	1.700401e+00
1.791999999999913e+00	1.700692e+00
1.792999999999913e+00	1.700977e+00
1.793999999999913e+00	1.701256e+00
1.794999999999913e+00	1.701529e+00
1.795999999999913e+00	1.701796e+00
1.796999999999913e+00	1.702057e+00
1.797999999999913e+00	1.702312e+00
1.798999999999913e+00	1.702561e+00
1.799999999999913e+00	1.702805e+00
1.800999999999912e+00	1.703043e+00
1.801999999999912e+00	1.703276e+00
1.802999999999912e+00	1.703503e+00
1.803999999999912e+00	1.703726e+00
1.804999999999912e+00	1.703942e+00
1.805999999999912e+00	1.704154e+00
1.806999999999912e+00	1.704361e+00
1.807999999999912e+00	1.704563e+00
1.808999999999912e+00	1.704760e+00
1.809999999999911e+00	1.704952e+00
1.810999999999911e+00	1.705139e+00
1.811999999999911e+00	1.705322e+00
1.812999999999911e+00	1.705501e+00
1.813999999999911e+00	1.705675e+00
1.814999999999911e+00	1.705845e+00
1.815999999999911e+00	1.706010e+00
1.816999999999911e+00	1.706172e+00
1.817999999999911e+00	1.706329e+00
1.818999999999910e+00	1.706483e+00
1.819999999999910e+00	1.706632e+00
1.820999999999910e+00	1.706778e+00
1.821999999999910e+00	1.706920e+00
1.822999999999910e+00	1.707058e+00
1.823999999999910e+00	1.707193e+00
1.824999999999910e+00	1.707325e+00
1.825999999999910e+00	1.707453e+00
1.826999999999910e+00	1.707577e+00
1.827999999999909e+00	1.707699e+00
1.828999999999909e+00	1.707817e+00
1.829999999999909e+00	1.707932e+00
1.830999999999909e+00	1.708045e+00
1.831999999999909e+00	1.708154e+00
1.832999999999909e+00	1.708260e+00
1.833999999999909e+00	1.708364e+00
1.834999999999909e+00	1.708465e+00
1.835999999999909e+00	1.708563e+00
1.836999999999908e+00	1.708658e+00
1.837999999999908e+00	1.708751e+00
1.838999999999908e+00	1.708842e+00
1.839999999999908e+00	1.708930e+00
1.840999999999908e+00	1.709016e+00
1.841999999999908e+00	1.709100e+00
1.842999999999908e+00	1.709181e+00
1.843999999999908e+00	1.709260e+00
1.844999999999908e+00	1.709337e+00
1.845999999999907e+00	1.709412e+00
1.846999999999907e+00	1.709485e+00
1.847999999999907e+00	1.709556e+00
1.848999999999907e+00	1.709625e+00
1.849999999999907e+00	1.709692e+00
1.850999999999907e+00	1.709757e+00
1.851999999999907e+00	1.709821e+00
1.852999999999907e+00	1.709883e+00
1.853999999999907e+00	1.709943e+00
1.854999999999907e+00	1.710002e+00
1.855999999999906e+00	1.710059e+00
1.856999999999906e+00	1.710114e+00
1.857999999999906e+00	1.710168e+00
1.858999999999906e+00	1.710221e+00
1.859999999999906e+00	1.710272e+00
1.860999999999906e+00	1.710322e+00
1.861999999999906e+00	1.710370e+00
1.862999999999906e+00	1.710418e+00
1.863999999999906e+00	1.710464e+00
1.864999999999905e+00	1.710508e+00
1.865999999999905e+00	1.710552e+00
1.866999999999905e+00	1.710594e+00
1.867999999999905e+00	1.710635e+00
1.868999999999905e+00	1.710675e+00
1.869999999999905e+00	1.710714e+00
1.870999999999905e+00	1.710752e+00
1.871999999999905e+00	1.710789e+00
1.872999999999905e+00	1.710826e+00
1.873999999999904e+00	1.710861e+00
1.874999999999904e+00	1.710895e+00
1.875999999999904e+00	1.710928e+00
1.876999999999904e+00	1.710960e+00
1.877999999999904e+00	1.710992e+00
1.878999999999904e+00	1.711023e+00
1.879999999999904e+00	1.711053e+00
1.880999999999904e+00	1.711082e+00
1.881999999999904e+00	1.711110e+00
1.882999999999903e+00	1.711138e+00
1.883999999999903e+00	1.711165e+00
1.884999999999903e+00	1.711191e+00
1.885999999999903e+00	1.711217e+00
1.886999999999903e+00	1.711242e+00
1.887999999999903e+00	1.711266e+00
1.888999999999903e+00	1.711290e+00
1.889999999999903e+00	1.711313e+00
1.890999999999903e+00	1.711335e+00
1.891999999999902e+00	1.711357e+00
1.892999999999902e+00	1.711379e+00
1.893999999999902e+00	1.711400e+00
1.894999999999902e+00	1.711420e+00
1.895999999999902e+00	1.711440e+00
1.896999999999902e+00	1.711459e+00
1.897999999999902e+00	1.711478e+00
1.898999999999902e+00	1.711496e+00
1.899999999999902e+00	1.711514e+00
1.900999999999901e+00	1.711532e+00
1.901999999999901e+00	1.711549e+00
1.902999999999901e+00	1.711566e+00
1.903999999999901e+00	1.711582e+00
1.904999999999901e+00	1.711598e+00
1.905999999999901e+00	1.711613e+00
1.906999999999901e+00	1.711629e+00
1.907999999999901e+00	1.711643e+00
1.908999999999901e+00	1.711658e+00
1.909999999999900e+00	1.711672e+00
1.910999999999900e+00	1.711686e+00
1.911999999999900e+00	1.711699e+00
1.912999999999900e+00	1.711712e+00
1.913999999999900e+00	1.711725e+00
1.914999999999900e+00	1.711738e+00
1.915999999999900e+00	1.711750e+00
1.916999999999900e+00	1.711762e+00
1.917999999999900e+00	1.711774e+00
1.918999999999899e+00	1.711785e+00
1.919999999999899e+00	1.711796e+00
1.920999999999899e+00	1.711807e+00
1.921999999999899e+00	1.711818e+00
1.922999999999899e+00	1.711829e+00
1.923999999999899e+00	1.711839e+00
1.924999999999899e+00	1.711849e+00
1.925999999999899e+00	1.711859e+00
1.926999999999899e+00	1.711868e+00
1.927999999999898e+00	1.711878e+00
1.928999999999898e+00	1.711887e+00
1.929999999999898e+00	1.711896e+00
1.930999999999898e+00	1.711905e+00
1.931999999999898e+00	1.711913e+00
1.932999999999898e+00	1.711922e+00
1.933999999999898e+00	1.711930e+00
1.934999999999898e+00	1.711938e+00
1.935999999999898e+00	1.711946e+00
1.936999999999897e+00	1.711954e+00
1.937999999999897e+00	1.711961e+00
1.938999999999897e+00	1.711969e+00
1.939999999999897e+00	1.711976e+00
1.940999999999897e+00	1.711983e+00
1.941999999999897e+00	1.711990e+00
1.942999999999897e+00	1.711997e+00
1.943999999999897e+00	1.712004e+00
1.944999999999897e+00	1.712010e+00
1.945999999999896e+00	1.712017e+00
1.946999999999896e+00	1.712023e+00
1.947999999999896e+00	1.712029e+00
1.948999999999896e+00	1.712035e+00
1.949999999999896e+00	1.712041e+00
1.950999999999896e+00	1.712047e+00
1.951999999999896e+00	1.712053e+00
1.952999999999896e+00	1.712059e+00
1.953999999999896e+00	1.712064e+00
1.954999999999895e+00	1.712070e+00
1.955999999999895e+00	1.712075e+00
1.956999999999895e+00	1.712080e+00
1.957999999999895e+00	1.712085e+00
1.958999999999895e+00	1.712090e+00
1.959999999999895e+00	1.712095e+00
1.960999999999895e+00	1.712100e+00
1.961999999999895e+00	1.712105e+00
1.962999999999895e+00	1.712110e+00
1.963999999999894e+00	1.712114e+00
1.964999999999894e+00	1.712119e+00
1.965999999999894e+00	1.712123e+00
1.966999999999894e+00	1.712128e+00
1.967999999999894e+00	1.712132e+00
1.968999999999894e+00	1.712136e+00
1.969999999999894e+00	1.712140e+00
1.970999999999894e+00	1.712144e+00
1.971999999999894e+00	1.712148e+00
1.972999999999894e+00	1.712152e+00
1.973999999999893e+00	1.712156e+00
1.974999999999893e+00	1.712160e+00
1.975999999999893e+00	1.712164e+00
1.976999999999893e+00	1.712167e+00
1.977999999999893e+00	1.712171e+00
1.978999999999893e+00	1.712175e+00
1.979999999999893e+00	1.712178e+00
1.980999999999893e+00	1.712181e+00
1.981999999999893e+00	1.712185e+00
1.982999999999892e+00	1.712188e+00
1.983999999999892e+00	1.712191e+00
1.984999999999892e+00	1.712195e+00
1.985999999999892e+00	1.712198e+00
1.986999999999892e+00	1.712201e+00
1.987999999999892e+00	1.712204e+00
1.988999999999892e+00	1.712207e+00
1.989999999999892e+00	1.712210e+00
1.990999999999892e+00	1.712213e+00
1.991999999999891e+00	1.712216e+00
1.992999999999891e+00	1.712219e+00
1.993999999999891e+00	1.712222e+00
1.994999999999891e+00	1.712224e+00
1.995999999999891e+00	1.712227e+00
1.996999999999891e+00	1.712230e+00
1.997999999999891e+00	1.712232e+00
1.998999999999891e+00	1.712235e+00
2.000000000000000e+00	1.712237e+00
