time	V(vout)
0.000000000000000e+00	1.005138e-09
5.859374814459693e-18	2.580008e-07
1.171874962891939e-17	5.149848e-07
1.000000000000000e-15	4.334264e-05
1.074999997625084e-15	4.332897e-05
1.224999992875252e-15	4.330164e-05
2.312499929939981e-14	3.974552e-05
4.502499860592436e-14	3.655848e-05
6.692499791244891e-14	3.374050e-05
8.882499721897347e-14	3.129159e-05
1.107249965254980e-13	2.921175e-05
1.326249958320226e-13	2.750098e-05
1.545249951385471e-13	2.615928e-05
3.081249902747193e-13	1.917036e-05
6.153249805470636e-13	1.371631e-05
1.201262480547064e-12	1.022068e-05
1.787199980547064e-12	8.271007e-06
2.373137480547063e-12	6.672923e-06
2.959074980547063e-12	5.352271e-06
3.545012480547063e-12	4.262328e-06
4.130949980547063e-12	3.359231e-06
4.716887480547063e-12	2.610043e-06
5.302824980547064e-12	1.987633e-06
5.888762480547064e-12	1.470224e-06
6.474699980547065e-12	1.040020e-06
7.060637480547065e-12	6.824638e-07
7.646574980547065e-12	3.855788e-07
8.232512480547066e-12	1.394719e-07
8.818449980547066e-12	-6.405902e-08
9.404387480547067e-12	-2.318361e-07
9.990324980547067e-12	-3.695503e-07
1.057626248054707e-11	-4.819617e-07
1.116219998054707e-11	-5.730602e-07
1.174813748054707e-11	-6.461976e-07
1.233407498054707e-11	-7.041947e-07
1.292001248054707e-11	-7.494290e-07
1.350594998054707e-11	-7.839072e-07
1.409188748054707e-11	-8.093256e-07
1.467782498054707e-11	-8.271191e-07
1.526376248054707e-11	-8.385032e-07
1.584969998054707e-11	-8.445080e-07
1.643563748054707e-11	-8.460075e-07
1.702157498054707e-11	-8.437437e-07
1.760751248054706e-11	-8.383466e-07
1.819344998054706e-11	-8.303518e-07
1.877938748054706e-11	-8.202150e-07
1.936532498054706e-11	-8.083236e-07
1.995126248054706e-11	-7.950080e-07
2.053719998054706e-11	-7.805493e-07
2.112313748054706e-11	-7.651878e-07
2.170907498054706e-11	-7.491284e-07
2.229501248054705e-11	-7.325465e-07
2.288094998054705e-11	-7.155923e-07
2.346688748054705e-11	-6.983944e-07
2.405282498054705e-11	-6.810634e-07
2.463876248054705e-11	-6.636936e-07
2.522469998054705e-11	-6.463655e-07
2.581063748054705e-11	-6.291476e-07
2.639657498054705e-11	-6.120967e-07
2.756844998054704e-11	-5.786763e-07
2.874032498054704e-11	-5.463846e-07
2.991219998054704e-11	-5.154034e-07
3.167001248054703e-11	-4.716503e-07
3.342782498054703e-11	-4.314196e-07
3.485081605197560e-11	-4.015295e-07
3.627380712340417e-11	-3.742735e-07
3.769679819483273e-11	-3.496517e-07
3.911978926626131e-11	-3.276640e-07
4.054278033768988e-11	-3.083104e-07
4.196577140911844e-11	-2.915910e-07
4.338876248054701e-11	-2.775056e-07
4.648586069483273e-11	-2.552631e-07
4.958295890911845e-11	-2.444327e-07
5.268005712340417e-11	-2.450144e-07
5.577715533768989e-11	-2.570082e-07
5.887425355197560e-11	-2.804141e-07
6.197135176626132e-11	-3.152321e-07
6.506844998054704e-11	-3.614622e-07
7.117894105197567e-11	-3.870295e-07
7.728943212340429e-11	-6.208805e-07
8.339992319483292e-11	-1.063015e-06
8.951041426626154e-11	-1.713433e-06
9.562090533769018e-11	-2.572135e-06
1.017313964091188e-10	-3.639120e-06
1.078418874805474e-10	-4.914389e-06
1.135338517662617e-10	-6.585545e-06
1.192258160519759e-10	-8.410323e-06
1.249177803376901e-10	-1.038872e-05
1.306097446234044e-10	-1.252074e-05
1.363017089091186e-10	-1.480639e-05
1.419936731948329e-10	-1.724565e-05
1.476856374805471e-10	-1.983854e-05
1.557213517662613e-10	-2.330275e-05
1.637570660519754e-10	-2.703342e-05
1.717927803376896e-10	-3.103055e-05
1.798284946234038e-10	-3.529414e-05
1.878642089091180e-10	-3.982419e-05
1.958999231948322e-10	-4.462069e-05
2.039356374805463e-10	-4.968366e-05
2.092927803376891e-10	-5.333550e-05
2.146499231948319e-10	-5.763470e-05
2.200070660519747e-10	-6.258126e-05
2.253642089091175e-10	-6.817518e-05
2.307213517662603e-10	-7.441646e-05
2.360784946234031e-10	-8.130509e-05
2.414356374805459e-10	-8.884109e-05
2.461231374805458e-10	-9.638016e-05
2.508106374805457e-10	-1.052150e-04
2.554981374805457e-10	-1.153455e-04
2.601856374805456e-10	-1.267717e-04
2.648731374805455e-10	-1.394936e-04
2.695606374805455e-10	-1.535113e-04
2.742481374805454e-10	-1.688247e-04
2.789356374805454e-10	-1.861634e-04
2.836231374805453e-10	-2.045963e-04
2.883106374805452e-10	-2.241232e-04
2.929981374805452e-10	-2.447441e-04
2.976856374805451e-10	-2.664592e-04
3.023731374805451e-10	-2.892683e-04
3.070606374805450e-10	-3.131716e-04
3.130874231948306e-10	-3.441609e-04
3.191142089091163e-10	-3.765185e-04
3.251409946234019e-10	-4.102444e-04
3.311677803376875e-10	-4.453387e-04
3.371945660519732e-10	-4.818014e-04
3.432213517662588e-10	-5.196323e-04
3.492481374805444e-10	-5.588316e-04
3.567816196234015e-10	-6.111035e-04
3.643151017662585e-10	-6.685848e-04
3.718485839091156e-10	-7.312758e-04
3.793820660519726e-10	-7.991762e-04
3.869155481948297e-10	-8.722862e-04
3.944490303376867e-10	-9.506057e-04
4.019825124805437e-10	-1.034135e-03
4.038240303376866e-10	-1.056039e-03
4.056655481948294e-10	-1.072725e-03
4.075070660519722e-10	-1.084194e-03
4.093485839091151e-10	-1.090445e-03
4.111901017662579e-10	-1.091479e-03
4.130316196234007e-10	-1.087295e-03
4.148731374805436e-10	-1.077893e-03
4.160450124805436e-10	-1.066797e-03
4.172168874805435e-10	-1.042843e-03
4.183887624805435e-10	-1.006029e-03
4.195606374805435e-10	-9.563564e-04
4.207325124805435e-10	-8.938251e-04
4.219043874805435e-10	-8.184350e-04
4.230762624805435e-10	-7.301861e-04
4.248340749805434e-10	-5.402985e-04
4.260059499805434e-10	-3.746877e-04
4.271778249805434e-10	-1.719089e-04
4.283496999805434e-10	7.576125e-05
4.295215749805434e-10	3.765260e-04
4.306934499805434e-10	7.396853e-04
4.318653249805434e-10	1.174551e-03
4.330371999805433e-10	1.693748e-03
4.342090749805433e-10	2.312425e-03
4.353809499805433e-10	3.043971e-03
4.365528249805433e-10	3.904428e-03
4.377246999805433e-10	4.911599e-03
4.388965749805433e-10	6.085050e-03
4.400684499805432e-10	7.446267e-03
4.412403249805432e-10	9.018887e-03
4.424121999805432e-10	1.082900e-02
4.435840749805432e-10	1.290556e-02
4.447559499805432e-10	1.528090e-02
4.459278249805432e-10	1.799144e-02
4.470996999805432e-10	2.107861e-02
4.482715749805431e-10	2.459006e-02
4.494434499805431e-10	2.858131e-02
4.506153249805431e-10	3.311794e-02
4.517871999805431e-10	3.827869e-02
4.529590749805431e-10	4.415978e-02
4.535450124805431e-10	4.740680e-02
4.541309499805431e-10	5.088121e-02
4.547168874805431e-10	5.460327e-02
4.553028249805430e-10	5.859612e-02
4.558887624805430e-10	6.288646e-02
4.564746999805430e-10	6.750527e-02
4.570606374805430e-10	7.248887e-02
4.576465749805430e-10	7.788023e-02
4.582325124805430e-10	8.373073e-02
4.588184499805430e-10	9.010249e-02
4.594043874805430e-10	9.707161e-02
4.599903249805430e-10	1.047626e-01
4.605762624805430e-10	1.133580e-01
4.611621999805430e-10	1.230250e-01
4.617481374805430e-10	1.339351e-01
4.623340749805430e-10	1.463718e-01
4.629200124805429e-10	1.607543e-01
4.635059499805429e-10	1.776330e-01
4.640918874805429e-10	1.976810e-01
4.646778249805429e-10	2.215917e-01
4.652637624805429e-10	2.498789e-01
4.658496999805430e-10	2.826724e-01
4.664356374805430e-10	3.197886e-01
4.670215749805430e-10	3.610547e-01
4.676075124805431e-10	4.063350e-01
4.681934499805431e-10	4.553772e-01
4.687793874805432e-10	5.078962e-01
4.693653249805432e-10	5.636551e-01
4.705371999805433e-10	6.840583e-01
4.717090749805434e-10	8.150393e-01
4.734668874805435e-10	1.028314e+00
4.752246999805437e-10	1.257974e+00
4.763965749805438e-10	1.418206e+00
4.769825124805438e-10	1.499950e+00
4.775684499805438e-10	1.580706e+00
4.781543874805439e-10	1.653265e+00
4.787403249805439e-10	1.707561e+00
4.793262624805440e-10	1.739814e+00
4.799121999805440e-10	1.755417e+00
4.804981374805441e-10	1.762437e+00
4.810840749805441e-10	1.766124e+00
4.816700124805441e-10	1.768677e+00
4.822559499805442e-10	1.770803e+00
4.828418874805442e-10	1.772700e+00
4.834278249805443e-10	1.774438e+00
4.840137624805443e-10	1.776049e+00
4.845996999805444e-10	1.777549e+00
4.851856374805444e-10	1.778947e+00
4.863575124805445e-10	1.781472e+00
4.875293874805446e-10	1.783685e+00
4.887012624805447e-10	1.785631e+00
4.898731374805448e-10	1.787348e+00
4.910450124805449e-10	1.788865e+00
4.922168874805449e-10	1.790207e+00
4.933887624805450e-10	1.791394e+00
4.951465749805452e-10	1.792925e+00
4.969043874805453e-10	1.794197e+00
4.986621999805454e-10	1.795250e+00
5.004200124805456e-10	1.796118e+00
5.021778249805457e-10	1.796828e+00
5.039356374805458e-10	1.797404e+00
5.056934499805460e-10	1.797868e+00
5.074512624805461e-10	1.798237e+00
5.092090749805462e-10	1.798527e+00
5.109668874805464e-10	1.798753e+00
5.127246999805465e-10	1.798928e+00
5.140639856948323e-10	1.799026e+00
5.154032714091181e-10	1.799112e+00
5.167425571234039e-10	1.799186e+00
5.180818428376898e-10	1.799248e+00
5.194211285519756e-10	1.799298e+00
5.207604142662614e-10	1.799336e+00
5.220996999805472e-10	1.799362e+00
5.239412178376902e-10	1.799395e+00
5.257827356948332e-10	1.799425e+00
5.276242535519762e-10	1.799451e+00
5.294657714091191e-10	1.799473e+00
5.313072892662622e-10	1.799493e+00
5.331488071234051e-10	1.799509e+00
5.349903249805482e-10	1.799521e+00
5.359947892662625e-10	1.799529e+00
5.369992535519769e-10	1.799536e+00
5.380037178376913e-10	1.799543e+00
5.390081821234056e-10	1.799550e+00
5.400126464091199e-10	1.799557e+00
5.410171106948343e-10	1.799564e+00
5.420215749805487e-10	1.799571e+00
5.431934499805488e-10	1.799579e+00
5.443653249805489e-10	1.799587e+00
5.449512624805489e-10	1.799591e+00
5.455371999805489e-10	1.799595e+00
5.467090749805490e-10	1.799604e+00
5.484668874805492e-10	1.799618e+00
5.493039410519778e-10	1.799625e+00
5.501409946234064e-10	1.799632e+00
5.509780481948351e-10	1.799639e+00
5.518151017662637e-10	1.799646e+00
5.526521553376924e-10	1.799654e+00
5.534892089091209e-10	1.799662e+00
5.543262624805496e-10	1.799670e+00
5.560840749805497e-10	1.799688e+00
5.578418874805499e-10	1.799706e+00
5.595996999805500e-10	1.799724e+00
5.613575124805501e-10	1.799743e+00
5.631153249805503e-10	1.799762e+00
5.642871999805504e-10	1.799774e+00
5.652079589091218e-10	1.799784e+00
5.661287178376934e-10	1.799793e+00
5.670494767662649e-10	1.799802e+00
5.679702356948363e-10	1.799811e+00
5.688909946234078e-10	1.799820e+00
5.698117535519794e-10	1.799828e+00
5.707325124805508e-10	1.799837e+00
5.723229142662653e-10	1.799850e+00
5.739133160519797e-10	1.799863e+00
5.755037178376941e-10	1.799875e+00
5.770941196234084e-10	1.799886e+00
5.786845214091228e-10	1.799897e+00
5.802749231948373e-10	1.799906e+00
5.818653249805517e-10	1.799915e+00
5.825349678376946e-10	1.799918e+00
5.832046106948375e-10	1.799922e+00
5.838742535519804e-10	1.799925e+00
5.845438964091233e-10	1.799928e+00
5.852135392662662e-10	1.799931e+00
5.858831821234091e-10	1.799934e+00
5.865528249805520e-10	1.799937e+00
5.871387624805521e-10	1.799939e+00
5.888128696234093e-10	1.799945e+00
5.904869767662666e-10	1.799950e+00
5.921610839091238e-10	1.799955e+00
5.938351910519812e-10	1.799960e+00
5.955092981948384e-10	1.799964e+00
5.971834053376957e-10	1.799967e+00
5.988575124805530e-10	1.799970e+00
5.994434499805530e-10	1.799971e+00
6.000000000000000e-10	1.799972e+00
