time	V(comp_out)
0.000000000000000e+00	1.005148e-09
2.000000000000000e-18	1.005148e-09
4.000000000000000e-18	1.005148e-09
8.000000000000001e-18	1.005149e-09
1.600000000000000e-17	1.005149e-09
3.200000000000000e-17	1.005150e-09
6.400000000000000e-17	1.005153e-09
1.000000000000000e-16	1.005156e-09
1.010000000000000e-16	1.005156e-09
2.996938571428572e-13	1.028532e-09
5.992867142857145e-13	1.048335e-09
8.988795714285717e-13	1.064565e-09
1.198472428571429e-12	1.077222e-09
1.498065285714286e-12	1.086305e-09
1.797658142857143e-12	1.091816e-09
2.097251000000000e-12	1.093753e-09
2.359395000000000e-12	1.096276e-09
2.883683000000000e-12	1.095819e-09
3.932259000000000e-12	1.091131e-09
4.194403000000000e-12	1.089248e-09
4.718691000000000e-12	1.084614e-09
5.767267000000000e-12	1.075260e-09
7.864419000000001e-12	1.058691e-09
1.205872300000000e-11	1.035478e-09
2.044733100000000e-11	1.012361e-09
3.722454700000000e-11	9.978921e-10
5.767759610040079e-11	9.959655e-10
8.735827510594863e-11	9.984833e-10
1.219131346286501e-10	1.000927e-09
1.696299004789255e-10	1.003005e-09
2.275944723328699e-10	1.004217e-09
3.198064010806331e-10	1.004887e-09
4.476705032808573e-10	1.005111e-09
6.646474398497646e-10	1.005148e-09
8.936615476574698e-10	1.005148e-09
1.166225648432950e-09	1.005148e-09
1.512191355474506e-09	1.005148e-09
2.121572961407730e-09	1.005148e-09
2.915446986777733e-09	1.005144e-09
3.023234335497704e-09	1.005145e-09
3.238809032937645e-09	1.005148e-09
3.292702707297630e-09	1.005148e-09
3.306176125887627e-09	1.005148e-09
3.333122963067619e-09	1.005148e-09
3.353333090952614e-09	1.005148e-09
3.380279928132606e-09	1.005148e-09
3.434173602492592e-09	1.005148e-09
3.541960951212562e-09	1.005148e-09
3.757535648652503e-09	1.005148e-09
4.177392681972639e-09	1.005148e-09
5.017106748612909e-09	1.005148e-09
5.842305830755273e-09	1.005148e-09
6.817791038494075e-09	1.005148e-09
7.619841405038614e-09	1.005148e-09
8.713453387222363e-09	1.005148e-09
9.960659316898193e-09	1.005148e-09
1.076436027590626e-08	1.005148e-09
1.081070494334731e-08	1.005148e-09
1.090339427822943e-08	1.005148e-09
1.108877294799365e-08	1.005148e-09
1.112481635833330e-08	1.005148e-09
1.113382721091821e-08	1.005148e-09
1.115184891608803e-08	1.005148e-09
1.118789232642768e-08	1.005148e-09
1.119690317901259e-08	1.005148e-09
1.122844116305978e-08	1.005148e-09
1.124646286822960e-08	1.005148e-09
1.128250627856925e-08	1.005148e-09
1.135459309924854e-08	1.005148e-09
1.149876674060713e-08	1.005148e-09
1.178711402332430e-08	1.005148e-09
1.232844220891890e-08	1.005148e-09
1.292310897388702e-08	1.005148e-09
1.408564571098967e-08	1.005148e-09
1.641071918519496e-08	1.005148e-09
1.874817300564931e-08	1.005148e-09
2.162757391395646e-08	1.005148e-09
2.482447567773946e-08	1.005148e-09
2.825501011077186e-08	1.005148e-09
3.207189859682687e-08	1.005148e-09
3.691127959102936e-08	1.005148e-09
4.179409209102936e-08	1.005148e-09
4.667690459102936e-08	1.005148e-09
5.155971709102936e-08	1.005148e-09
5.644252959102936e-08	1.005148e-09
6.132534209102936e-08	1.005148e-09
6.620815459102936e-08	1.005148e-09
7.109096709102936e-08	1.005148e-09
7.597377959102936e-08	1.005148e-09
8.085659209102936e-08	1.005148e-09
8.573940459102936e-08	1.005148e-09
9.062221709102936e-08	1.005148e-09
9.550502959102936e-08	1.005148e-09
1.000000001000000e-07	1.005148e-09
1.000000001100000e-07	1.005148e-09
1.000000001300000e-07	1.005148e-09
1.000000001700000e-07	1.005148e-09
1.000000002000000e-07	1.005149e-09
1.000000002053971e-07	1.005149e-09
1.000000002161912e-07	1.005150e-09
1.010000002188897e-07	1.108025e-09
1.020000002188897e-07	1.119493e-09
1.080000002188897e-07	1.005146e-09
2.000000000000000e-07	1.005227e-09
2.000000000100000e-07	4.227076e-05
2.000000000300000e-07	3.319791e-04
2.000000001087500e-07	1.884575e-03
2.000000001262500e-07	2.048247e-03
2.000000081249970e-07	2.017420e-03
2.000000161237441e-07	1.987075e-03
2.000000241224911e-07	1.957214e-03
2.000000321212381e-07	1.927837e-03
2.000000401199851e-07	1.898942e-03
2.000000481187322e-07	1.870532e-03
2.000000561174792e-07	1.842605e-03
2.000001121360612e-07	1.658806e-03
2.000002241732252e-07	1.346017e-03
2.000004482475532e-07	8.839369e-04
2.000008963962092e-07	3.496783e-04
2.000017926935212e-07	-5.642079e-05
2.000035852881453e-07	-1.778848e-04
2.000062643831426e-07	-1.122410e-04
2.000113007871965e-07	-3.204119e-05
2.000213735953044e-07	6.858150e-07
2.000415192115201e-07	2.225862e-06
2.000784435967251e-07	2.726005e-07
2.001507637815088e-07	9.673822e-08
2.002503214293429e-07	1.839047e-08
2.004494367250111e-07	3.077521e-08
2.007428424725087e-07	-6.990390e-08
2.012328526655034e-07	-2.083518e-07
2.019621634369000e-07	-4.638066e-07
2.032224311954086e-07	-1.143008e-06
2.048548157322293e-07	-3.918707e-06
2.055277709930915e-07	-8.687688e-06
2.061046564599019e-07	-1.746433e-05
2.069205602811869e-07	-3.240510e-05
2.074073994073504e-07	-2.576005e-05
2.080380926395226e-07	3.552062e-03
2.086844518941509e-07	1.791389e-02
2.087694142009161e-07	2.771779e-02
2.089393388144464e-07	6.812475e-02
2.089818199678290e-07	8.724263e-02
2.090667822745942e-07	1.487660e-01
2.090880228512855e-07	1.754816e-01
2.091305040046681e-07	2.557966e-01
2.091411242930138e-07	2.830870e-01
2.091623648697051e-07	3.522017e-01
2.092048460230877e-07	5.033229e-01
2.092104459207279e-07	5.246295e-01
2.092216457160085e-07	5.735216e-01
2.092440453065696e-07	6.876704e-01
2.092475506880149e-07	7.103266e-01
2.092545614509056e-07	7.720436e-01
2.092664605383830e-07	9.153621e-01
2.092744095858876e-07	1.053944e+00
2.092798532941232e-07	1.190228e+00
2.092844666465283e-07	1.346270e+00
2.092912598666244e-07	1.612178e+00
2.092940211713522e-07	1.704398e+00
2.092966196101462e-07	1.755195e+00
2.092996299236205e-07	1.780067e+00
2.093032907260421e-07	1.791169e+00
2.093066781335097e-07	1.795252e+00
2.093123364517842e-07	1.798147e+00
2.093188958634658e-07	1.799230e+00
2.093263936751747e-07	1.799464e+00
2.093369225435977e-07	1.799717e+00
2.093528590421466e-07	1.800021e+00
2.093741596343550e-07	1.800165e+00
2.094038540373871e-07	1.800180e+00
2.094537124365221e-07	1.800175e+00
2.095534292347922e-07	1.800159e+00
2.097506130227238e-07	1.800131e+00
2.101449805985869e-07	1.800079e+00
2.102091076419371e-07	1.800081e+00
2.102251394027747e-07	1.800083e+00
2.102652188048685e-07	1.800080e+00
2.102852585059155e-07	1.800079e+00
2.103413696688469e-07	1.800075e+00
2.104054967121970e-07	1.800071e+00
2.105337507988974e-07	1.800065e+00
2.107902589722981e-07	1.800054e+00
2.112274509441011e-07	1.800039e+00
2.116402382873486e-07	1.800030e+00
2.123702684723396e-07	1.800020e+00
2.137207868987510e-07	1.800009e+00
2.150439656954143e-07	1.800004e+00
2.168894665030959e-07	1.800002e+00
2.189928028605106e-07	1.800000e+00
2.209829323947875e-07	1.800000e+00
2.236186587778734e-07	1.800000e+00
2.274541462226512e-07	1.800000e+00
2.323369587226512e-07	1.800000e+00
2.372197712226512e-07	1.800000e+00
2.421025837226512e-07	1.800000e+00
2.461693827119475e-07	1.800000e+00
2.467797342744474e-07	1.800000e+00
2.474118841070367e-07	1.800000e+00
2.480440339396260e-07	1.800000e+00
2.486761837722153e-07	1.800000e+00
2.493083336048045e-07	1.800000e+00
2.499404834373938e-07	1.800000e+00
2.505726332699831e-07	1.800000e+00
2.512047831025724e-07	1.800000e+00
2.531520789161752e-07	1.800000e+00
2.553821983389940e-07	1.800000e+00
2.598424371846316e-07	1.800000e+00
2.647252496846316e-07	1.800001e+00
2.696080621846316e-07	1.800000e+00
2.744908746846317e-07	1.800000e+00
2.793736871846317e-07	1.800000e+00
2.842564996846317e-07	1.800000e+00
2.891393121846317e-07	1.800000e+00
2.940221246846317e-07	1.800000e+00
2.951171876000000e-07	1.800000e+00
2.973073134307366e-07	1.800000e+00
3.000000001000000e-07	1.799409e+00
3.000067752406647e-07	1.799619e+00
3.000203255219939e-07	1.800495e+00
3.000236498006374e-07	1.800374e+00
3.000277168762906e-07	1.800123e+00
3.000335151807984e-07	1.800143e+00
3.000398379065195e-07	1.800110e+00
3.000524833579616e-07	1.800081e+00
3.000657612028873e-07	1.800055e+00
3.000923168927388e-07	1.800028e+00
3.001206526793405e-07	1.800013e+00
3.001773242525441e-07	1.800005e+00
3.002906673989512e-07	1.800001e+00
3.005173536917654e-07	1.800000e+00
3.008004973802107e-07	1.800000e+00
3.011121798253225e-07	1.800000e+00
3.014814818876280e-07	1.800000e+00
3.019101486944370e-07	1.800000e+00
3.024752402948608e-07	1.800000e+00
3.033936601485330e-07	1.800000e+00
3.042609156847955e-07	1.800000e+00
3.052194207684267e-07	1.800000e+00
3.064194305434262e-07	1.800000e+00
3.076025641253740e-07	1.800000e+00
3.088395986939640e-07	1.800000e+00
3.102009539956156e-07	1.800000e+00
3.129164754240371e-07	1.800000e+00
3.154995376143992e-07	1.800000e+00
3.181513286338283e-07	1.800000e+00
3.208345598332144e-07	1.800000e+00
3.223500992992352e-07	1.800000e+00
3.237702982064278e-07	1.800000e+00
3.254290486881379e-07	1.800000e+00
3.264511305030278e-07	1.800000e+00
3.271897164058112e-07	1.800000e+00
3.279332286196941e-07	1.800000e+00
3.287252568036394e-07	1.800000e+00
3.292511672365594e-07	1.800000e+00
3.298783668103592e-07	1.800000e+00
3.305460783867527e-07	1.800000e+00
3.314301709335687e-07	1.800000e+00
3.322512391792636e-07	1.800000e+00
3.334362929242904e-07	1.800000e+00
3.346399729686482e-07	1.800000e+00
3.368082607804480e-07	1.800000e+00
3.392638713272534e-07	1.800000e+00
3.424756574640223e-07	1.800000e+00
3.455123840002496e-07	1.800000e+00
3.500000000000000e-07	1.800005e+00
3.500000000012500e-07	1.800005e+00
3.500000003962501e-07	1.800005e+00
3.500000005937501e-07	1.800005e+00
3.500000041487506e-07	1.800005e+00
3.500000077037510e-07	1.800005e+00
3.500000112587515e-07	1.800005e+00
3.500000148137519e-07	1.800005e+00
3.500000183687524e-07	1.800005e+00
3.500000219237529e-07	1.800005e+00
3.500000254787533e-07	1.800005e+00
3.500000507587566e-07	1.800005e+00
3.500001013187630e-07	1.800004e+00
3.500002024387760e-07	1.800004e+00
3.500004046788020e-07	1.800003e+00
3.500008091588538e-07	1.800002e+00
3.500015533447573e-07	1.800001e+00
3.500024493399199e-07	1.800001e+00
3.500040505975223e-07	1.800000e+00
3.500072531127272e-07	1.800000e+00
3.500136581431368e-07	1.800000e+00
3.500264682039562e-07	1.800000e+00
3.500411898224342e-07	1.800000e+00
3.500667303954363e-07	1.800000e+00
3.501112635266193e-07	1.800000e+00
3.502003297889853e-07	1.800000e+00
3.503071950012550e-07	1.800000e+00
3.504621314202610e-07	1.800000e+00
3.506566390363100e-07	1.800000e+00
3.509861047149482e-07	1.800000e+00
3.513364216177296e-07	1.800000e+00
3.519397318207436e-07	1.800000e+00
3.526308417193621e-07	1.800000e+00
3.532693224840104e-07	1.800000e+00
3.540038487018393e-07	1.800000e+00
3.548975440794701e-07	1.800000e+00
3.560027685785384e-07	1.800000e+00
3.571647132407965e-07	1.800000e+00
3.589516392455343e-07	1.800000e+00
3.610321885919942e-07	1.800000e+00
3.642760432269457e-07	1.800000e+00
3.680031513902281e-07	1.800000e+00
3.728859638902282e-07	1.800000e+00
3.875344013902282e-07	1.800000e+00
4.451171875000000e-07	1.800000e+00
4.500000000000000e-07	1.800000e+00
4.500000000100001e-07	1.800000e+00
4.500000000300000e-07	1.800000e+00
4.500000000350000e-07	1.800000e+00
4.500000000450000e-07	1.800000e+00
4.500000000650000e-07	1.800000e+00
4.500000000693750e-07	1.800000e+00
4.500000000703750e-07	1.800000e+00
4.500000000713749e-07	1.800000e+00
4.500000000733749e-07	1.800000e+00
4.500000000803749e-07	1.800000e+00
4.500000000853749e-07	1.800000e+00
4.500000000863749e-07	1.800000e+00
4.500000000883749e-07	1.800000e+00
4.500000000933749e-07	1.800000e+00
4.500000000953749e-07	1.800000e+00
4.500000001000001e-07	1.800000e+00
4.500000001020001e-07	1.800000e+00
4.510000001020001e-07	1.800000e+00
4.520000001020001e-07	1.800000e+00
4.530000001020001e-07	1.800000e+00
4.540000001020001e-07	1.800000e+00
4.541707360855382e-07	1.800000e+00
4.545122080526143e-07	1.800000e+00
4.551951519867664e-07	1.800000e+00
4.565610398550708e-07	1.800000e+00
4.574276949568199e-07	1.800000e+00
4.581883549513840e-07	1.800000e+00
4.589851994706192e-07	1.800000e+00
4.597681056291925e-07	1.800000e+00
4.606766219427541e-07	1.800000e+00
4.616467097561134e-07	1.800000e+00
4.621678321800117e-07	1.800000e+00
4.626155757499053e-07	1.800000e+00
4.629789435325860e-07	1.800000e+00
4.633874576994967e-07	1.800000e+00
4.638153590532543e-07	1.800000e+00
4.641123691972648e-07	1.800000e+00
4.644722607492279e-07	1.800000e+00
4.648770745129056e-07	1.800000e+00
4.653522382422503e-07	1.800000e+00
4.659365823917713e-07	1.800000e+00
4.666298476212942e-07	1.800000e+00
4.674933218635636e-07	1.800000e+00
4.686074530031760e-07	1.800000e+00
4.701651186230573e-07	1.800000e+00
4.719058421926369e-07	1.800000e+00
4.743807507159155e-07	1.800000e+00
4.768526429773940e-07	1.800000e+00
4.817354554773940e-07	1.800000e+00
4.866182679773940e-07	1.800000e+00
4.915010804773940e-07	1.800000e+00
4.963838929773940e-07	1.800000e+00
5.012667054773940e-07	1.800000e+00
5.075446072631083e-07	1.800000e+00
5.138225090488226e-07	1.800000e+00
5.201004108345369e-07	1.800000e+00
5.263783126202513e-07	1.800000e+00
5.326562144059655e-07	1.800000e+00
5.389341161916799e-07	1.800000e+00
5.452120179773941e-07	1.800000e+00
5.500000001000001e-07	1.800000e+00
5.500000001100001e-07	1.800000e+00
5.500000001300001e-07	1.800000e+00
5.500000002787500e-07	1.800000e+00
5.500000002962500e-07	1.800000e+00
5.510000002962500e-07	1.800000e+00
5.520000002962500e-07	1.800000e+00
5.530000002962499e-07	1.800000e+00
5.548304941044027e-07	1.800000e+00
5.563390124836945e-07	1.800000e+00
5.569829633414164e-07	1.800000e+00
5.582708650568602e-07	1.800000e+00
5.600000001000000e-07	1.800000e+00
5.600048957752166e-07	1.800000e+00
5.600146871256498e-07	1.800000e+00
5.600170672561410e-07	1.800000e+00
5.600200293490159e-07	1.800000e+00
5.600259535347657e-07	1.800000e+00
5.600344840619455e-07	1.800000e+00
5.600498629212802e-07	1.800000e+00
5.600735030257649e-07	1.800000e+00
5.601057339722897e-07	1.800000e+00
5.601701958653395e-07	1.800000e+00
5.602991196514390e-07	1.800000e+00
5.605569672236380e-07	1.800000e+00
5.609476367772130e-07	1.800000e+00
5.617229728021139e-07	1.800000e+00
5.632294455281842e-07	1.800000e+00
5.648226496304282e-07	1.800000e+00
5.669727320852546e-07	1.800000e+00
5.702617055628353e-07	1.800000e+00
5.748211107999359e-07	1.800000e+00
5.887720036570788e-07	1.800000e+00
6.027228965142217e-07	1.800000e+00
6.166737893713646e-07	1.800000e+00
6.306246822285075e-07	1.800000e+00
6.445755750856504e-07	1.800000e+00
6.585264679427933e-07	1.800000e+00
6.724773607999362e-07	1.800000e+00
6.951171875000001e-07	1.800000e+00
7.000000000000001e-07	1.790243e+00
7.000011920928955e-07	1.788318e+00
7.000035762786866e-07	1.792665e+00
7.000041690331143e-07	1.798539e+00
7.000048898384285e-07	1.804112e+00
7.000061781693193e-07	1.805514e+00
7.000073723064551e-07	1.804754e+00
7.000097605807265e-07	1.802905e+00
7.000139336460317e-07	1.801051e+00
7.000208056968624e-07	1.799790e+00
7.000283289829599e-07	1.799448e+00
7.000400677130202e-07	1.799528e+00
7.000577512205590e-07	1.799812e+00
7.000737660961461e-07	1.800023e+00
7.000882052521336e-07	1.800144e+00
7.001071406939867e-07	1.800243e+00
7.001102648492285e-07	1.800247e+00
7.001110458880390e-07	1.800246e+00
7.001126079656599e-07	1.800245e+00
7.001157321209016e-07	1.800243e+00
7.001165131597121e-07	1.800242e+00
7.001180752373330e-07	1.800242e+00
7.001211993925748e-07	1.800243e+00
7.001274477030584e-07	1.800243e+00
7.001399443240256e-07	1.800168e+00
7.001649375659599e-07	1.798245e+00
7.002069562822244e-07	1.786593e+00
7.002290165923897e-07	1.768479e+00
7.002454024000820e-07	1.735757e+00
7.002595735274564e-07	1.675442e+00
7.002759083131834e-07	1.544294e+00
7.002943292486953e-07	1.297882e+00
7.003064029312932e-07	1.031919e+00
7.003161224163121e-07	7.099178e-01
7.003267068160755e-07	2.998219e-01
7.003322166571275e-07	1.307225e-01
7.003382657559845e-07	3.824736e-02
7.003446980478450e-07	7.767607e-03
7.003524694154328e-07	1.512090e-03
7.003595465380341e-07	8.351302e-04
7.003737007832367e-07	6.186657e-04
7.004020092736420e-07	4.239475e-04
7.004586262544527e-07	2.807013e-04
7.005396841097045e-07	1.934912e-04
7.006309320078619e-07	1.409811e-04
7.007059863625492e-07	9.034981e-05
7.007675745454011e-07	3.686573e-05
7.008470871972051e-07	-6.948630e-06
7.008985008900836e-07	-1.176140e-05
7.009785676012445e-07	-8.970194e-06
7.010716292398791e-07	-7.812047e-06
7.012577525171484e-07	-5.999150e-06
7.016299990716869e-07	-3.551485e-06
7.019788255342386e-07	-2.204835e-06
7.024167924249785e-07	-1.281795e-06
7.028987917686013e-07	-7.241715e-07
7.036524049147484e-07	-3.056988e-07
7.044373147293294e-07	-1.218571e-07
7.056535328926774e-07	-2.797546e-07
7.058348976785520e-07	-2.123412e-07
7.061976272503013e-07	-8.005214e-09
7.069230863937999e-07	-2.305522e-09
7.082187983741060e-07	3.483428e-09
7.095574510444606e-07	6.087463e-09
7.116571062667862e-07	7.530801e-09
7.152657279255507e-07	8.576001e-09
7.201485404255507e-07	8.855039e-09
7.250313529255507e-07	7.739086e-09
7.299141654255508e-07	5.643019e-09
7.347969779255508e-07	3.764132e-09
7.396797904255508e-07	2.640329e-09
7.445626029255508e-07	2.021804e-09
7.494454154255508e-07	1.656382e-09
7.543282279255508e-07	1.427980e-09
7.592110404255508e-07	1.280718e-09
7.640938529255508e-07	1.185245e-09
7.689766654255509e-07	1.122892e-09
7.738594779255509e-07	1.082189e-09
7.787422904255509e-07	1.055577e-09
7.836251029255509e-07	1.038145e-09
7.885079154255509e-07	1.026769e-09
7.899105674920702e-07	1.022539e-09
7.913132195585894e-07	1.019182e-09
7.927158716251086e-07	1.016697e-09
7.941185236916279e-07	1.015085e-09
7.955211757581472e-07	1.014345e-09
7.969238278246664e-07	1.014478e-09
7.983264798911857e-07	1.015484e-09
8.000000001000000e-07	-7.729117e-05
8.000048389551421e-07	-3.687476e-05
8.000145166654262e-07	1.156655e-04
8.000168625338854e-07	7.939273e-05
8.000198206123437e-07	8.174207e-06
8.000257367692602e-07	2.690813e-07
8.000375690830933e-07	-7.553365e-07
8.000612337107594e-07	-5.396727e-07
8.000977743774600e-07	-1.269628e-07
8.001613027004234e-07	-6.059945e-09
8.002190505261923e-07	4.953266e-09
8.003022883964321e-07	4.233953e-11
8.004037654188302e-07	2.568579e-09
8.006067194636262e-07	6.731561e-10
8.008674884081722e-07	1.116082e-09
8.011543415946716e-07	8.007757e-10
8.015171496205542e-07	1.182558e-09
8.019935009020951e-07	9.037667e-10
8.025759904842101e-07	1.057560e-09
8.032339987815139e-07	8.969199e-10
8.041490678101588e-07	1.086383e-09
8.054503129586111e-07	9.398252e-10
8.074314594445786e-07	9.987956e-10
8.093122659818108e-07	9.656559e-10
8.120086677441409e-07	1.022120e-09
8.153239341921285e-07	9.815408e-10
8.202067466921285e-07	1.005160e-09
8.250895591921285e-07	1.005040e-09
8.397379966921286e-07	1.005089e-09
8.451171875000001e-07	1.246870e-09
8.461099441157431e-07	8.856465e-10
8.480954573472292e-07	1.000172e-09
8.500000000000001e-07	4.915599e-08
8.500053528880192e-07	3.444371e-08
8.500160586640575e-07	-2.139804e-09
8.500186603088234e-07	-1.744243e-09
8.500218995067751e-07	8.760601e-10
8.500283779026786e-07	9.762647e-10
8.500377212105119e-07	9.973087e-10
8.500564078261784e-07	1.004128e-09
8.500850918252686e-07	1.005998e-09
8.501215641824289e-07	1.006792e-09
8.501755633580512e-07	1.006468e-09
8.502559944842921e-07	1.005925e-09
8.504016465016035e-07	1.005478e-09
8.506097901630982e-07	1.005230e-09
8.509144476372056e-07	1.005096e-09
8.513254204740256e-07	1.005040e-09
8.518494102370783e-07	1.005073e-09
8.523788973139599e-07	1.005136e-09
8.529551421212646e-07	1.005180e-09
8.535735765039908e-07	1.005177e-09
8.542117859166832e-07	1.005143e-09
8.548861810550780e-07	1.005118e-09
8.556779215589725e-07	1.005122e-09
8.566243436907187e-07	1.005140e-09
8.578954910021805e-07	1.005145e-09
8.590527668172218e-07	1.005137e-09
8.606392226690900e-07	1.005135e-09
8.622718544302803e-07	1.005139e-09
8.649112716168529e-07	1.005138e-09
8.674404260374853e-07	1.005137e-09
8.711582386127691e-07	1.005138e-09
8.760410511127691e-07	1.005138e-09
8.809238636127691e-07	1.005138e-09
8.858066761127691e-07	1.005138e-09
8.906894886127691e-07	1.005138e-09
8.955723011127691e-07	1.005138e-09
9.004551136127692e-07	1.005138e-09
9.053379261127692e-07	1.005138e-09
9.102207386127692e-07	1.005138e-09
9.151035511127692e-07	1.005138e-09
9.199863636127692e-07	1.005138e-09
9.297519886127692e-07	1.005138e-09
9.346348011127693e-07	1.005138e-09
9.395176136127693e-07	1.005138e-09
9.444004261127693e-07	1.005138e-09
9.451171875000001e-07	1.005138e-09
9.465507102744618e-07	1.005138e-09
9.471329544510768e-07	1.005138e-09
9.482974428043069e-07	1.005138e-09
9.500000000000001e-07	1.003911e-09
9.500051339949435e-07	1.002803e-09
9.500154019848304e-07	9.975207e-10
9.500178778970725e-07	9.959882e-10
9.500210360840800e-07	9.946503e-10
9.500273524580948e-07	9.945998e-10
9.500399852061246e-07	9.976586e-10
9.500634585949712e-07	1.003286e-09
9.500903656902165e-07	1.006480e-09
9.501306879391149e-07	1.007450e-09
9.501793155759295e-07	1.007102e-09
9.502549186986195e-07	1.006325e-09
9.503614364576455e-07	1.005715e-09
9.505687154921960e-07	1.005275e-09
9.508168832177477e-07	1.005127e-09
9.511052911249385e-07	1.005088e-09
9.515328533545379e-07	1.005076e-09
9.521913628263325e-07	1.005094e-09
9.529286500469092e-07	1.005124e-09
9.537999941931653e-07	1.005147e-09
9.550567869030560e-07	1.005147e-09
9.561943323241902e-07	1.005137e-09
9.576286906452437e-07	1.005135e-09
9.590215587745260e-07	1.005138e-09
9.607419921786325e-07	1.005139e-09
9.635908698812562e-07	1.005138e-09
9.672662028461184e-07	1.005138e-09
9.721490153461184e-07	1.005138e-09
9.770318278461184e-07	1.005138e-09
9.819146403461184e-07	1.005138e-09
9.867974528461185e-07	1.005138e-09
9.916802653461185e-07	1.005138e-09
9.965630778461185e-07	1.005138e-09
1.001445890346118e-06	1.005138e-09
1.045391202846119e-06	1.005138e-09
1.050000000100000e-06	1.005138e-09
1.054882812600000e-06	1.005142e-09
1.055117187600000e-06	1.005140e-09
1.055585937600000e-06	1.005137e-09
1.056523437599999e-06	1.005138e-09
1.058125000100001e-06	1.005138e-09
1.060000000100000e-06	8.898092e-10
1.060005215697434e-06	8.878802e-10
1.060015646892301e-06	1.041322e-09
1.060018188193516e-06	1.123547e-09
1.060021322213357e-06	1.168074e-09
1.060027590253039e-06	1.118262e-09
1.060035022010408e-06	1.065916e-09
1.060049885525147e-06	1.023397e-09
1.060079612554624e-06	1.003785e-09
1.060113830335942e-06	1.003546e-09
1.060182265898578e-06	1.004872e-09
1.060319137023851e-06	1.005048e-09
1.060592879274397e-06	1.005121e-09
1.060988318339065e-06	1.005141e-09
1.061727366607313e-06	1.005134e-09
1.062929082397945e-06	1.005135e-09
1.064240772588153e-06	1.005136e-09
1.066062209129206e-06	1.005137e-09
1.068257353864144e-06	1.005138e-09
1.071739685888852e-06	1.005138e-09
1.076480528211753e-06	1.005138e-09
1.091128965711753e-06	1.005138e-09
1.188785215711753e-06	1.005138e-09
1.193668028211753e-06	1.005139e-09
1.197101681423506e-06	1.005138e-09
1.200000000000000e-06	2.481182e-05
1.200008565445484e-06	1.676016e-05
1.200025696336453e-06	1.229987e-05
1.200029836636696e-06	2.143175e-05
1.200035084360733e-06	2.101908e-05
1.200045579808809e-06	5.069202e-06
1.200064725409144e-06	4.954441e-06
1.200103016609814e-06	1.488849e-06
1.200159678590545e-06	2.618772e-07
1.200230828835012e-06	-6.278903e-07
1.200324440331926e-06	-7.120404e-07
1.200452946603356e-06	-7.974980e-07
1.200652431958004e-06	-5.411302e-07
1.201037210113845e-06	-3.994138e-07
1.201721821771094e-06	-1.525404e-07
1.202802756051982e-06	-3.074192e-08
1.203996393354406e-06	1.011682e-08
1.205726045455050e-06	-3.295695e-09
1.208167928341433e-06	-3.350082e-09
1.213050740841433e-06	-9.108589e-09
1.217933553341433e-06	-6.876689e-09
1.222816365841433e-06	-4.801677e-09
1.227699178341433e-06	-3.281912e-09
1.232581990841433e-06	-2.130491e-09
1.237464803341433e-06	-1.308763e-09
1.242347615841433e-06	-7.132712e-10
1.247230428341433e-06	-2.953584e-10
1.252113240841433e-06	-2.273737e-13
1.256996053341433e-06	2.064553e-10
1.261878865841433e-06	3.487912e-10
1.266761678341433e-06	4.497451e-10
1.271644490841433e-06	5.165930e-10
1.276527303341433e-06	5.663878e-10
1.281410115841433e-06	5.973106e-10
1.286292928341433e-06	6.223217e-10
1.291175740841433e-06	1.647128e-09
1.295117187600000e-06	1.658908e-09
1.300000000100000e-06	-2.117756e-05
1.300009536843164e-06	-3.153005e-06
1.300028610329492e-06	2.808474e-05
1.300033397302990e-06	1.193551e-06
1.300039126702227e-06	-1.978198e-05
1.300050585500701e-06	-7.639173e-07
1.300071646306884e-06	-9.498006e-07
1.300113767919250e-06	-1.747227e-08
1.300157874849589e-06	-1.210817e-07
1.300216614558181e-06	2.861812e-08
1.300279017173161e-06	-9.045134e-08
1.300375481894183e-06	3.818764e-08
1.300501361716033e-06	-5.393235e-08
1.300753121359734e-06	8.467180e-09
1.301043696630100e-06	-5.036469e-09
1.301377052350434e-06	1.351186e-08
1.301868888369063e-06	-3.755641e-09
1.302470459786786e-06	5.971313e-09
1.303258024400760e-06	-3.519860e-09
1.304361743890307e-06	4.708441e-09
1.306008633381140e-06	-7.891707e-10
1.308178753485558e-06	2.108409e-09
1.310868709700108e-06	6.544708e-10
1.313787587503570e-06	1.988225e-09
1.317591873250519e-06	3.064789e-10
1.322474685750519e-06	1.015565e-09
1.327357498250519e-06	1.012722e-09
1.345117187500000e-06	-3.962985e-10
1.350000000000000e-06	-2.512053e-06
1.350009536743164e-06	-1.700438e-06
1.350028610229492e-06	1.077857e-07
1.350033383449378e-06	6.530640e-08
1.350039026340070e-06	-1.971394e-08
1.350048823777275e-06	4.148734e-09
1.350061321603309e-06	-1.096688e-09
1.350084252768969e-06	1.649521e-09
1.350119755556254e-06	7.083500e-10
1.350172937824594e-06	1.171669e-09
1.350249581851385e-06	9.008254e-10
1.350363078111312e-06	1.078128e-09
1.350538338168746e-06	9.670565e-10
1.350789655931703e-06	1.027419e-09
1.351128837242957e-06	9.861504e-10
1.351615595366195e-06	1.008627e-09
1.352146597163770e-06	1.001444e-09
1.352729996796948e-06	1.004046e-09
1.353292587637161e-06	1.005097e-09
1.353854538030531e-06	1.008075e-09
1.354463632559049e-06	1.001737e-09
1.355142818338790e-06	1.006387e-09
1.355851444195479e-06	1.002309e-09
1.356638833216696e-06	1.009046e-09
1.357575380929733e-06	1.003440e-09
1.358596093619547e-06	1.005126e-09
1.359613085290335e-06	1.001595e-09
1.360868976524117e-06	1.006366e-09
1.362235917391016e-06	1.002412e-09
1.363944014280569e-06	1.005861e-09
1.365771566119666e-06	1.001646e-09
1.368562950852737e-06	1.005158e-09
1.371359941571877e-06	1.002562e-09
1.375961282316678e-06	1.005369e-09
1.380844094816678e-06	1.005136e-09
1.385726907316678e-06	1.005140e-09
1.390609719816678e-06	1.005136e-09
1.395492532316678e-06	1.005140e-09
1.400375344816678e-06	1.005136e-09
1.405258157316678e-06	1.005140e-09
1.410140969816678e-06	1.005136e-09
1.415023782316678e-06	1.005140e-09
1.419906594816678e-06	1.005136e-09
1.424789407316678e-06	1.005140e-09
1.429672219816678e-06	1.005136e-09
1.434555032316678e-06	1.005140e-09
1.439437844816678e-06	1.005136e-09
1.444320657316678e-06	9.862525e-10
1.445117187500000e-06	9.938345e-10
1.446710247866644e-06	8.481578e-10
1.446813879266712e-06	9.200971e-10
1.447021142066848e-06	1.045760e-09
1.447435667667119e-06	9.852849e-10
1.448264718867661e-06	8.213509e-10
1.448341897598915e-06	9.020349e-10
1.448496255061424e-06	1.053621e-09
1.448804969986442e-06	9.816281e-10
1.449422399836476e-06	1.003660e-09
1.450000000000000e-06	4.755706e-09
1.450001690254002e-06	3.854997e-09
1.450005070762005e-06	1.043342e-09
1.450005889246253e-06	8.470817e-10
1.450006927212823e-06	9.225399e-10
1.450009003145962e-06	9.731502e-10
1.450013155012239e-06	9.888991e-10
1.450020542434344e-06	9.829206e-10
1.450028193847478e-06	9.809621e-10
1.450039138765671e-06	9.863240e-10
1.450052055324985e-06	9.949545e-10
1.450072592221522e-06	1.005090e-09
1.450096930179249e-06	1.010107e-09
1.450131926457856e-06	1.010843e-09
1.450173508127609e-06	1.009544e-09
1.450234933173825e-06	1.007830e-09
1.450313467640505e-06	1.006636e-09
1.450449037045008e-06	1.005765e-09
1.450647637926592e-06	1.005311e-09
1.450891420669436e-06	1.005131e-09
1.451227654550158e-06	1.005045e-09
1.451825882321538e-06	1.005031e-09
1.452461072232088e-06	1.005074e-09
1.453148103011641e-06	1.005116e-09
1.453914928020090e-06	1.005145e-09
1.455110893843919e-06	1.005156e-09
1.456305483064986e-06	1.005141e-09
1.457436261081410e-06	1.005132e-09
1.458744636940910e-06	1.005137e-09
1.460252441551699e-06	1.005139e-09
1.461851116605146e-06	1.005138e-09
1.465048466712041e-06	1.005138e-09
1.468423637418194e-06	1.005138e-09
1.473306449918194e-06	1.005138e-09
1.478189262418194e-06	1.005138e-09
1.483072074918194e-06	1.005138e-09
1.487954887418194e-06	1.005138e-09
1.492837699918194e-06	1.005138e-09
1.497720512418194e-06	1.005138e-09
1.507486137418194e-06	1.005138e-09
1.512368949918194e-06	1.005138e-09
1.545117187600000e-06	1.005138e-09
1.550000000100000e-06	1.005138e-09
1.554882812600000e-06	1.005144e-09
1.555117187600000e-06	1.005142e-09
1.555585937600000e-06	1.005137e-09
1.556523437599999e-06	1.005138e-09
1.558125000100001e-06	1.005138e-09
1.560000000100000e-06	8.886671e-10
1.560005065302550e-06	8.831283e-10
1.560015195707651e-06	1.021707e-09
1.560017673604526e-06	1.105769e-09
1.560020685130216e-06	1.158505e-09
1.560026708181597e-06	1.120454e-09
1.560032382024737e-06	1.079269e-09
1.560043729711018e-06	1.036424e-09
1.560064722225708e-06	1.008214e-09
1.560090752404209e-06	1.003270e-09
1.560142812761210e-06	1.004645e-09
1.560246933475212e-06	1.005151e-09
1.560455174903216e-06	1.005139e-09
1.560783793560556e-06	1.005149e-09
1.561308608257627e-06	1.005135e-09
1.562248466891409e-06	1.005135e-09
1.563502892490476e-06	1.005134e-09
1.564861711157880e-06	1.005137e-09
1.566936700881191e-06	1.005137e-09
1.569930784706017e-06	1.005138e-09
1.573756546176846e-06	1.005138e-09
1.578639358676847e-06	1.005138e-09
1.583522171176847e-06	1.005138e-09
1.588404983676847e-06	1.005138e-09
1.695117187500000e-06	1.005138e-09
1.700000000000000e-06	2.571558e-05
1.700009536743164e-06	4.349761e-05
1.700009674748840e-06	3.700886e-05
1.700009950760192e-06	1.534790e-05
1.700010502782896e-06	-5.964279e-06
1.700011606828304e-06	-1.366198e-05
1.700013814919119e-06	-2.935087e-06
1.700018231100750e-06	1.158064e-05
1.700027063464012e-06	1.292269e-05
1.700044210186074e-06	4.875371e-06
1.700063164740738e-06	1.374110e-06
1.700095709795529e-06	2.830119e-07
1.700140543814232e-06	-1.154628e-07
1.700214465657404e-06	-3.599090e-07
1.700325630647396e-06	-5.468829e-07
1.700547960627380e-06	-5.123492e-07
1.700778644992339e-06	-3.880369e-07
1.701240013722258e-06	-1.943691e-07
1.701905773875530e-06	-5.979255e-08
1.703237294182073e-06	2.031449e-08
1.704861320321102e-06	2.003005e-08
1.707320373487324e-06	-3.270914e-09
1.710905973866928e-06	-1.378677e-08
1.715788786366928e-06	-1.475114e-08
1.720671598866928e-06	-1.263584e-08
1.725554411366928e-06	-9.337057e-09
1.730437223866928e-06	-6.470785e-09
1.735320036366928e-06	-4.227047e-09
1.740202848866928e-06	-2.614417e-09
1.745085661366928e-06	-1.467676e-09
1.749968473866928e-06	-6.764580e-10
1.754851286366928e-06	-1.311520e-10
1.759734098866928e-06	2.396519e-10
1.764616911366928e-06	4.908181e-10
1.769499723866928e-06	6.606236e-10
1.774382536366928e-06	7.742287e-10
1.779265348866928e-06	8.508323e-10
1.784148161366928e-06	9.012666e-10
1.789030973866928e-06	9.355965e-10
1.793913786366928e-06	5.070158e-10
1.797523990066146e-06	9.790126e-10
1.800000000100000e-06	-4.565758e-05
1.800007101263685e-06	-1.680442e-05
1.800021303591053e-06	6.087182e-05
1.800024750014696e-06	2.651678e-05
1.800029071431855e-06	-1.624444e-05
1.800037714266173e-06	-2.863511e-06
1.800051063216134e-06	-1.192352e-06
1.800077761116056e-06	-2.010463e-07
1.800112417200632e-06	-7.971072e-08
1.800151667352769e-06	2.526903e-09
1.800191928345752e-06	-1.944044e-08
1.800242616601678e-06	1.251747e-08
1.800303714516937e-06	-1.112028e-08
1.800387067217861e-06	8.359303e-09
1.800496971992511e-06	-7.838653e-09
1.800689774016181e-06	1.144681e-09
1.800882260972470e-06	-2.141368e-09
1.801151474177573e-06	7.384059e-10
1.801408690242722e-06	-2.011513e-09
1.801828846881474e-06	2.127519e-09
1.802380495775365e-06	-5.524010e-10
1.803374459779686e-06	1.411408e-09
1.804631960596163e-06	2.489552e-10
1.807146962229116e-06	9.645893e-10
1.809530056617191e-06	8.888673e-10
1.812320760033406e-06	1.053146e-09
1.815321068893654e-06	8.184086e-10
1.819592197726505e-06	9.606562e-10
1.823466681442879e-06	9.051205e-10
1.828349493942879e-06	1.005603e-09
1.833232306442879e-06	1.004210e-09
1.842997931442879e-06	1.501902e-09
1.845117187500000e-06	-9.981858e-10
1.845761487885759e-06	-4.381396e-10
1.847050088657275e-06	-2.473201e-09
1.847422798456967e-06	-1.452975e-09
1.848509160801233e-06	-1.622690e-09
1.849191046290997e-06	1.418364e-09
1.850000000000000e-06	5.721535e-07
1.850000394996929e-06	5.105516e-07
1.850001184990785e-06	2.817097e-07
1.850001382200314e-06	2.384329e-07
1.850001620711761e-06	2.015758e-07
1.850002097734655e-06	1.472045e-07
1.850003051780444e-06	8.228427e-08
1.850004959872021e-06	2.860293e-08
1.850008776055175e-06	3.369088e-09
1.850013769067621e-06	5.184250e-10
1.850019482098968e-06	8.287738e-10
1.850026757515321e-06	7.977710e-10
1.850037372395559e-06	9.625802e-10
1.850055503682862e-06	1.063725e-09
1.850075461426011e-06	1.077559e-09
1.850103840345479e-06	1.043020e-09
1.850141122527380e-06	1.023621e-09
1.850203641801982e-06	1.012150e-09
1.850288826984140e-06	1.008504e-09
1.850417806865824e-06	1.006456e-09
1.850577938605400e-06	1.005886e-09
1.850792440510868e-06	1.005255e-09
1.851068785822510e-06	1.004880e-09
1.851455989458751e-06	1.004604e-09
1.852038181143146e-06	1.004852e-09
1.852760817506295e-06	1.005064e-09
1.853330549747311e-06	1.005185e-09
1.853950974455477e-06	1.005286e-09
1.854543281954609e-06	1.005245e-09
1.855009627694664e-06	1.005166e-09
1.855575459550120e-06	1.005066e-09
1.856088798111635e-06	1.005031e-09
1.856750997563470e-06	1.005094e-09
1.857462464823572e-06	1.005146e-09
1.858224465499087e-06	1.005184e-09
1.859038060665616e-06	1.005154e-09
1.859909907985312e-06	1.005127e-09
1.860887558596947e-06	1.005112e-09
1.862114336411164e-06	1.005146e-09
1.863426860597958e-06	1.005143e-09
1.864870575268543e-06	1.005143e-09
1.866872100667260e-06	1.005137e-09
1.868838269509777e-06	1.005145e-09
1.871334057211470e-06	1.005134e-09
1.874554235313862e-06	1.005139e-09
1.877893543168396e-06	1.005136e-09
1.882289229711065e-06	1.005139e-09
1.887172042211065e-06	1.005138e-09
1.892054854711066e-06	1.005138e-09
1.896937667211066e-06	1.005138e-09
1.901820479711066e-06	1.005138e-09
1.906703292211066e-06	1.005138e-09
1.911586104711066e-06	1.005138e-09
1.916468917211065e-06	1.005138e-09
1.921351729711065e-06	1.005138e-09
1.926234542211065e-06	1.005138e-09
1.931117354711065e-06	1.005138e-09
1.936000167211065e-06	1.005138e-09
1.940882979711064e-06	1.005137e-09
1.945117187500000e-06	1.005137e-09
1.950000000000000e-06	9.887557e-10
1.950014662455170e-06	9.829503e-10
1.950043987365509e-06	9.581159e-10
1.950051071559836e-06	9.584985e-10
1.950060083974036e-06	9.732735e-10
1.950075016771843e-06	1.002704e-09
1.950089295420770e-06	1.017227e-09
1.950117852718623e-06	1.021063e-09
1.950169515535639e-06	1.015762e-09
1.950219657193783e-06	1.011439e-09
1.950292680360934e-06	1.008522e-09
1.950374144313014e-06	1.006983e-09
1.950492765440459e-06	1.006026e-09
1.950620034948543e-06	1.005567e-09
1.950802886823978e-06	1.005267e-09
1.951019349044184e-06	1.005064e-09
1.951343261007931e-06	1.004925e-09
1.951749233330650e-06	1.004918e-09
1.952319762462922e-06	1.005015e-09
1.952861911305602e-06	1.005085e-09
1.953462879934046e-06	1.005131e-09
1.954068783920945e-06	1.005156e-09
1.954890342729944e-06	1.005158e-09
1.955957256140702e-06	1.005139e-09
1.956949596706691e-06	1.005132e-09
1.958538798872556e-06	1.005140e-09
1.959731098225494e-06	1.005143e-09
1.961084645895987e-06	1.005139e-09
1.962627557701660e-06	1.005137e-09
1.964313891649196e-06	1.005138e-09
1.965841853993950e-06	1.005138e-09
1.968433562666908e-06	1.005138e-09
1.973316375166908e-06	1.005138e-09
1.977962967178740e-06	1.005138e-09
1.982845779678739e-06	1.005138e-09
1.987728592178739e-06	1.005138e-09
1.992611404678739e-06	1.005138e-09
2.000112230810348e-06	1.005138e-09
2.007613056941957e-06	1.005138e-09
2.015113883073565e-06	1.005138e-09
2.022614709205174e-06	1.005138e-09
2.030115535336783e-06	1.005138e-09
2.037616361468392e-06	1.005138e-09
2.045117187600000e-06	1.005138e-09
2.050000000100000e-06	1.005138e-09
2.054882812600000e-06	1.005142e-09
2.055117187600001e-06	1.005140e-09
2.055585937600002e-06	1.005137e-09
2.056523437600005e-06	1.005137e-09
2.058125000099995e-06	1.005138e-09
2.060000000100000e-06	8.989195e-10
2.060004804906352e-06	8.875568e-10
2.060014414519054e-06	9.843543e-10
2.060016782109787e-06	1.060834e-09
2.060019587844045e-06	1.122132e-09
2.060023651715504e-06	1.117280e-09
2.060027927678904e-06	1.092632e-09
2.060035442121186e-06	1.058389e-09
2.060046128671444e-06	1.029507e-09
2.060066064430347e-06	1.010781e-09
2.060105935948152e-06	1.005058e-09
2.060169654240280e-06	1.005451e-09
2.060297090824537e-06	1.005442e-09
2.060551963993049e-06	1.005218e-09
2.060920862078568e-06	1.005155e-09
2.061423634708735e-06	1.005133e-09
2.062279377217104e-06	1.005133e-09
2.063511170513358e-06	1.005133e-09
2.064649262946203e-06	1.005136e-09
2.066721448354495e-06	1.005137e-09
2.069158611488881e-06	1.005138e-09
2.074032937757654e-06	1.005138e-09
2.078915750257653e-06	1.005138e-09
2.083798562757653e-06	1.005138e-09
2.088681375257653e-06	1.005138e-09
2.098447000257653e-06	1.005138e-09
2.103329812757652e-06	1.005138e-09
2.108212625257652e-06	1.005138e-09
2.113095437757652e-06	1.005138e-09
2.122861062757652e-06	1.005138e-09
2.195117187500000e-06	1.005138e-09
2.200000000000000e-06	2.589586e-05
2.200014241429245e-06	2.121416e-05
2.200042724287735e-06	5.984444e-06
2.200049616491581e-06	1.676133e-06
2.200058339763676e-06	-4.019994e-06
2.200074861101484e-06	-5.240086e-06
2.200104037343068e-06	-1.070292e-06
2.200162389826236e-06	-1.359749e-06
2.200279094792571e-06	-6.613375e-07
2.200512504725241e-06	-6.139030e-07
2.200794115739533e-06	-1.051876e-05
2.200846842928417e-06	-8.378772e-06
2.200952297306186e-06	-2.538307e-07
2.201163206061724e-06	-2.836524e-07
2.201215933250608e-06	-1.609399e-07
2.201229115047829e-06	-1.153494e-07
2.201255478642271e-06	-7.825813e-08
2.201262069540882e-06	-7.135296e-08
2.201275251338103e-06	-6.302858e-08
2.201301614932545e-06	-5.164241e-08
2.201354342121429e-06	-3.669887e-08
2.201459796499198e-06	-1.663233e-08
2.201670705254736e-06	9.892647e-09
2.202092522765811e-06	3.707088e-08
2.202882183796006e-06	4.789095e-08
2.203927126294642e-06	3.353252e-08
2.206017011291915e-06	-2.955959e-09
2.208248402555406e-06	-2.108136e-08
2.210843784955426e-06	-1.959124e-08
2.212473210751242e-06	-1.333090e-08
2.214540858781975e-06	-6.023699e-09
2.216889223233560e-06	-1.690426e-09
2.220579777768756e-06	1.128298e-09
2.221138451593598e-06	1.257794e-09
2.222255799243280e-06	1.360160e-09
2.222535136155701e-06	1.741050e-09
2.223093809980543e-06	-2.476311e-07
2.223982388481981e-06	-2.936441e-06
2.224105875004363e-06	-6.863371e-06
2.224352848049127e-06	-3.138544e-05
2.224474982301164e-06	-6.545261e-05
2.224592407237580e-06	-1.299124e-04
2.224735746308106e-06	-2.442016e-04
2.224828687020037e-06	1.654663e-03
2.224955387392854e-06	1.185010e-02
2.224971012855605e-06	1.998821e-02
2.225002263781106e-06	5.556635e-02
2.225010076512482e-06	7.209084e-02
2.225025701975232e-06	1.353685e-01
2.225043941428245e-06	2.511536e-01
2.225046697210958e-06	2.774551e-01
2.225052208776383e-06	3.462037e-01
2.225063231907234e-06	4.997470e-01
2.225076544685426e-06	7.012551e-01
2.225091515432594e-06	9.444338e-01
2.225093541083046e-06	9.812355e-01
2.225097592383951e-06	1.066257e+00
2.225103458086367e-06	1.211438e+00
2.225108685943644e-06	1.373522e+00
2.225115500216696e-06	1.617551e+00
2.225118325945402e-06	1.705549e+00
2.225121012473130e-06	1.755563e+00
2.225124164249599e-06	1.780870e+00
2.225127634562385e-06	1.791269e+00
2.225131312291171e-06	1.795583e+00
2.225136836758123e-06	1.798259e+00
2.225143753758585e-06	1.799232e+00
2.225151138174470e-06	1.799462e+00
2.225161723493282e-06	1.799745e+00
2.225177722395836e-06	1.800042e+00
2.225201076905916e-06	1.800174e+00
2.225232171235094e-06	1.800185e+00
2.225288131856221e-06	1.800179e+00
2.225394782840435e-06	1.800158e+00
2.225608084808861e-06	1.800128e+00
2.225836017205304e-06	1.800103e+00
2.226118090813432e-06	1.800080e+00
2.226414662628883e-06	1.800056e+00
2.226432561119794e-06	1.800058e+00
2.226468358101616e-06	1.800062e+00
2.226539952065260e-06	1.800060e+00
2.226557850556171e-06	1.800060e+00
2.226571274424354e-06	1.800059e+00
2.226573511735718e-06	1.800059e+00
2.226577986358445e-06	1.800059e+00
2.226589172915265e-06	1.800059e+00
2.226593647537992e-06	1.800058e+00
2.226602596783448e-06	1.800058e+00
2.226604834094811e-06	1.800058e+00
2.226609308717539e-06	1.800058e+00
2.226618257962994e-06	1.800058e+00
2.226636156453905e-06	1.800057e+00
2.226671953435727e-06	1.800055e+00
2.226743547399371e-06	1.800051e+00
2.226886735326659e-06	1.800044e+00
2.227173111181235e-06	1.800035e+00
2.227681446444019e-06	1.800025e+00
2.228318273707785e-06	1.800017e+00
2.229568052761109e-06	1.800009e+00
2.231525195485245e-06	1.800003e+00
2.233704879081074e-06	1.800001e+00
2.236659809844475e-06	1.800000e+00
2.240784625833583e-06	1.800000e+00
2.245667438333583e-06	1.800000e+00
2.250550250833582e-06	1.800000e+00
2.255433063333582e-06	1.800000e+00
2.260315875833582e-06	1.800000e+00
2.265198688333582e-06	1.800000e+00
2.270081500833582e-06	1.800000e+00
2.274964313333581e-06	1.800000e+00
2.279847125833581e-06	1.800000e+00
2.284729938333581e-06	1.800000e+00
2.289612750833581e-06	1.800000e+00
2.294495563333581e-06	1.800000e+00
2.296360436132840e-06	1.800000e+00
2.298054592822479e-06	1.800000e+00
2.298776045873358e-06	1.800000e+00
2.300000000100000e-06	1.798788e+00
2.300003089098877e-06	1.799054e+00
2.300009267096631e-06	1.800757e+00
2.300010782318560e-06	1.800739e+00
2.300012650261911e-06	1.800318e+00
2.300015779908329e-06	1.800225e+00
2.300019067635835e-06	1.800201e+00
2.300025643090847e-06	1.800165e+00
2.300038684749214e-06	1.800112e+00
2.300051302381393e-06	1.800079e+00
2.300070425148292e-06	1.800049e+00
2.300093844476592e-06	1.800029e+00
2.300140683133194e-06	1.800011e+00
2.300234360446397e-06	1.800002e+00
2.300418030039352e-06	1.800000e+00
2.300600320477251e-06	1.800000e+00
2.300848646948358e-06	1.800000e+00
2.301130703431216e-06	1.800000e+00
2.301613956148524e-06	1.800000e+00
2.302257475175527e-06	1.800000e+00
2.303201723942131e-06	1.800000e+00
2.304293157836170e-06	1.800000e+00
2.305661862031995e-06	1.800000e+00
2.307000054846147e-06	1.800000e+00
2.308477794095145e-06	1.800000e+00
2.309146458392337e-06	1.800000e+00
2.309665108901126e-06	1.800000e+00
2.310424148677617e-06	1.800000e+00
2.310843918632233e-06	1.800000e+00
2.311263409551007e-06	1.800000e+00
2.311724996319949e-06	1.800000e+00
2.312412298036677e-06	1.800000e+00
2.313161245386821e-06	1.800000e+00
2.314038774035658e-06	1.800000e+00
2.315117453808940e-06	1.800000e+00
2.316726008430497e-06	1.800000e+00
2.319414807977628e-06	1.800000e+00
2.324297620477628e-06	1.800000e+00
2.329180432977627e-06	1.800000e+00
2.334063245477627e-06	1.800000e+00
2.338946057977627e-06	1.800000e+00
2.347423365955253e-06	1.800000e+00
2.350000000000000e-06	1.800000e+00
2.350001192092896e-06	1.800000e+00
2.350003576278687e-06	1.800000e+00
2.350004172061120e-06	1.800000e+00
2.350004888969801e-06	1.800000e+00
2.350006322787162e-06	1.800000e+00
2.350007853870499e-06	1.800000e+00
2.350010916037171e-06	1.800000e+00
2.350017040370516e-06	1.800000e+00
2.350026918344705e-06	1.800000e+00
2.350037715598070e-06	1.800000e+00
2.350053265630156e-06	1.800000e+00
2.350075852139896e-06	1.800000e+00
2.350121025159375e-06	1.800000e+00
2.350211371198333e-06	1.800000e+00
2.350328088737209e-06	1.800000e+00
2.350459457603224e-06	1.800000e+00
2.350671507452461e-06	1.800000e+00
2.350923104121550e-06	1.800000e+00
2.351175239103554e-06	1.800000e+00
2.351393756789451e-06	1.800000e+00
2.351583553377401e-06	1.800000e+00
2.351829760598832e-06	1.800000e+00
2.352058870931900e-06	1.800000e+00
2.352255541767706e-06	1.800000e+00
2.352516197196973e-06	1.800000e+00
2.352794628613204e-06	1.800000e+00
2.353174423689701e-06	1.800000e+00
2.353542868803256e-06	1.800000e+00
2.353993353228465e-06	1.800000e+00
2.354474363006215e-06	1.800000e+00
2.354991861912352e-06	1.800000e+00
2.355598219675019e-06	1.800000e+00
2.356282528045547e-06	1.800000e+00
2.356901675845734e-06	1.800000e+00
2.357567434636048e-06	1.800000e+00
2.358410268064101e-06	1.800000e+00
2.359293524137702e-06	1.800000e+00
2.360169465097464e-06	1.800000e+00
2.361236706945188e-06	1.800000e+00
2.362393027814743e-06	1.800000e+00
2.364012084062566e-06	1.800000e+00
2.365647131081416e-06	1.800000e+00
2.368028532328933e-06	1.800000e+00
2.370267736980057e-06	1.800000e+00
2.373734096802759e-06	1.800000e+00
2.377470580299569e-06	1.800000e+00
2.382330065726361e-06	1.800000e+00
2.387212878226360e-06	1.800000e+00
2.392095690726360e-06	1.800000e+00
2.396978503226360e-06	1.800000e+00
2.401861315726360e-06	1.800000e+00
2.406744128226360e-06	1.800000e+00
2.411626940726359e-06	1.800000e+00
2.416509753226359e-06	1.800000e+00
2.421392565726359e-06	1.800000e+00
2.426275378226359e-06	1.800000e+00
2.431158190726359e-06	1.800000e+00
2.436041003226358e-06	1.800000e+00
2.440923815726358e-06	1.800000e+00
2.445117187500000e-06	1.800000e+00
2.450000000000000e-06	1.800000e+00
2.450013795990560e-06	1.800000e+00
2.450041387971680e-06	1.800000e+00
2.450048095543571e-06	1.800000e+00
2.450056554604772e-06	1.800000e+00
2.450066737761732e-06	1.800000e+00
2.450086035918195e-06	1.800000e+00
2.450109366236342e-06	1.800000e+00
2.450154765408866e-06	1.800000e+00
2.450236910209451e-06	1.800000e+00
2.450401199810622e-06	1.800000e+00
2.450556697834154e-06	1.800000e+00
2.450753923315421e-06	1.800000e+00
2.451001545838077e-06	1.800000e+00
2.451286289728594e-06	1.800000e+00
2.451616038685190e-06	1.800000e+00
2.452106081716077e-06	1.800000e+00
2.452869231276167e-06	1.800000e+00
2.453576408507557e-06	1.800000e+00
2.454453588028357e-06	1.800000e+00
2.455328703134767e-06	1.800000e+00
2.456547281615416e-06	1.800000e+00
2.457594838750458e-06	1.800000e+00
2.458826606867195e-06	1.800000e+00
2.459353784922718e-06	1.800000e+00
2.459789750214710e-06	1.800000e+00
2.460364934136294e-06	1.800000e+00
2.460692712887115e-06	1.800000e+00
2.461077268013703e-06	1.800000e+00
2.461479723773054e-06	1.800000e+00
2.462045608709540e-06	1.800000e+00
2.462714050810298e-06	1.800000e+00
2.463479669626515e-06	1.800000e+00
2.464435992047633e-06	1.800000e+00
2.465668031639126e-06	1.800000e+00
2.467389308399829e-06	1.800000e+00
2.469548749422836e-06	1.800000e+00
2.472056467348773e-06	1.800000e+00
2.475402389768040e-06	1.800000e+00
2.480285202268039e-06	1.800000e+00
2.485168014768039e-06	1.800000e+00
2.494933639768039e-06	1.800000e+00
2.547289154436073e-06	1.800000e+00
2.550000000100000e-06	1.800000e+00
2.554882812600000e-06	1.800000e+00
2.555117187600001e-06	1.800000e+00
2.555585937600002e-06	1.800000e+00
2.556523437600005e-06	1.800000e+00
2.558125000099995e-06	1.800000e+00
2.560000000100000e-06	1.800000e+00
2.560005088338708e-06	1.800000e+00
2.560015264816123e-06	1.800000e+00
2.560017752521376e-06	1.800000e+00
2.560020781415159e-06	1.800000e+00
2.560026839202725e-06	1.800000e+00
2.560032671880113e-06	1.800000e+00
2.560044337234888e-06	1.800000e+00
2.560066276029366e-06	1.800000e+00
2.560090787401234e-06	1.800000e+00
2.560139810144971e-06	1.800000e+00
2.560232558751259e-06	1.800000e+00
2.560418055963835e-06	1.800000e+00
2.560685733555658e-06	1.800000e+00
2.561221088739303e-06	1.800000e+00
2.561742893599807e-06	1.800000e+00
2.562673451891314e-06	1.800000e+00
2.564013113779277e-06	1.800000e+00
2.565454091301233e-06	1.800000e+00
2.567689595548946e-06	1.800000e+00
2.570933780894823e-06	1.800000e+00
2.575816593394823e-06	1.800000e+00
2.585582218394822e-06	1.800000e+00
2.688121280894818e-06	1.800000e+00
2.693004093394818e-06	1.800000e+00
2.695117187500001e-06	1.800000e+00
2.695773811789635e-06	1.800000e+00
2.697087060368904e-06	1.800000e+00
2.697373502841462e-06	1.800000e+00
2.697946387786579e-06	1.800000e+00
2.698854230109767e-06	1.800000e+00
2.700000000000000e-06	1.793688e+00
2.700002933915139e-06	1.794661e+00
2.700008801745417e-06	1.806064e+00
2.700010237490018e-06	1.807793e+00
2.700012018599417e-06	1.804924e+00
2.700014059140626e-06	1.801841e+00
2.700016210031199e-06	1.800974e+00
2.700020511812346e-06	1.800381e+00
2.700029115374641e-06	1.800017e+00
2.700044671521528e-06	1.799937e+00
2.700066488985221e-06	1.799981e+00
2.700092438283881e-06	1.800002e+00
2.700120056188509e-06	1.800008e+00
2.700125100706042e-06	1.800008e+00
2.700126361835424e-06	1.800008e+00
2.700128884094190e-06	1.800008e+00
2.700133298047031e-06	1.800008e+00
2.700138342564563e-06	1.800007e+00
2.700148431599627e-06	1.800007e+00
2.700168609669754e-06	1.800007e+00
2.700208965810010e-06	1.800006e+00
2.700289678090521e-06	1.800005e+00
2.700396137939843e-06	1.800004e+00
2.700520404029282e-06	1.800004e+00
2.700664033763197e-06	1.800003e+00
2.700865829649481e-06	1.800003e+00
2.701174450423787e-06	1.800002e+00
2.701750207919840e-06	1.800001e+00
2.702901722911946e-06	1.800001e+00
2.704517063952678e-06	1.800000e+00
2.706363758618598e-06	1.800000e+00
2.708008962624891e-06	1.800000e+00
2.709767771564774e-06	1.800000e+00
2.711868460044746e-06	1.800000e+00
2.714448039157444e-06	1.800000e+00
2.718191070769254e-06	1.800000e+00
2.723073883269254e-06	1.800000e+00
2.723237119408304e-06	1.800000e+00
2.723563591686404e-06	1.800000e+00
2.724216536242602e-06	1.800003e+00
2.725041362206380e-06	1.800014e+00
2.725082637477621e-06	1.800021e+00
2.725165188020103e-06	1.800047e+00
2.725330289105067e-06	1.797257e+00
2.725429796454702e-06	1.778380e+00
2.725498634911596e-06	1.727624e+00
2.725556284085450e-06	1.655014e+00
2.725596631202255e-06	1.606738e+00
2.725639350568345e-06	1.550388e+00
2.725658690213278e-06	1.484987e+00
2.725685062125932e-06	1.294585e+00
2.725705794081810e-06	1.023042e+00
2.725722883276099e-06	6.679096e-01
2.725739127997391e-06	2.622368e-01
2.725747509255251e-06	9.874620e-02
2.725756036698513e-06	2.408782e-02
2.725765146159196e-06	4.773915e-03
2.725774646216637e-06	2.049344e-03
2.725785591895173e-06	1.297767e-03
2.725807483252244e-06	7.044806e-04
2.725839235342863e-06	4.136347e-04
2.725875302889934e-06	3.005669e-04
2.725915858061311e-06	2.375132e-04
2.725996968404066e-06	1.738417e-04
2.726098579236363e-06	1.139475e-04
2.726174588869384e-06	5.741033e-05
2.726254618706650e-06	2.635429e-06
2.726336400678298e-06	-1.281449e-05
2.726419088578504e-06	-1.060237e-05
2.726496947043938e-06	-9.850696e-06
2.726652663974807e-06	7.112795e-06
2.726665241713681e-06	3.041481e-06
2.726690397191429e-06	-7.481524e-06
2.726740708146926e-06	-6.561143e-06
2.726750758591753e-06	-6.528111e-06
2.726770859481405e-06	-6.545504e-06
2.726788447759851e-06	-6.381643e-06
2.726795985593470e-06	-6.305228e-06
2.726803523427090e-06	-6.230152e-06
2.726811061260710e-06	-6.156414e-06
2.726818599094330e-06	-6.084015e-06
2.726826136927949e-06	-6.012955e-06
2.726833674761569e-06	-5.943233e-06
2.726841212595188e-06	-5.874850e-06
2.726881414374493e-06	-5.522983e-06
2.726961817933104e-06	-4.892529e-06
2.727122625050323e-06	-3.869976e-06
2.727398293581422e-06	-2.598234e-06
2.727686257250649e-06	-1.741535e-06
2.728110297293108e-06	-1.016901e-06
2.728720990979242e-06	-4.623281e-07
2.729491531032107e-06	-1.463856e-07
2.730495367450633e-06	3.176048e-09
2.731890508827221e-06	4.886009e-08
2.733979293294036e-06	2.836147e-08
2.736682671515763e-06	-3.978653e-09
2.740155900774279e-06	-1.463804e-08
2.744378735779118e-06	-1.339499e-08
2.749261548279118e-06	-1.104053e-08
2.754144360779118e-06	-7.997045e-09
2.759027173279118e-06	-5.441705e-09
2.763909985779117e-06	-3.487521e-09
2.768792798279117e-06	-2.087711e-09
2.773675610779117e-06	-1.103623e-09
2.778558423279117e-06	-4.232051e-10
2.783441235779117e-06	4.120038e-11
2.788324048279116e-06	3.580027e-10
2.793206860779116e-06	5.965729e-10
2.795117187600001e-06	6.298633e-10
2.796179346458232e-06	6.600293e-10
2.797875682383539e-06	7.232669e-10
2.800000000100001e-06	-5.433111e-05
2.800006302848718e-06	-2.189112e-05
2.800018908346154e-06	7.679762e-05
2.800021953312163e-06	4.068503e-05
2.800025798432839e-06	-1.136368e-05
2.800033488674191e-06	-2.966067e-06
2.800045378825592e-06	-1.233956e-06
2.800069159128394e-06	-3.329862e-07
2.800101335097482e-06	-1.064497e-07
2.800141860635005e-06	-1.209445e-08
2.800178849875322e-06	-8.353796e-09
2.800227805363907e-06	3.941723e-09
2.800283109295897e-06	-3.984729e-09
2.800363008634880e-06	3.101305e-09
2.800462465455448e-06	-2.245172e-09
2.800640702182555e-06	1.182046e-09
2.800824691427586e-06	-1.701767e-11
2.801078289189449e-06	9.217710e-10
2.801321106582515e-06	-1.768659e-12
2.801713180132388e-06	1.400559e-09
2.802232156399701e-06	5.003878e-10
2.803132569797327e-06	1.140161e-09
2.804253828559126e-06	7.339504e-10
2.806496346082726e-06	1.039128e-09
2.809059105954339e-06	9.890729e-10
2.811806795800747e-06	1.007266e-09
2.814578409300986e-06	9.634833e-10
2.818006224104774e-06	1.015015e-09
2.821635534101558e-06	9.625828e-10
2.826518346601558e-06	1.004874e-09
2.831401159101558e-06	1.004690e-09
2.841166784101557e-06	1.033557e-09
2.845117187500001e-06	1.033690e-09
2.850000000000001e-06	1.690792e-07
2.850001192092896e-06	1.337777e-07
2.850003576278687e-06	1.835667e-08
2.850004172971159e-06	6.111004e-09
2.850004890824439e-06	4.188988e-09
2.850006326530998e-06	2.274724e-09
2.850008230835622e-06	1.299008e-09
2.850012039444870e-06	8.656602e-10
2.850018363418205e-06	7.727536e-10
2.850025412387945e-06	8.272762e-10
2.850035596850705e-06	9.421598e-10
2.850050375539818e-06	1.040185e-09
2.850072317520587e-06	1.065071e-09
2.850097167566058e-06	1.045330e-09
2.850135759682462e-06	1.023037e-09
2.850189249124183e-06	1.013067e-09
2.850277036358113e-06	1.008415e-09
2.850391603055030e-06	1.006617e-09
2.850555363291674e-06	1.005806e-09
2.850750690655014e-06	1.005337e-09
2.851007843396083e-06	1.004888e-09
2.851337710519569e-06	1.004676e-09
2.851859902135217e-06	1.004805e-09
2.852421441629709e-06	1.004987e-09
2.852983197875602e-06	1.005122e-09
2.853504450706240e-06	1.005242e-09
2.854111721149499e-06	1.005293e-09
2.854559975218907e-06	1.005248e-09
2.855114717067803e-06	1.005124e-09
2.855623116869629e-06	1.005058e-09
2.856222248463704e-06	1.005063e-09
2.856863362786170e-06	1.005114e-09
2.857558629543424e-06	1.005166e-09
2.858327283097215e-06	1.005177e-09
2.859080025225673e-06	1.005145e-09
2.859920695678634e-06	1.005117e-09
2.860879206478149e-06	1.005125e-09
2.862047049601958e-06	1.005146e-09
2.863223452774612e-06	1.005145e-09
2.864648368054469e-06	1.005133e-09
2.866125895507359e-06	1.005134e-09
2.868421478594073e-06	1.005140e-09
2.870487516547326e-06	1.005137e-09
2.873392721456611e-06	1.005138e-09
2.876687618092246e-06	1.005139e-09
2.880856431343213e-06	1.005138e-09
2.885739243843213e-06	1.005138e-09
2.890622056343213e-06	1.005138e-09
2.895504868843212e-06	1.005138e-09
2.900387681343212e-06	1.005138e-09
2.905270493843212e-06	1.005138e-09
2.910153306343212e-06	1.005138e-09
2.915036118843212e-06	1.005138e-09
2.919918931343211e-06	1.005138e-09
2.924801743843211e-06	1.005138e-09
2.929684556343211e-06	1.005138e-09
2.934567368843211e-06	1.005138e-09
2.939450181343211e-06	1.005138e-09
2.944332993843210e-06	1.005139e-09
2.945117187500001e-06	1.005138e-09
2.946685574813582e-06	1.005143e-09
2.946863225372839e-06	1.005140e-09
2.947218526491354e-06	1.005136e-09
2.947929128728383e-06	1.005138e-09
2.948578795525942e-06	1.005148e-09
2.948944408162767e-06	1.005135e-09
2.949431891678533e-06	1.005138e-09
2.950000000000001e-06	1.005443e-09
2.950001663872805e-06	1.004893e-09
2.950004991618415e-06	1.002304e-09
2.950005797476801e-06	1.001297e-09
2.950006819201227e-06	9.993328e-10
2.950008862650079e-06	9.940921e-10
2.950012949547784e-06	9.823373e-10
2.950021123343194e-06	9.628462e-10
2.950029849457571e-06	9.546677e-10
2.950042158050082e-06	9.634429e-10
2.950057106143399e-06	9.853904e-10
2.950077542615907e-06	1.008892e-09
2.950102586636225e-06	1.019160e-09
2.950136083878518e-06	1.018163e-09
2.950177404836156e-06	1.013894e-09
2.950232837676425e-06	1.010272e-09
2.950300954088285e-06	1.008052e-09
2.950393396593793e-06	1.006674e-09
2.950526474659163e-06	1.005841e-09
2.950719658771847e-06	1.005370e-09
2.950988181748237e-06	1.005093e-09
2.951390789941752e-06	1.004938e-09
2.951907517248903e-06	1.004955e-09
2.952472819602506e-06	1.005043e-09
2.953082601212828e-06	1.005104e-09
2.953796534530383e-06	1.005145e-09
2.954662376550710e-06	1.005159e-09
2.955644183500638e-06	1.005145e-09
2.956645017442570e-06	1.005134e-09
2.958025054798480e-06	1.005136e-09
2.959862621923658e-06	1.005141e-09
2.961726724787069e-06	1.005139e-09
2.964127300114793e-06	1.005137e-09
2.966699378899064e-06	1.005138e-09
2.969163851627573e-06	1.005138e-09
2.974046664127573e-06	1.005138e-09
2.978929476627572e-06	1.005138e-09
2.983812289127572e-06	1.005138e-09
2.988695101627572e-06	1.005138e-09
2.993577914127572e-06	1.005138e-09
2.998460726627572e-06	1.005138e-09
3.003343539127571e-06	1.005138e-09
3.009311203195061e-06	1.005138e-09
3.015278867262551e-06	1.005138e-09
3.021246531330041e-06	1.005138e-09
3.027214195397531e-06	1.005138e-09
3.033181859465021e-06	1.005138e-09
3.039149523532511e-06	1.005138e-09
3.045117187600001e-06	1.005138e-09
3.050000000100000e-06	1.005138e-09
3.054882812600000e-06	1.005140e-09
3.055117187600001e-06	1.005140e-09
3.055585937600002e-06	1.005137e-09
3.056523437600005e-06	1.005137e-09
3.058125000099995e-06	1.005138e-09
3.060000000100001e-06	8.976102e-10
3.060004837083027e-06	8.870047e-10
3.060014511049080e-06	9.892245e-10
3.060016892476164e-06	1.066806e-09
3.060019723132924e-06	1.127240e-09
3.060023936321374e-06	1.119244e-09
3.060028348320678e-06	1.092365e-09
3.060036219458288e-06	1.056237e-09
3.060047657351483e-06	1.026555e-09
3.060067980372586e-06	1.009397e-09
3.060108626414792e-06	1.004869e-09
3.060174794755870e-06	1.005405e-09
3.060307131438026e-06	1.005382e-09
3.060571804802338e-06	1.005201e-09
3.060946044189376e-06	1.005152e-09
3.061477191135958e-06	1.005133e-09
3.062415703513604e-06	1.005133e-09
3.063575465238673e-06	1.005133e-09
3.064834803752596e-06	1.005136e-09
3.066942793764009e-06	1.005137e-09
3.069326273453445e-06	1.005138e-09
3.074093232832316e-06	1.005138e-09
3.078976045332316e-06	1.005138e-09
3.083858857832316e-06	1.005138e-09
3.088741670332316e-06	1.005138e-09
3.093624482832315e-06	1.005138e-09
3.103390107832315e-06	1.005138e-09
3.108272920332315e-06	1.005138e-09
3.113155732832315e-06	1.005138e-09
3.118038545332314e-06	1.005138e-09
3.195117187500001e-06	1.005138e-09
3.200000000000001e-06	2.499981e-05
3.200014252857137e-06	2.018906e-05
3.200042758571409e-06	5.421672e-06
3.200049655887026e-06	1.516231e-06
3.200058386133615e-06	-3.803643e-06
3.200075206826818e-06	-4.606257e-06
3.200099935088014e-06	-8.777206e-07
3.200149391610407e-06	-1.409456e-06
3.200248304655193e-06	-6.219552e-07
3.200446130744765e-06	-6.590202e-07
3.200715635558167e-06	-3.564590e-07
3.201080725171149e-06	9.492447e-06
3.201152546412484e-06	2.269379e-06
3.201170501722818e-06	-5.740628e-08
3.201206412343486e-06	-1.240964e-07
3.201215389998652e-06	-1.166135e-07
3.201237834136570e-06	-8.903331e-08
3.201246811791737e-06	-7.895152e-08
3.201264767102070e-06	-6.248655e-08
3.201300677722738e-06	-4.269157e-08
3.201372498964073e-06	-2.282181e-08
3.201516141446743e-06	4.092069e-10
3.201803426412083e-06	2.836631e-08
3.202377996342763e-06	5.106060e-08
3.203224163655042e-06	4.858156e-08
3.204705258247898e-06	1.714614e-08
3.206254745878449e-06	-9.545440e-09
3.208417770564548e-06	-2.269088e-08
3.210788173602606e-06	-1.883321e-08
3.212681829939281e-06	-1.121897e-08
3.214734792140352e-06	-4.709272e-09
3.217066482442573e-06	-1.187469e-09
3.220727649405348e-06	5.258221e-10
3.225610461905348e-06	8.267146e-10
3.226220813467848e-06	9.584709e-10
3.227441516592848e-06	1.480905e-09
3.227746692374098e-06	1.883364e-12
3.228357043936598e-06	-3.981413e-07
3.228909004796233e-06	-2.355705e-06
3.229046995011142e-06	-5.563822e-06
3.229322975440960e-06	-2.532146e-05
3.229449655616320e-06	-5.341127e-05
3.229563928396944e-06	-1.072580e-04
3.229719383525480e-06	-2.186821e-04
3.229819068729833e-06	1.090164e-04
3.229933848616563e-06	9.148940e-03
3.229995640744391e-06	3.027090e-02
3.230008169314696e-06	4.501434e-02
3.230033226455308e-06	9.895305e-02
3.230039490740460e-06	1.222047e-01
3.230052019310766e-06	2.074026e-01
3.230072036359625e-06	4.166711e-01
3.230086641080897e-06	6.173177e-01
3.230103912758037e-06	8.884190e-01
3.230106331789777e-06	9.304689e-01
3.230111169853258e-06	1.026201e+00
3.230117200187012e-06	1.165735e+00
3.230122322325725e-06	1.314410e+00
3.230127768794165e-06	1.505085e+00
3.230132213788330e-06	1.662863e+00
3.230134765436419e-06	1.728172e+00
3.230138386951764e-06	1.773236e+00
3.230141543417280e-06	1.788363e+00
3.230145210779934e-06	1.794234e+00
3.230149405477829e-06	1.797301e+00
3.230155480814999e-06	1.798909e+00
3.230163114902558e-06	1.799375e+00
3.230171974599043e-06	1.799605e+00
3.230184565575088e-06	1.799914e+00
3.230203535582130e-06	1.800132e+00
3.230228737489502e-06	1.800184e+00
3.230270596736946e-06	1.800182e+00
3.230354315231835e-06	1.800169e+00
3.230519717394079e-06	1.800142e+00
3.230850521718565e-06	1.800105e+00
3.231205381482522e-06	1.800090e+00
3.231211764262833e-06	1.800086e+00
3.231224529823455e-06	1.800075e+00
3.231227721213611e-06	1.800075e+00
3.231234103993922e-06	1.800075e+00
3.231246869554545e-06	1.800075e+00
3.231258039420089e-06	1.800075e+00
3.231261230810245e-06	1.800075e+00
3.231267613590556e-06	1.800075e+00
3.231280379151178e-06	1.800074e+00
3.231283570541334e-06	1.800074e+00
3.231289953321645e-06	1.800074e+00
3.231302718882268e-06	1.800073e+00
3.231328250003513e-06	1.800071e+00
3.231379312246003e-06	1.800067e+00
3.231481436730983e-06	1.800061e+00
3.231685685700943e-06	1.800051e+00
3.232094183640864e-06	1.800037e+00
3.232618514995176e-06	1.800025e+00
3.232729597942564e-06	1.800023e+00
3.232951763837338e-06	1.800020e+00
3.233007305311032e-06	1.800019e+00
3.233118388258419e-06	1.800018e+00
3.233340554153194e-06	1.800015e+00
3.233396095626888e-06	1.800015e+00
3.233507178574275e-06	1.800014e+00
3.233729344469050e-06	1.800012e+00
3.234173676258600e-06	1.800010e+00
3.235062339837699e-06	1.800006e+00
3.236839666995897e-06	1.800003e+00
3.239707572557550e-06	1.800001e+00
3.243090172485175e-06	1.800000e+00
3.245810207381665e-06	1.800000e+00
3.249513203631868e-06	1.800000e+00
3.250733906756868e-06	1.800000e+00
3.253175313006867e-06	1.800000e+00
3.256951299699121e-06	1.800000e+00
3.261786236398733e-06	1.800000e+00
3.266669048898733e-06	1.800000e+00
3.271551861398733e-06	1.800000e+00
3.276434673898732e-06	1.800000e+00
3.281317486398732e-06	1.800000e+00
3.286200298898732e-06	1.800000e+00
3.291083111398732e-06	1.800000e+00
3.295117187600001e-06	1.800000e+00
3.300000000100000e-06	1.799698e+00
3.300012074587008e-06	1.799840e+00
3.300036223561023e-06	1.800271e+00
3.300042181260544e-06	1.800173e+00
3.300049243352054e-06	1.800052e+00
3.300059329560131e-06	1.800071e+00
3.300069882618070e-06	1.800041e+00
3.300086644012089e-06	1.800038e+00
3.300112320822103e-06	1.800017e+00
3.300147039063093e-06	1.800010e+00
3.300212644851011e-06	1.800002e+00
3.300304988445693e-06	1.800001e+00
3.300474871166637e-06	1.800000e+00
3.300682334007319e-06	1.800000e+00
3.300958637831808e-06	1.800000e+00
3.301308812785925e-06	1.800000e+00
3.301903859293291e-06	1.800000e+00
3.302842926186399e-06	1.800000e+00
3.303886968036504e-06	1.800000e+00
3.305112126851958e-06	1.800000e+00
3.306504955998878e-06	1.800000e+00
3.307800030077174e-06	1.800000e+00
3.309186379462840e-06	1.800000e+00
3.310077039185064e-06	1.800000e+00
3.310603484737627e-06	1.800000e+00
3.311075943702193e-06	1.800000e+00
3.311661530731239e-06	1.800000e+00
3.312008554792730e-06	1.800000e+00
3.312416527947789e-06	1.800000e+00
3.312849072142012e-06	1.800000e+00
3.313454654022467e-06	1.800000e+00
3.314162608352132e-06	1.800000e+00
3.314966210277592e-06	1.800000e+00
3.315969814124117e-06	1.800000e+00
3.317390847923560e-06	1.800000e+00
3.319678979318538e-06	1.800000e+00
3.323651504625106e-06	1.800000e+00
3.328006062557935e-06	1.800000e+00
3.332888875057935e-06	1.800000e+00
3.337771687557935e-06	1.800000e+00
3.342654500057935e-06	1.800000e+00
3.345117187500001e-06	1.800000e+00
3.350000000000001e-06	1.800026e+00
3.350001192092896e-06	1.800020e+00
3.350003576278687e-06	1.800001e+00
3.350004172274677e-06	1.799999e+00
3.350004888948401e-06	1.800000e+00
3.350006322295850e-06	1.800000e+00
3.350007862498557e-06	1.800000e+00
3.350010942903969e-06	1.800000e+00
3.350017103714795e-06	1.800000e+00
3.350026085695374e-06	1.800000e+00
3.350036418282357e-06	1.800000e+00
3.350050632617952e-06	1.800000e+00
3.350072228781600e-06	1.800000e+00
3.350115421108895e-06	1.800000e+00
3.350201805763486e-06	1.800000e+00
3.350327443139675e-06	1.800000e+00
3.350451589739476e-06	1.800000e+00
3.350643153327379e-06	1.800000e+00
3.350855341626329e-06	1.800000e+00
3.351104161989330e-06	1.800000e+00
3.351310692238480e-06	1.800000e+00
3.351500250452226e-06	1.800000e+00
3.351728286850734e-06	1.800000e+00
3.351978520520587e-06	1.800000e+00
3.352171666858852e-06	1.800000e+00
3.352413341517684e-06	1.800000e+00
3.352685513292346e-06	1.800000e+00
3.353043502170600e-06	1.800000e+00
3.353400390272966e-06	1.800000e+00
3.353779151878792e-06	1.800000e+00
3.354203520835754e-06	1.800000e+00
3.354736012386781e-06	1.800000e+00
3.355248489137685e-06	1.800000e+00
3.355820457395948e-06	1.800000e+00
3.356452808407302e-06	1.800000e+00
3.357099686429603e-06	1.800000e+00
3.357883693125961e-06	1.800000e+00
3.358682715988138e-06	1.800000e+00
3.359590684151539e-06	1.800000e+00
3.360633677932848e-06	1.800000e+00
3.361703618756174e-06	1.800000e+00
3.363074681769446e-06	1.800000e+00
3.364589721064302e-06	1.800000e+00
3.366445679396339e-06	1.800000e+00
3.368541300557671e-06	1.800000e+00
3.371457826855939e-06	1.800000e+00
3.374660018649057e-06	1.800000e+00
3.379102984772704e-06	1.800000e+00
3.383985797272704e-06	1.800000e+00
3.388868609772703e-06	1.800000e+00
3.393751422272703e-06	1.800000e+00
3.398634234772703e-06	1.800000e+00
3.403517047272703e-06	1.800000e+00
3.408399859772703e-06	1.800000e+00
3.413282672272703e-06	1.800000e+00
3.418165484772702e-06	1.800000e+00
3.423048297272702e-06	1.800000e+00
3.427931109772702e-06	1.800000e+00
3.432813922272702e-06	1.800000e+00
3.437696734772702e-06	1.800000e+00
3.442579547272701e-06	1.800000e+00
3.445117187500001e-06	1.800000e+00
3.450000000000001e-06	1.800000e+00
3.450012382781730e-06	1.800000e+00
3.450037148345188e-06	1.800000e+00
3.450043258645885e-06	1.800000e+00
3.450050803478841e-06	1.800000e+00
3.450059643409335e-06	1.800000e+00
3.450077323270323e-06	1.800000e+00
3.450098311939442e-06	1.800000e+00
3.450137975097141e-06	1.800000e+00
3.450204084363528e-06	1.800000e+00
3.450336302896302e-06	1.800000e+00
3.450504016473694e-06	1.800000e+00
3.450686333546842e-06	1.800000e+00
3.450909357136892e-06	1.800000e+00
3.451147197892635e-06	1.800000e+00
3.451457613792607e-06	1.800000e+00
3.451830393912931e-06	1.800000e+00
3.452431589753370e-06	1.800000e+00
3.453318450790978e-06	1.800000e+00
3.454254001795737e-06	1.800000e+00
3.455225538111969e-06	1.800000e+00
3.456421807268599e-06	1.800000e+00
3.457266964948222e-06	1.800000e+00
3.458109538551490e-06	1.800000e+00
3.459208627527877e-06	1.800000e+00
3.460161478018509e-06	1.800000e+00
3.460618502208924e-06	1.800000e+00
3.461041601771221e-06	1.800000e+00
3.461519685450632e-06	1.800000e+00
3.461831156790442e-06	1.800000e+00
3.462211156934672e-06	1.800000e+00
3.462666961534632e-06	1.800000e+00
3.463247540794907e-06	1.800000e+00
3.463864849163445e-06	1.800000e+00
3.464665431584837e-06	1.800000e+00
3.465639608291073e-06	1.800000e+00
3.466972418362944e-06	1.800000e+00
3.468832481465427e-06	1.800000e+00
3.471133666549057e-06	1.800000e+00
3.473569853634233e-06	1.800000e+00
3.477389877963532e-06	1.800000e+00
3.482272690463532e-06	1.800000e+00
3.487155502963531e-06	1.800000e+00
3.492038315463531e-06	1.800000e+00
3.496921127963531e-06	1.800000e+00
3.501803940463531e-06	1.800000e+00
3.545117187600000e-06	1.800000e+00
3.550000000100000e-06	1.800000e+00
3.554882812600000e-06	1.800000e+00
3.555117187600001e-06	1.800000e+00
3.555585937600002e-06	1.800000e+00
3.556523437600005e-06	1.800000e+00
3.558125000099995e-06	1.800000e+00
3.560000000100001e-06	1.800000e+00
3.560005153853628e-06	1.800000e+00
3.560015461360882e-06	1.800000e+00
3.560017976690730e-06	1.800000e+00
3.560021058758426e-06	1.800000e+00
3.560027222893818e-06	1.800000e+00
3.560033734719039e-06	1.800000e+00
3.560046758369481e-06	1.800000e+00
3.560072805670365e-06	1.800000e+00
3.560100221716353e-06	1.800000e+00
3.560155053808329e-06	1.800000e+00
3.560264717992280e-06	1.800000e+00
3.560469090508509e-06	1.800000e+00
3.560783138608837e-06	1.800000e+00
3.561295142128897e-06	1.800000e+00
3.561844621255395e-06	1.800000e+00
3.562842084038932e-06	1.800000e+00
3.564218894010478e-06	1.800000e+00
3.565661947579840e-06	1.800000e+00
3.567902272107751e-06	1.800000e+00
3.571278251598890e-06	1.800000e+00
3.576161064098890e-06	1.800000e+00
3.592204590884604e-06	1.800000e+00
3.608248117670317e-06	1.800000e+00
3.624291644456031e-06	1.800000e+00
3.640335171241745e-06	1.800000e+00
3.656378698027459e-06	1.800000e+00
3.672422224813172e-06	1.800000e+00
3.688465751598886e-06	1.800000e+00
3.693348564098885e-06	1.800000e+00
3.695117187500001e-06	1.800000e+00
3.696462753197769e-06	1.800000e+00
3.697308868604464e-06	1.800000e+00
3.698307769186611e-06	1.800000e+00
3.700000000000001e-06	1.795447e+00
3.700004288553343e-06	1.796670e+00
3.700012865660025e-06	1.805744e+00
3.700014970915853e-06	1.805471e+00
3.700017554087091e-06	1.801574e+00
3.700020611638713e-06	1.799877e+00
3.700023914645546e-06	1.799952e+00
3.700028411478867e-06	1.799833e+00
3.700037405145508e-06	1.799892e+00
3.700052727364461e-06	1.799944e+00
3.700076979398207e-06	1.799992e+00
3.700100341371748e-06	1.800032e+00
3.700104579220811e-06	1.800027e+00
3.700113054918938e-06	1.800003e+00
3.700115173843469e-06	1.800003e+00
3.700119411692533e-06	1.800006e+00
3.700120471154798e-06	1.800006e+00
3.700122590079330e-06	1.800006e+00
3.700126827928393e-06	1.800006e+00
3.700135303626520e-06	1.800006e+00
3.700152255022773e-06	1.800006e+00
3.700186157815280e-06	1.800006e+00
3.700253963400294e-06	1.800006e+00
3.700358792579239e-06	1.800005e+00
3.700478096704207e-06	1.800005e+00
3.700613760218445e-06	1.800005e+00
3.700792295522694e-06	1.800004e+00
3.701064463233485e-06	1.800004e+00
3.701534765209492e-06	1.800003e+00
3.702475369161508e-06	1.800001e+00
3.704356577065540e-06	1.800000e+00
3.706126711957411e-06	1.800000e+00
3.708300269288206e-06	1.800000e+00
3.709727878796721e-06	1.800000e+00
3.711668683113784e-06	1.800000e+00
3.713804295654579e-06	1.800000e+00
3.714247422961402e-06	1.800000e+00
3.715133677575047e-06	1.800000e+00
3.716145199193612e-06	1.800003e+00
3.717128386103328e-06	1.800013e+00
3.717155776897852e-06	1.800018e+00
3.717210558486899e-06	1.800039e+00
3.717320121664994e-06	1.799934e+00
3.717445972129464e-06	1.789976e+00
3.717560981954803e-06	1.738983e+00
3.717626418026554e-06	1.667915e+00
3.717685137150677e-06	1.579092e+00
3.717745392618433e-06	1.450784e+00
3.717769155267518e-06	1.320096e+00
3.717791398304447e-06	1.048084e+00
3.717805890437778e-06	7.393152e-01
3.717820865335861e-06	3.277178e-01
3.717829113006401e-06	1.319761e-01
3.717836300244227e-06	4.061075e-02
3.717844715674399e-06	8.061337e-03
3.717852647637180e-06	2.397630e-03
3.717861922617521e-06	1.485716e-03
3.717879385353345e-06	8.567933e-04
3.717910483553204e-06	4.659444e-04
3.717943413963619e-06	3.276088e-04
3.717981978831893e-06	2.545495e-04
3.718038792913289e-06	1.967689e-04
3.718124302475583e-06	1.450279e-04
3.718217845595331e-06	8.688055e-05
3.718285912005883e-06	3.196431e-05
3.718370942969680e-06	-9.659636e-06
3.718425382093163e-06	-1.347330e-05
3.718505867424969e-06	-1.070457e-05
3.718612393142300e-06	-9.385190e-06
3.718803063680928e-06	-7.254242e-06
3.719128208196124e-06	-4.552603e-06
3.719441847360014e-06	-1.881056e-05
3.719460095879625e-06	-1.397027e-05
3.719496592918847e-06	-2.244846e-06
3.719505717178652e-06	-2.259819e-06
3.719523965698263e-06	-2.366037e-06
3.719537652087971e-06	-2.324098e-06
3.719547102214198e-06	-2.295330e-06
3.719556552340425e-06	-2.266614e-06
3.719566002466653e-06	-2.237949e-06
3.719575452592879e-06	-2.209334e-06
3.719584902719106e-06	-2.180770e-06
3.719594352845334e-06	-2.152258e-06
3.719603802971561e-06	-2.123796e-06
3.719640300010782e-06	-2.021002e-06
3.719713294089225e-06	-1.834210e-06
3.719859282246112e-06	-1.521320e-06
3.720151258559885e-06	-1.040343e-06
3.720444855409090e-06	-7.071762e-07
3.720898052108557e-06	-4.005922e-07
3.721538410289837e-06	-1.813619e-07
3.722785067394952e-06	-1.840488e-08
3.724102106559289e-06	2.795688e-08
3.726448221067946e-06	2.259145e-08
3.729448172129386e-06	2.238013e-09
3.733340994266581e-06	-7.852845e-09
3.737941662568146e-06	-6.264324e-09
3.742824475068146e-06	-4.243888e-09
3.747707287568146e-06	-2.779740e-09
3.752590100068146e-06	-1.625687e-09
3.757472912568146e-06	-8.392212e-10
3.762355725068145e-06	-2.511212e-10
3.767238537568145e-06	1.374456e-10
3.772121350068145e-06	4.204672e-10
3.777004162568145e-06	6.046246e-10
3.781886975068145e-06	7.367203e-10
3.786769787568144e-06	8.220876e-10
3.791652600068144e-06	8.833492e-10
3.795117187600001e-06	9.123021e-10
3.800000000100000e-06	-2.939257e-05
3.800009536843164e-06	-8.626212e-06
3.800028610329493e-06	2.842419e-05
3.800033397537233e-06	1.282814e-06
3.800039116770746e-06	-1.994292e-05
3.800050555237772e-06	-9.315088e-07
3.800067778289298e-06	-1.118577e-06
3.800102224392349e-06	-4.328051e-08
3.800137543661879e-06	-1.607130e-07
3.800185599398163e-06	1.407636e-08
3.800233340571601e-06	-9.792003e-08
3.800304428763298e-06	2.796072e-08
3.800386091218578e-06	-5.913008e-08
3.800527247956453e-06	3.586394e-08
3.800784085911452e-06	4.591881e-09
3.801017513629555e-06	1.018145e-08
3.801309908036487e-06	-5.161267e-09
3.801663740029202e-06	1.458749e-08
3.802350488810405e-06	6.140338e-10
3.803054301150650e-06	7.151714e-09
3.804323107602371e-06	-7.906065e-10
3.805984498541987e-06	2.540040e-09
3.808242214324826e-06	8.064074e-10
3.810611737558805e-06	2.194248e-09
3.813965350414490e-06	9.850980e-10
3.817346880412190e-06	1.551391e-09
3.821531016799700e-06	6.851176e-10
3.826413829299699e-06	1.011756e-09
3.831296641799699e-06	1.009653e-09
3.845117187500001e-06	1.406360e-09
3.850000000000000e-06	2.675259e-06
3.850001192092896e-06	2.112532e-06
3.850003576278687e-06	2.730477e-07
3.850004173320185e-06	7.814726e-08
3.850004891025755e-06	4.836961e-08
3.850006326436894e-06	1.987099e-08
3.850008343969150e-06	5.821198e-09
3.850012379033662e-06	1.117717e-09
3.850019009929241e-06	7.590035e-10
3.850026541737551e-06	9.071521e-10
3.850037450893487e-06	9.651581e-10
3.850053791108958e-06	1.026596e-09
3.850077812151744e-06	1.034393e-09
3.850106210896044e-06	1.026139e-09
3.850150286783014e-06	1.014317e-09
3.850213160057206e-06	1.009843e-09
3.850313762062639e-06	1.006872e-09
3.850445225022573e-06	1.006031e-09
3.850630946814108e-06	1.005364e-09
3.850864021749204e-06	1.005112e-09
3.851201043477563e-06	1.004780e-09
3.851798211097364e-06	1.004868e-09
3.852254897539964e-06	1.005010e-09
3.852662547464342e-06	1.005102e-09
3.853118785864159e-06	1.005222e-09
3.853513368528653e-06	1.005259e-09
3.853860731485968e-06	1.005250e-09
3.854297087461822e-06	1.005207e-09
3.854716811071700e-06	1.005103e-09
3.855417954545765e-06	1.005067e-09
3.855984972240051e-06	1.005082e-09
3.856599612491021e-06	1.005124e-09
3.857172719342151e-06	1.005154e-09
3.857810199436261e-06	1.005167e-09
3.858431412336841e-06	1.005143e-09
3.859141305309763e-06	1.005144e-09
3.860128704051812e-06	1.005125e-09
3.861165380420821e-06	1.005138e-09
3.862123811597940e-06	1.005136e-09
3.863433986740560e-06	1.005136e-09
3.864672723519907e-06	1.005122e-09
3.866884737551489e-06	1.005138e-09
3.868901291849868e-06	1.005132e-09
3.872416711780735e-06	1.005139e-09
3.876399661771227e-06	1.005137e-09
3.881282474271227e-06	1.005138e-09
3.886165286771227e-06	1.005138e-09
3.891048099271226e-06	1.005138e-09
3.895930911771226e-06	1.005138e-09
3.900813724271226e-06	1.005138e-09
3.905696536771226e-06	1.005138e-09
3.910579349271226e-06	1.005138e-09
3.915462161771226e-06	1.005138e-09
3.920344974271225e-06	1.005138e-09
3.925227786771225e-06	1.005138e-09
3.930110599271225e-06	1.005138e-09
3.934993411771225e-06	1.005138e-09
3.939876224271225e-06	1.005138e-09
3.944759036771224e-06	1.005224e-09
3.945117187500000e-06	1.005184e-09
3.945833488957553e-06	1.005115e-09
3.947266091872658e-06	1.005149e-09
3.950000000000000e-06	1.008135e-09
3.950007616342226e-06	1.001117e-09
3.950022849026678e-06	9.749562e-10
3.950026564081616e-06	9.699025e-10
3.950031226084450e-06	9.675767e-10
3.950040550090118e-06	9.733174e-10
3.950057755624936e-06	9.918819e-10
3.950079079497564e-06	1.008328e-09
3.950103909093829e-06	1.014836e-09
3.950133916134889e-06	1.014379e-09
3.950174801125867e-06	1.011689e-09
3.950229314683703e-06	1.009164e-09
3.950302452229630e-06	1.007367e-09
3.950397848584021e-06	1.006271e-09
3.950525086283016e-06	1.005650e-09
3.950694404464860e-06	1.005319e-09
3.950933674887036e-06	1.005117e-09
3.951308114352141e-06	1.004996e-09
3.951923041382867e-06	1.005001e-09
3.952538178732036e-06	1.005066e-09
3.953179762562761e-06	1.005114e-09
3.953919843070125e-06	1.005145e-09
3.955055166677092e-06	1.005157e-09
3.956184766272716e-06	1.005143e-09
3.957255378893979e-06	1.005133e-09
3.958775359367753e-06	1.005137e-09
3.960589121372324e-06	1.005140e-09
3.962819773905365e-06	1.005138e-09
3.965550378580007e-06	1.005138e-09
3.968934543345296e-06	1.005138e-09
3.973817355845296e-06	1.005138e-09
3.978700168345296e-06	1.005138e-09
3.983582980845296e-06	1.005138e-09
3.988465793345295e-06	1.005138e-09
3.998231418345295e-06	1.005138e-09
4.045117187600000e-06	1.005138e-09
4.050000000100000e-06	1.005138e-09
4.054882812600000e-06	1.005144e-09
4.055117187600000e-06	1.005142e-09
4.055585937600001e-06	1.005137e-09
4.056523437600002e-06	1.005137e-09
4.058125000099998e-06	1.005139e-09
4.060000000100000e-06	8.928265e-10
4.060004953159605e-06	8.848011e-10
4.060014859278817e-06	1.006041e-09
4.060017289834704e-06	1.087353e-09
4.060020211748450e-06	1.144468e-09
4.060025060675534e-06	1.123855e-09
4.060030047558498e-06	1.089044e-09
4.060039522020105e-06	1.047118e-09
4.060054591677727e-06	1.016132e-09
4.060076426851012e-06	1.005307e-09
4.060120097197585e-06	1.004512e-09
4.060199215440864e-06	1.005258e-09
4.060357451927424e-06	1.005218e-09
4.060661289742277e-06	1.005163e-09
4.061072286101623e-06	1.005141e-09
4.061740953893074e-06	1.005134e-09
4.062744950646787e-06	1.005133e-09
4.063941447382117e-06	1.005135e-09
4.065483817205537e-06	1.005136e-09
4.066928254602964e-06	1.005137e-09
4.069577219718800e-06	1.005138e-09
4.072172996233035e-06	1.005138e-09
4.077055808733035e-06	1.005138e-09
4.081938621233035e-06	1.005138e-09
4.086821433733035e-06	1.005138e-09
4.091704246233035e-06	1.005138e-09
4.189360496233031e-06	1.005138e-09
4.194243308733030e-06	1.005139e-09
4.196864945033941e-06	1.005138e-09
4.200000000000000e-06	3.043871e-05
4.200009245762591e-06	2.332465e-05
4.200027737287773e-06	1.149854e-05
4.200032206622951e-06	1.436941e-05
4.200037871742470e-06	9.496968e-06
4.200049201981507e-06	-3.847371e-06
4.200065676902999e-06	-1.372490e-06
4.200097823484788e-06	-1.512810e-06
4.200139704165381e-06	-4.573300e-07
4.200223465526569e-06	-7.390208e-07
4.200390988248944e-06	-4.425716e-07
4.200659617391592e-06	-3.273707e-07
4.200978257611352e-06	-1.350747e-07
4.201489585598847e-06	-5.986127e-08
4.202496120425244e-06	4.232156e-08
4.204122411714535e-06	7.047994e-06
4.204389280259188e-06	1.672318e-06
4.204455997395351e-06	3.386599e-08
4.204589431667678e-06	2.164885e-08
4.204622790235759e-06	2.357399e-08
4.204706186655963e-06	3.117142e-08
4.204806262360208e-06	3.112068e-08
4.204939696632535e-06	2.817693e-08
4.205206565177187e-06	2.071711e-08
4.205740302266493e-06	8.506791e-09
4.206807776445104e-06	-6.680031e-09
4.208942724802327e-06	-2.006554e-08
4.211124075730308e-06	-2.056574e-08
4.213830546108266e-06	-1.306503e-08
4.217300912519923e-06	-4.409854e-09
4.220505678483727e-06	-2.268077e-09
4.223900783209283e-06	2.665811e-09
4.224402304398874e-06	1.003072e-08
4.224527684696272e-06	1.084416e-08
4.224603808448264e-06	9.960433e-09
4.224679932200256e-06	8.990205e-09
4.224756055952247e-06	7.933480e-09
4.224832179704239e-06	6.790257e-09
4.224908303456231e-06	5.560537e-09
4.224984427208222e-06	4.244318e-09
4.225060550960214e-06	2.841603e-09
4.225436691852408e-06	-1.091306e-08
4.225938213041999e-06	-1.694608e-08
4.226941255421182e-06	-1.576966e-08
4.228947340179549e-06	-1.309131e-08
4.232959509696281e-06	-1.109496e-08
4.237842322196281e-06	-8.150993e-09
4.242725134696281e-06	-5.527855e-09
4.247607947196280e-06	-3.592301e-09
4.252490759696280e-06	-2.182825e-09
4.257373572196280e-06	-1.195424e-09
4.262256384696280e-06	-5.027360e-10
4.267139197196280e-06	-2.580572e-11
4.272022009696279e-06	3.032030e-10
4.276904822196279e-06	5.278069e-10
4.281787634696279e-06	6.812290e-10
4.286670447196279e-06	7.855425e-10
4.291553259696279e-06	8.580063e-10
4.295117187600000e-06	8.947214e-10
4.300000000100000e-06	-2.937571e-05
4.300009536843164e-06	-8.616005e-06
4.300028610329492e-06	2.838496e-05
4.300033397739698e-06	1.170114e-06
4.300039097479753e-06	-2.000694e-05
4.300050496959863e-06	-1.251348e-06
4.300063472818764e-06	-1.387000e-06
4.300089424536568e-06	-3.016060e-08
4.300118308109380e-06	-1.824027e-07
4.300156139803867e-06	-1.383413e-10
4.300191981878966e-06	-8.994624e-08
4.300241041170847e-06	2.031189e-08
4.300293043992208e-06	-5.094813e-08
4.300367535962730e-06	1.590862e-08
4.300452107329018e-06	-3.067699e-08
4.300585491653705e-06	1.780398e-08
4.300782901051796e-06	4.455390e-10
4.300981049680507e-06	1.001762e-08
4.301254522853501e-06	3.079201e-09
4.301502309606497e-06	9.502089e-09
4.301879741950105e-06	-1.308004e-09
4.302319618191706e-06	7.089624e-09
4.303126443572568e-06	-1.131994e-09
4.304272069760785e-06	3.528801e-09
4.306563322137219e-06	4.449907e-10
4.309513232960052e-06	1.006143e-09
4.312458880870805e-06	1.305841e-09
4.315009721704717e-06	9.061215e-10
4.317447728239814e-06	3.077023e-10
4.320922753186559e-06	9.320242e-10
4.324242698099197e-06	4.584927e-10
4.329125510599197e-06	1.007834e-09
4.338891135599197e-06	1.007777e-09
4.343773948099197e-06	4.046862e-09
4.347313521198392e-06	5.339736e-10
4.350000000000001e-06	-1.588790e-06
4.350001192092897e-06	-1.254555e-06
4.350003576278688e-06	-1.607765e-07
4.350004172130132e-06	-4.509799e-08
4.350004890919644e-06	-2.739339e-08
4.350006328498669e-06	-1.026303e-08
4.350008122883172e-06	-2.483497e-09
4.350011711652179e-06	2.555874e-10
4.350017986682773e-06	5.671153e-10
4.350024864224872e-06	6.072658e-10
4.350034982643022e-06	8.645038e-10
4.350049298374993e-06	1.088705e-09
4.350068866326117e-06	1.148534e-09
4.350091070649729e-06	1.097774e-09
4.350123954470116e-06	1.045541e-09
4.350169006916106e-06	1.021656e-09
4.350240142501066e-06	1.012029e-09
4.350337571678581e-06	1.008144e-09
4.350482456512213e-06	1.006624e-09
4.350643099541784e-06	1.006001e-09
4.350844899876063e-06	1.005523e-09
4.351058866046142e-06	1.005002e-09
4.351355215965637e-06	1.004617e-09
4.351908766470520e-06	1.004655e-09
4.352495948210758e-06	1.004985e-09
4.353090659989500e-06	1.005095e-09
4.353692017125701e-06	1.005155e-09
4.354781085844366e-06	1.005181e-09
4.355965056297963e-06	1.005143e-09
4.357067245395736e-06	1.005123e-09
4.357961045913929e-06	1.005132e-09
4.359283725978531e-06	1.005142e-09
4.360582301390050e-06	1.005143e-09
4.362657037595823e-06	1.005138e-09
4.364819883048606e-06	1.005138e-09
4.366975002468501e-06	1.005139e-09
4.369581347142791e-06	1.005139e-09
4.372506101013215e-06	1.005138e-09
4.377388913513214e-06	1.005139e-09
4.382271726013214e-06	1.005139e-09
4.387154538513214e-06	1.005139e-09
4.392037351013214e-06	1.005139e-09
4.396920163513214e-06	1.005138e-09
4.401802976013213e-06	1.005139e-09
4.445117187500001e-06	1.005139e-09
4.450000000000001e-06	1.001225e-09
4.450014416678467e-06	9.929807e-10
4.450043250035400e-06	9.603655e-10
4.450050235422966e-06	9.565889e-10
4.450059084891123e-06	9.642218e-10
4.450072065419957e-06	9.876211e-10
4.450085337233459e-06	1.005882e-09
4.450111880860463e-06	1.017934e-09
4.450164968114469e-06	1.017164e-09
4.450228119672406e-06	1.012009e-09
4.450308615050974e-06	1.008655e-09
4.450398016279709e-06	1.007062e-09
4.450522315422241e-06	1.006102e-09
4.450679484833308e-06	1.005505e-09
4.450708589905543e-06	1.005449e-09
4.450766800050013e-06	1.005387e-09
4.450883220338953e-06	1.005246e-09
4.451116060916832e-06	1.005047e-09
4.451497175422256e-06	1.004899e-09
4.451923154096495e-06	1.004918e-09
4.452406454785396e-06	1.005009e-09
4.452958362862594e-06	1.005081e-09
4.453630315932375e-06	1.005133e-09
4.454369818789150e-06	1.005164e-09
4.455072242460798e-06	1.005164e-09
4.455861846026056e-06	1.005145e-09
4.456920032858506e-06	1.005131e-09
4.458292528192618e-06	1.005136e-09
4.459533019665737e-06	1.005142e-09
4.460817445185123e-06	1.005141e-09
4.462275502323598e-06	1.005138e-09
4.463748809139410e-06	1.005138e-09
4.465815452611311e-06	1.005139e-09
4.467749737908481e-06	1.005139e-09
4.471618308502821e-06	1.005139e-09
4.476501121002821e-06	1.005139e-09
4.481383933502821e-06	1.005139e-09
4.486266746002821e-06	1.005139e-09
4.491149558502820e-06	1.005139e-09
4.496032371002820e-06	1.005138e-09
4.500915183502820e-06	1.005139e-09
4.505797996002820e-06	1.005139e-09
4.510680808502820e-06	1.005139e-09
4.515563621002819e-06	1.005139e-09
4.525329246002819e-06	1.005139e-09
4.547946467322542e-06	1.005139e-09
4.550000000100000e-06	1.005137e-09
4.550496669089509e-06	1.005142e-09
4.550723875147893e-06	1.005143e-09
4.550881584744348e-06	1.005139e-09
4.551068958269472e-06	1.005137e-09
4.551443705319721e-06	1.005139e-09
4.552193199420219e-06	1.005138e-09
4.553692187621214e-06	1.005139e-09
4.556690164023204e-06	1.005139e-09
4.560000000100000e-06	9.295599e-10
4.560008136753984e-06	9.364867e-10
4.560024410061951e-06	1.064269e-09
4.560028440297884e-06	1.103166e-09
4.560033070446079e-06	1.096293e-09
4.560039591452741e-06	1.054495e-09
4.560046430081949e-06	1.032654e-09
4.560056982941700e-06	1.017703e-09
4.560070600681953e-06	1.009789e-09
4.560091259032775e-06	1.007189e-09
4.560128803183425e-06	1.006452e-09
4.560197609219061e-06	1.006258e-09
4.560335221290331e-06	1.005708e-09
4.560610445432872e-06	1.005299e-09
4.560962732902315e-06	1.005159e-09
4.561407168313259e-06	1.005137e-09
4.562153815951602e-06	1.005128e-09
4.563141229282175e-06	1.005130e-09
4.564137343924473e-06	1.005132e-09
4.565789409972040e-06	1.005136e-09
4.568845847209946e-06	1.005138e-09
4.573728659709946e-06	1.005139e-09
4.578611472209945e-06	1.005139e-09
4.583494284709945e-06	1.005139e-09
4.588377097209945e-06	1.005139e-09
4.695117187500001e-06	1.005138e-09
4.700000000000001e-06	3.941446e-05
4.700009536743164e-06	3.548594e-05
4.700028610229493e-06	2.751844e-05
4.700033396506989e-06	2.776146e-05
4.700039146437175e-06	1.676179e-05
4.700047258462094e-06	1.806216e-06
4.700057098854307e-06	7.808355e-07
4.700076779638735e-06	-5.499458e-06
4.700097534781179e-06	-2.258392e-05
4.700131558619038e-06	-1.011549e-04
4.700164730036644e-06	-2.622774e-04
4.700198425361591e-06	-5.682680e-04
4.700234783854086e-06	-1.063169e-03
4.700239936813940e-06	-1.168507e-03
4.700250242733647e-06	-1.346104e-03
4.700270854573060e-06	-8.074916e-04
4.700276007532914e-06	2.485564e-03
4.700286313452621e-06	2.593173e-02
4.700293184907058e-06	7.415130e-02
4.700300095945602e-06	1.708528e-01
4.700301378502558e-06	2.008380e-01
4.700303943616469e-06	2.798868e-01
4.700304584894946e-06	3.025627e-01
4.700305867451902e-06	3.546692e-01
4.700308432565814e-06	4.710843e-01
4.700312807329919e-06	6.931409e-01
4.700317355929277e-06	9.450737e-01
4.700323929419543e-06	1.309543e+00
4.700329998951323e-06	1.604173e+00
4.700332917399432e-06	1.700622e+00
4.700336492766253e-06	1.758192e+00
4.700340126249990e-06	1.781839e+00
4.700343531199439e-06	1.789877e+00
4.700347942014881e-06	1.794484e+00
4.700353410905712e-06	1.797708e+00
4.700359839744515e-06	1.799456e+00
4.700366438460247e-06	1.799713e+00
4.700374380426752e-06	1.799619e+00
4.700384712904986e-06	1.799819e+00
4.700397295502706e-06	1.800048e+00
4.700418029320771e-06	1.800163e+00
4.700445848860736e-06	1.800178e+00
4.700498856187262e-06	1.800176e+00
4.700578144056673e-06	1.800161e+00
4.700736719795494e-06	1.800139e+00
4.701031405007770e-06	1.800091e+00
4.701095367296448e-06	1.800087e+00
4.701223291873807e-06	1.800088e+00
4.701479141028522e-06	1.800071e+00
4.701523325829293e-06	1.800069e+00
4.701611695430835e-06	1.800064e+00
4.701689018832184e-06	1.800061e+00
4.701727680532859e-06	1.800059e+00
4.701755296033341e-06	1.800058e+00
4.701766342233533e-06	1.800058e+00
4.701788434633919e-06	1.800057e+00
4.701832619434690e-06	1.800055e+00
4.701920989036232e-06	1.800051e+00
4.702097728239317e-06	1.800044e+00
4.702451206645485e-06	1.800035e+00
4.703158163457823e-06	1.800022e+00
4.703888466387078e-06	1.800014e+00
4.704795854069547e-06	1.800009e+00
4.705977723225178e-06	1.800005e+00
4.707904697066881e-06	1.800002e+00
4.710789709953483e-06	1.800001e+00
4.715171847992719e-06	1.800000e+00
4.720054660492718e-06	1.800000e+00
4.724937472992718e-06	1.800000e+00
4.729820285492718e-06	1.800000e+00
4.739585910492718e-06	1.800000e+00
4.754234347992717e-06	1.800000e+00
4.768882785492716e-06	1.800000e+00
4.783531222992716e-06	1.800000e+00
4.798715822513185e-06	1.800000e+00
4.800000000100000e-06	1.798827e+00
4.800003230100279e-06	1.799086e+00
4.800009690100836e-06	1.800718e+00
4.800011275954497e-06	1.800687e+00
4.800013227203218e-06	1.800274e+00
4.800016557113854e-06	1.800193e+00
4.800020036102958e-06	1.800170e+00
4.800026994081165e-06	1.800139e+00
4.800040910037580e-06	1.800093e+00
4.800056421178232e-06	1.800061e+00
4.800078558395682e-06	1.800036e+00
4.800107915755420e-06	1.800018e+00
4.800166630474896e-06	1.800006e+00
4.800284059913849e-06	1.800000e+00
4.800518918791753e-06	1.800000e+00
4.800807738624050e-06	1.800000e+00
4.801126112668063e-06	1.800000e+00
4.801495134998649e-06	1.800000e+00
4.801961438478422e-06	1.800000e+00
4.802602560651310e-06	1.800000e+00
4.803765843254397e-06	1.800000e+00
4.804978393567234e-06	1.800000e+00
4.806188039546963e-06	1.800000e+00
4.806961405321302e-06	1.800000e+00
4.807711539813940e-06	1.800000e+00
4.808572977778298e-06	1.800000e+00
4.809717054376368e-06	1.800000e+00
4.811105941834513e-06	1.800000e+00
4.812653587870274e-06	1.800000e+00
4.814927966571857e-06	1.800000e+00
4.819012081840746e-06	1.800000e+00
4.823894894340746e-06	1.800000e+00
4.828777706840746e-06	1.800000e+00
4.833660519340746e-06	1.800000e+00
4.849572085234300e-06	1.800000e+00
4.850000000000001e-06	1.800000e+00
4.850001088013074e-06	1.800000e+00
4.850003264039220e-06	1.800000e+00
4.850003797325208e-06	1.800000e+00
4.850004459506913e-06	1.800000e+00
4.850005783870324e-06	1.800000e+00
4.850007339480585e-06	1.800000e+00
4.850010450701107e-06	1.800000e+00
4.850016673142150e-06	1.800000e+00
4.850029118024236e-06	1.800000e+00
4.850048560231592e-06	1.800000e+00
4.850072948216516e-06	1.800000e+00
4.850113098324725e-06	1.800000e+00
4.850193398541142e-06	1.800000e+00
4.850308776256776e-06	1.800000e+00
4.850457749210166e-06	1.800000e+00
4.850700369786976e-06	1.800000e+00
4.850968758116772e-06	1.800000e+00
4.851284884532532e-06	1.800000e+00
4.851729976122137e-06	1.800000e+00
4.852271389617374e-06	1.800000e+00
4.852740359691867e-06	1.800000e+00
4.853268269080568e-06	1.800000e+00
4.853749954829416e-06	1.800000e+00
4.854252712555267e-06	1.800000e+00
4.854875310612486e-06	1.800000e+00
4.855483307674632e-06	1.800000e+00
4.856170691424735e-06	1.800000e+00
4.856904363274933e-06	1.800000e+00
4.857638562546341e-06	1.800000e+00
4.858458194349958e-06	1.800000e+00
4.859320323594112e-06	1.800000e+00
4.860357835798325e-06	1.800000e+00
4.861462163080762e-06	1.800000e+00
4.862723257576000e-06	1.800000e+00
4.864138469191866e-06	1.800000e+00
4.865724800569794e-06	1.800000e+00
4.867667397880707e-06	1.800000e+00
4.869924900727099e-06	1.800000e+00
4.872762253595509e-06	1.800000e+00
4.876508449475444e-06	1.800000e+00
4.880768175815789e-06	1.800000e+00
4.885650988315788e-06	1.800000e+00
4.890533800815788e-06	1.800000e+00
4.895416613315788e-06	1.800000e+00
4.900299425815788e-06	1.800000e+00
4.905182238315788e-06	1.800000e+00
4.910065050815787e-06	1.800000e+00
4.914947863315787e-06	1.800000e+00
4.919830675815787e-06	1.800000e+00
4.924713488315787e-06	1.800000e+00
4.929596300815787e-06	1.800000e+00
4.934479113315786e-06	1.800000e+00
4.939361925815786e-06	1.800000e+00
4.944244738315786e-06	1.800000e+00
4.945117187500001e-06	1.800000e+00
4.946862085868431e-06	1.800000e+00
4.950000000000001e-06	1.800000e+00
4.950736462471510e-06	1.800000e+00
4.950756070497864e-06	1.800000e+00
4.950795286550572e-06	1.800000e+00
4.950873718655986e-06	1.800000e+00
4.951013747627460e-06	1.800000e+00
4.951193489366291e-06	1.800000e+00
4.951491841530477e-06	1.800000e+00
4.951814578832385e-06	1.800000e+00
4.952266804474966e-06	1.800000e+00
4.953007726477477e-06	1.800000e+00
4.953976751574395e-06	1.800000e+00
4.955041277617177e-06	1.800000e+00
4.956504173375407e-06	1.800000e+00
4.957450106648798e-06	1.800000e+00
4.958356511308261e-06	1.800000e+00
4.959406129252348e-06	1.800000e+00
4.960721987940259e-06	1.800000e+00
4.962370992934516e-06	1.800000e+00
4.964153971064171e-06	1.800000e+00
4.966457668132971e-06	1.800000e+00
4.969692002917682e-06	1.800000e+00
4.974574815417682e-06	1.800000e+00
4.979457627917681e-06	1.800000e+00
4.984340440417681e-06	1.800000e+00
4.989223252917681e-06	1.800000e+00
4.994106065417681e-06	1.800000e+00
4.997139431664640e-06	1.800000e+00
5.000000000000000e-06	1.800000e+00
