time	V(comp_out)
0.000000000000000e+00	1.005148e-09
1.999999967550318e-17	1.005150e-09
2.775942422421549e-17	1.005151e-09
4.327827332164010e-17	1.005152e-09
7.431597151648932e-17	1.005156e-09
1.000000000000000e-16	1.005159e-09
1.010000000000000e-16	1.005159e-09
1.498972857142858e-13	1.018730e-09
2.996935714285716e-13	1.030787e-09
4.494898571428574e-13	1.041330e-09
5.992861428571432e-13	1.050359e-09
7.490824285714290e-13	1.057875e-09
8.988787142857148e-13	1.063877e-09
1.048675000000000e-12	1.068365e-09
2.097251000000000e-12	1.093753e-09
2.359395000000000e-12	1.096275e-09
2.883683000000000e-12	1.095819e-09
3.932259000000000e-12	1.090186e-09
6.029411000000000e-12	1.073782e-09
1.022371500000000e-11	1.046057e-09
1.861232300000000e-11	1.016792e-09
3.478686448799907e-11	9.985960e-10
5.339684679106271e-11	9.957045e-10
8.220078700626179e-11	9.980540e-10
1.149817971833111e-10	1.000502e-09
1.616426618748094e-10	1.002743e-09
2.158838473214344e-10	1.004052e-09
3.027801956118539e-10	1.004817e-09
4.211335664035765e-10	1.005090e-09
6.418411781632829e-10	1.005147e-09
8.678184534904919e-10	1.005148e-09
1.137705669783924e-09	1.005148e-09
1.463747814379079e-09	1.005148e-09
2.048676894772306e-09	1.005148e-09
2.831022509326490e-09	1.005134e-09
2.935324032750255e-09	1.005137e-09
3.143927079597787e-09	1.005148e-09
3.209115531737641e-09	1.005148e-09
3.241709757807567e-09	1.005148e-09
3.254747448235538e-09	1.005148e-09
3.280822829091480e-09	1.005148e-09
3.300379364733436e-09	1.005148e-09
3.326454745589377e-09	1.005148e-09
3.378605507301260e-09	1.005148e-09
3.482907030725026e-09	1.005148e-09
3.691510077572558e-09	1.005148e-09
4.062440302245852e-09	1.005148e-09
4.804300751592439e-09	1.005148e-09
5.565439900036587e-09	1.005148e-09
6.420680709954728e-09	1.005148e-09
7.170799612785390e-09	1.005148e-09
8.270402144937357e-09	1.005148e-09
9.380376426687979e-09	1.005148e-09
1.090393846680688e-08	1.005148e-09
1.104861519473537e-08	1.005148e-09
1.133796865059234e-08	1.005148e-09
1.139917024759729e-08	1.005148e-09
1.141447064684853e-08	1.005148e-09
1.144507144535101e-08	1.005148e-09
1.145272164497663e-08	1.005148e-09
1.149862284273034e-08	1.005148e-09
1.150627304235596e-08	1.005148e-09
1.152157344160720e-08	1.005148e-09
1.155217424010967e-08	1.005148e-09
1.161337583711462e-08	1.005148e-09
1.173577903112453e-08	1.005148e-09
1.198058541914434e-08	1.005148e-09
1.247019819518395e-08	1.005148e-09
1.306476923196433e-08	1.005148e-09
1.412106625025684e-08	1.005148e-09
1.623366028684186e-08	1.005148e-09
1.867771745827263e-08	1.005148e-09
2.141068285200329e-08	1.005148e-09
2.458998080441402e-08	1.005148e-09
2.811139673918592e-08	1.005148e-09
3.197089882587047e-08	1.005148e-09
3.665139622573393e-08	1.005148e-09
4.153420872573392e-08	1.005148e-09
4.641702122573392e-08	1.005148e-09
5.129983372573392e-08	1.005148e-09
5.618264622573392e-08	1.005148e-09
6.106545872573393e-08	1.005148e-09
6.594827122573393e-08	1.005148e-09
7.083108372573393e-08	1.005148e-09
7.571389622573393e-08	1.005148e-09
8.059670872573393e-08	1.005148e-09
8.547952122573393e-08	1.005148e-09
9.036233372573393e-08	1.005148e-09
9.524514622573393e-08	1.005148e-09
1.000000001000000e-07	1.005148e-09
1.000000001010000e-07	1.005148e-09
1.000000001030000e-07	1.005148e-09
1.000000001070000e-07	1.005148e-09
1.000000004790000e-07	1.005189e-09
1.000000006650001e-07	1.005201e-09
1.000004359581846e-07	1.005189e-09
1.000008712513692e-07	1.005178e-09
1.000013065445538e-07	1.005170e-09
1.000017418377384e-07	1.005163e-09
1.000021771309229e-07	1.005158e-09
1.000026124241075e-07	1.005155e-09
1.000030477172921e-07	1.005155e-09
1.000060951415842e-07	1.005148e-09
1.000121899901683e-07	1.005147e-09
1.000243796873367e-07	1.005148e-09
1.000487590816733e-07	1.005148e-09
1.000975178703466e-07	1.005148e-09
1.001950354476931e-07	1.005148e-09
1.003900706023862e-07	1.005148e-09
1.007801409117724e-07	1.005148e-09
1.031205627680896e-07	1.005148e-09
1.133319824073882e-07	1.005148e-09
1.235434020466867e-07	1.005148e-09
1.337548216859853e-07	1.005148e-09
1.439662413252838e-07	1.005148e-09
1.541776609645823e-07	1.005148e-09
1.643890806038809e-07	1.005148e-09
1.746005002431794e-07	1.005148e-09
2.000000000000000e-07	1.005148e-09
2.000000000010000e-07	5.620434e-08
2.000000000020000e-07	1.824321e-06
2.000000003940000e-07	1.136672e-03
2.000000005900000e-07	1.363690e-03
2.000000148699987e-07	1.328782e-03
2.000000291499975e-07	1.294781e-03
2.000000434299962e-07	1.261689e-03
2.000000577099950e-07	1.229504e-03
2.000000719899937e-07	1.198227e-03
2.000000862699925e-07	1.167857e-03
2.000001005499913e-07	1.138395e-03
2.000002009019825e-07	9.514804e-04
2.000004016059650e-07	6.647122e-04
2.000008030139301e-07	3.101492e-04
2.000016058298601e-07	5.561196e-06
2.000032114617202e-07	-1.218031e-04
2.000064227254404e-07	-8.277845e-05
2.000116965597796e-07	-2.122270e-05
2.000222442284578e-07	2.504071e-06
2.000433395658142e-07	2.045407e-06
2.000855302405271e-07	1.903578e-07
2.001436490648344e-07	1.014683e-08
2.002382462430014e-07	-6.195247e-08
2.004274405993353e-07	-1.648544e-07
2.006770317287113e-07	-3.818361e-07
2.010492951025480e-07	-7.596901e-07
2.015599323241218e-07	-1.614120e-06
2.025725919759749e-07	-5.913001e-06
2.030347412197270e-07	-1.398875e-05
2.033980370747628e-07	-2.782713e-05
2.039230469426390e-07	-5.308003e-05
2.042344944223778e-07	-3.928257e-05
2.046597927523889e-07	5.770566e-03
2.050568570836515e-07	2.593921e-02
2.050961377058484e-07	3.508335e-02
2.051746989502422e-07	7.064646e-02
2.051943392613407e-07	8.477847e-02
2.052336198835376e-07	1.347771e-01
2.052805841947503e-07	2.273604e-01
2.052883799803070e-07	2.513671e-01
2.053039715514205e-07	3.174871e-01
2.053351546936475e-07	4.682164e-01
2.053401360921582e-07	4.939544e-01
2.053500988891797e-07	5.477887e-01
2.053700244832226e-07	6.602964e-01
2.053744596515172e-07	6.889988e-01
2.053833299881064e-07	7.602548e-01
2.053939184697681e-07	8.644680e-01
2.053961472808954e-07	8.926498e-01
2.054006049031499e-07	9.655727e-01
2.054072268486819e-07	1.106038e+00
2.054126924704993e-07	1.263329e+00
2.054174591446756e-07	1.437314e+00
2.054230919556724e-07	1.654033e+00
2.054256153721413e-07	1.725736e+00
2.054289499610596e-07	1.771202e+00
2.054323261248577e-07	1.788271e+00
2.054354364755146e-07	1.793620e+00
2.054397259383171e-07	1.796957e+00
2.054452501858399e-07	1.798713e+00
2.054538415222917e-07	1.799355e+00
2.054616785746381e-07	1.799568e+00
2.054754758457060e-07	1.799900e+00
2.054929569438509e-07	1.800118e+00
2.055196997770212e-07	1.800179e+00
2.055587575276404e-07	1.800178e+00
2.056368730288790e-07	1.800168e+00
2.057931040313561e-07	1.800143e+00
2.061055660363104e-07	1.800098e+00
2.061836815375489e-07	1.800091e+00
2.063399125400261e-07	1.800085e+00
2.063887347283002e-07	1.800081e+00
2.064229102600921e-07	1.800079e+00
2.064570857918840e-07	1.800076e+00
2.065156724178129e-07	1.800073e+00
2.065937879190514e-07	1.800068e+00
2.067500189215285e-07	1.800061e+00
2.070624809264828e-07	1.800049e+00
2.074927593011996e-07	1.800036e+00
2.080027611433077e-07	1.800026e+00
2.088373091427794e-07	1.800016e+00
2.102349873401102e-07	1.800007e+00
2.116529862101326e-07	1.800003e+00
2.136202962137846e-07	1.800001e+00
2.156016653820440e-07	1.800000e+00
2.178503863360460e-07	1.800000e+00
2.207597097897671e-07	1.800000e+00
2.256425222897672e-07	1.800000e+00
2.305253347897672e-07	1.800000e+00
2.354081472897672e-07	1.800000e+00
2.402909597897672e-07	1.800000e+00
2.452500662350797e-07	1.800000e+00
2.456151872590753e-07	1.800000e+00
2.459803082830708e-07	1.800000e+00
2.463454293070663e-07	1.800000e+00
2.467105503310619e-07	1.800000e+00
2.470756713550574e-07	1.800000e+00
2.474407923790529e-07	1.800000e+00
2.478059134030484e-07	1.800000e+00
2.491555944015345e-07	1.800000e+00
2.518549563985067e-07	1.800000e+00
2.567377688985067e-07	1.800000e+00
2.616205813985067e-07	1.800000e+00
2.665033938985068e-07	1.800000e+00
2.713862063985068e-07	1.800000e+00
2.762690188985068e-07	1.800000e+00
2.811518313985068e-07	1.800000e+00
2.860346438985068e-07	1.800000e+00
2.909174563985068e-07	1.800000e+00
2.951171876000000e-07	1.800000e+00
3.000000001000000e-07	1.799691e+00
3.000121322848142e-07	1.799833e+00
3.000363966544426e-07	1.800269e+00
3.000423628930181e-07	1.800175e+00
3.000495822595719e-07	1.800049e+00
3.000605362814128e-07	1.800070e+00
3.000745467169104e-07	1.800035e+00
3.000937916872194e-07	1.800031e+00
3.001322816278373e-07	1.800011e+00
3.001776487741799e-07	1.800006e+00
3.002683830668651e-07	1.800000e+00
3.004095019262813e-07	1.800000e+00
3.006872217273048e-07	1.800000e+00
3.009719397243292e-07	1.800000e+00
3.013312640088665e-07	1.800000e+00
3.017178888571287e-07	1.800000e+00
3.022348286707109e-07	1.800000e+00
3.029155847574410e-07	1.800000e+00
3.037091873354521e-07	1.800000e+00
3.046580892121675e-07	1.800000e+00
3.056344918636897e-07	1.800000e+00
3.068650068358590e-07	1.800000e+00
3.081339795897119e-07	1.800000e+00
3.094114663694746e-07	1.800000e+00
3.111280334889923e-07	1.800000e+00
3.133422608231746e-07	1.800000e+00
3.158117282979507e-07	1.800000e+00
3.180144535818644e-07	1.800000e+00
3.205264466800587e-07	1.800000e+00
3.217069608928586e-07	1.800000e+00
3.229305554626054e-07	1.800000e+00
3.241589043410562e-07	1.800000e+00
3.254356597862744e-07	1.800000e+00
3.262191065170552e-07	1.800000e+00
3.268769928602557e-07	1.800000e+00
3.276325336369433e-07	1.800000e+00
3.283215041283408e-07	1.800000e+00
3.288179052698114e-07	1.800000e+00
3.294119476167346e-07	1.800000e+00
3.300621702551763e-07	1.800000e+00
3.309160768057706e-07	1.800000e+00
3.317104602773035e-07	1.800000e+00
3.328349653031138e-07	1.800000e+00
3.339982356785897e-07	1.800000e+00
3.360176885462633e-07	1.800000e+00
3.385127172561830e-07	1.800000e+00
3.415150158759648e-07	1.800000e+00
3.458377002977544e-07	1.800000e+00
3.500000000000000e-07	1.800048e+00
3.500000000100001e-07	1.800048e+00
3.500000003700001e-07	1.800048e+00
3.500000005500001e-07	1.800048e+00
3.500000037900002e-07	1.800048e+00
3.500000070300003e-07	1.800048e+00
3.500000102700005e-07	1.800048e+00
3.500000135100006e-07	1.800048e+00
3.500000167500007e-07	1.800048e+00
3.500000199900008e-07	1.800048e+00
3.500000232300010e-07	1.800047e+00
3.500000462700019e-07	1.800046e+00
3.500000923500036e-07	1.800045e+00
3.500001845100072e-07	1.800041e+00
3.500003688300144e-07	1.800035e+00
3.500007374700288e-07	1.800025e+00
3.500014307936440e-07	1.800014e+00
3.500022357828070e-07	1.800007e+00
3.500036461641202e-07	1.800002e+00
3.500063245299931e-07	1.800000e+00
3.500116812617389e-07	1.800000e+00
3.500223947252304e-07	1.800000e+00
3.500356669817178e-07	1.800000e+00
3.500565300254736e-07	1.800000e+00
3.500911109908447e-07	1.800000e+00
3.501602729215867e-07	1.800000e+00
3.502679704387262e-07	1.800000e+00
3.504002560321927e-07	1.800000e+00
3.505856218281593e-07	1.800000e+00
3.508843153510279e-07	1.800000e+00
3.512150572026124e-07	1.800000e+00
3.517301165002129e-07	1.800000e+00
3.523778376007342e-07	1.800000e+00
3.529677419657397e-07	1.800000e+00
3.537213130767121e-07	1.800000e+00
3.544909892018785e-07	1.800000e+00
3.555029316048281e-07	1.800000e+00
3.565756254832960e-07	1.800000e+00
3.580639900771610e-07	1.800000e+00
3.603060919328056e-07	1.800000e+00
3.624796152968749e-07	1.800000e+00
3.668266620250137e-07	1.800000e+00
3.717094745250137e-07	1.800000e+00
3.765922870250137e-07	1.800000e+00
4.474345441498056e-07	1.800000e+00
4.500000000000000e-07	1.800000e+00
4.500000000012500e-07	1.800000e+00
4.500000003962501e-07	1.800000e+00
4.500000005937501e-07	1.800000e+00
4.500000149830377e-07	1.800000e+00
4.500000293723252e-07	1.800000e+00
4.500000437616128e-07	1.800000e+00
4.500000581509004e-07	1.800000e+00
4.500000725401879e-07	1.800000e+00
4.500000869294755e-07	1.800000e+00
4.500001013187630e-07	1.800000e+00
4.500002024387760e-07	1.800000e+00
4.500004046788019e-07	1.800000e+00
4.500008091588538e-07	1.800000e+00
4.500016181189576e-07	1.800000e+00
4.500032360391651e-07	1.800000e+00
4.500064718795802e-07	1.800000e+00
4.500095232540539e-07	1.800000e+00
4.500135358219656e-07	1.800000e+00
4.500177269039584e-07	1.800000e+00
4.500236951857565e-07	1.800000e+00
4.500303550200276e-07	1.800000e+00
4.500397402289192e-07	1.800000e+00
4.500509770290173e-07	1.800000e+00
4.500682477087517e-07	1.800000e+00
4.500928329213766e-07	1.800000e+00
4.501419217868929e-07	1.800000e+00
4.502400995179255e-07	1.800000e+00
4.504214247076970e-07	1.800000e+00
4.506042285824316e-07	1.800000e+00
4.508267111691762e-07	1.800000e+00
4.510551883133258e-07	1.800000e+00
4.513496436072748e-07	1.800000e+00
4.516599721491660e-07	1.800000e+00
4.520741155099448e-07	1.800000e+00
4.526818550427114e-07	1.800000e+00
4.535776986250476e-07	1.800000e+00
4.546020617803316e-07	1.800000e+00
4.558894717134956e-07	1.800000e+00
4.575599030510024e-07	1.800000e+00
4.586059604305001e-07	1.800000e+00
4.594836584555477e-07	1.800000e+00
4.602187714230566e-07	1.800000e+00
4.610788110808368e-07	1.800000e+00
4.620945092352601e-07	1.800000e+00
4.626086722760362e-07	1.800000e+00
4.629984735520690e-07	1.800000e+00
4.633429355681962e-07	1.800000e+00
4.637911978690748e-07	1.800000e+00
4.640998837562727e-07	1.800000e+00
4.643941835013308e-07	1.800000e+00
4.647289768458683e-07	1.800000e+00
4.652648015155454e-07	1.800000e+00
4.658267342288966e-07	1.800000e+00
4.664108754931983e-07	1.800000e+00
4.671542254708842e-07	1.800000e+00
4.680947867499944e-07	1.800000e+00
4.693698285376382e-07	1.800000e+00
4.711194526001029e-07	1.800000e+00
4.729844068918519e-07	1.800000e+00
4.754024131469105e-07	1.800000e+00
4.785445604421490e-07	1.800000e+00
4.834273729421490e-07	1.800000e+00
4.883101854421490e-07	1.800000e+00
4.931929979421490e-07	1.800000e+00
4.980758104421490e-07	1.800000e+00
5.029586229421491e-07	1.800000e+00
5.127242479421491e-07	1.800000e+00
5.451171876000001e-07	1.800000e+00
5.500000001000001e-07	1.800000e+00
5.512425144495926e-07	1.800000e+00
5.517923824481022e-07	1.800000e+00
5.521851798874254e-07	1.800000e+00
5.526504484955495e-07	1.800000e+00
5.535809857117975e-07	1.800000e+00
5.552619433936602e-07	1.800000e+00
5.573409763884013e-07	1.800000e+00
5.600000001000000e-07	1.800000e+00
5.600075273978853e-07	1.800000e+00
5.600225819936559e-07	1.800000e+00
5.600262378820551e-07	1.800000e+00
5.600307834450175e-07	1.800000e+00
5.600398745709421e-07	1.800000e+00
5.600540826691458e-07	1.800000e+00
5.600765441683786e-07	1.800000e+00
5.601184021261789e-07	1.800000e+00
5.601816537152484e-07	1.800000e+00
5.603081568933872e-07	1.800000e+00
5.605611632496650e-07	1.800000e+00
5.609752510908279e-07	1.800000e+00
5.617848528514190e-07	1.800000e+00
5.632084876020326e-07	1.800000e+00
5.646420876088642e-07	1.800000e+00
5.668632935596078e-07	1.800000e+00
5.699812189669749e-07	1.800000e+00
5.746564418942989e-07	1.800000e+00
5.918651198379705e-07	1.800000e+00
6.090737977816422e-07	1.800000e+00
6.262824757253137e-07	1.800000e+00
6.434911536689853e-07	1.800000e+00
6.606998316126569e-07	1.800000e+00
6.779085095563285e-07	1.800000e+00
6.951171875000001e-07	1.800000e+00
7.000000000000001e-07	1.790272e+00
7.000011920928955e-07	1.788364e+00
7.000035762786866e-07	1.792750e+00
7.000041690413631e-07	1.798614e+00
7.000048898409659e-07	1.804157e+00
7.000061775474963e-07	1.805524e+00
7.000073785351802e-07	1.804747e+00
7.000097805105480e-07	1.802889e+00
7.000140035374205e-07	1.801026e+00
7.000208353732209e-07	1.799789e+00
7.000283999009188e-07	1.799454e+00
7.000400962000154e-07	1.799522e+00
7.000557292663984e-07	1.799756e+00
7.000721489923327e-07	1.799974e+00
7.000928029896779e-07	1.800149e+00
7.000958856632558e-07	1.800168e+00
7.001020510104115e-07	1.800208e+00
7.001035923472005e-07	1.800217e+00
7.001066750207784e-07	1.800230e+00
7.001128403679341e-07	1.800248e+00
7.001143817047231e-07	1.800250e+00
7.001174643783010e-07	1.800253e+00
7.001182350466955e-07	1.800253e+00
7.001197763834845e-07	1.800254e+00
7.001228590570624e-07	1.800256e+00
7.001290244042181e-07	1.800258e+00
7.001413550985296e-07	1.800232e+00
7.001660164871525e-07	1.799216e+00
7.002048880994616e-07	1.793082e+00
7.002253267120956e-07	1.781866e+00
7.002483514805077e-07	1.751290e+00
7.002626321747277e-07	1.709146e+00
7.002768927267353e-07	1.622390e+00
7.002962686036073e-07	1.419595e+00
7.003105469952146e-07	1.173245e+00
7.003212808258884e-07	8.765970e-01
7.003296184483791e-07	5.635164e-01
7.003373609990454e-07	2.634831e-01
7.003432597647402e-07	1.040640e-01
7.003501626485601e-07	2.347086e-02
7.003568201343366e-07	3.637125e-03
7.003640045286381e-07	1.148659e-03
7.003722845197845e-07	7.749631e-04
7.003888445020773e-07	5.618145e-04
7.004205567574952e-07	3.808559e-04
7.004674051767409e-07	2.762633e-04
7.005330664149380e-07	2.007636e-04
7.006052332712306e-07	1.585502e-04
7.006996545971358e-07	1.018237e-04
7.007625511094728e-07	5.235412e-05
7.008510222561368e-07	-3.877803e-06
7.009183939144784e-07	-1.213964e-05
7.009976221923881e-07	-8.663831e-06
7.010795998127251e-07	-7.960341e-06
7.012426177200328e-07	-6.242256e-06
7.015004744385366e-07	-4.296682e-06
7.018650087200159e-07	-2.633255e-06
7.022632560079412e-07	-1.569593e-06
7.027435423000480e-07	-9.010727e-07
7.033604409715169e-07	-4.268044e-07
7.041618527136418e-07	-1.892345e-07
7.051679998540444e-07	-2.601932e-05
7.053438616833873e-07	-2.037874e-05
7.056955853420731e-07	1.862773e-08
7.057835162567446e-07	1.428947e-08
7.059593780860875e-07	-1.299429e-08
7.062671362874376e-07	-9.053021e-09
7.066188599461235e-07	-5.223195e-09
7.073223072634951e-07	-2.181474e-10
7.085640316367938e-07	4.321214e-09
7.100856130723326e-07	6.543281e-09
7.130628307840246e-07	7.982187e-09
7.179456432840246e-07	8.845847e-09
7.228284557840246e-07	8.399121e-09
7.277112682840246e-07	6.615792e-09
7.325940807840246e-07	4.513444e-09
7.374768932840246e-07	3.069544e-09
7.423597057840246e-07	2.271877e-09
7.472425182840246e-07	1.812915e-09
7.521253307840247e-07	1.531146e-09
7.570081432840247e-07	1.349398e-09
7.618909557840247e-07	1.231531e-09
7.667737682840247e-07	1.153945e-09
7.716565807840247e-07	1.103188e-09
7.765393932840247e-07	1.069663e-09
7.814222057840247e-07	1.047683e-09
7.863050182840247e-07	1.033147e-09
7.911878307840248e-07	1.023453e-09
7.951171876000000e-07	1.018196e-09
8.000000001000000e-07	-2.935159e-05
8.000095368431641e-07	-8.589400e-06
8.000286103294922e-07	2.840214e-05
8.000333971077132e-07	1.307738e-06
8.000391317018868e-07	-1.993255e-05
8.000506008902340e-07	-7.009732e-07
8.000735392669284e-07	-8.945082e-07
8.001194160203171e-07	3.572117e-08
8.001741651857844e-07	-8.288485e-08
8.002430121234893e-07	4.932261e-08
8.003248216381715e-07	-7.838548e-08
8.004554850227939e-07	5.733552e-08
8.006952025698318e-07	-9.304281e-09
8.009779174592887e-07	4.959352e-09
8.012804112950608e-07	-1.602685e-08
8.017403968821120e-07	5.183501e-09
8.022667784818557e-07	-2.805494e-09
8.028751826528799e-07	5.823347e-09
8.036360753108507e-07	-4.901325e-09
8.047448861048316e-07	5.265012e-09
8.064016602631241e-07	-6.615918e-11
8.082966734767314e-07	2.257859e-09
8.105684349821067e-07	-3.769962e-10
8.134979309057341e-07	2.336826e-09
8.175390873997441e-07	4.179422e-10
8.224218998997441e-07	1.018634e-09
8.273047123997441e-07	1.015451e-09
8.451171875000001e-07	-5.324963e-10
8.500000000000001e-07	-2.898308e-06
8.500095367431641e-07	-1.961811e-06
8.500286102294923e-07	1.241654e-07
8.500333862215534e-07	7.547008e-08
8.500390654743003e-07	-2.385393e-08
8.500496021562624e-07	4.207821e-09
8.500626629528886e-07	-1.640784e-09
8.500887845461409e-07	1.699339e-09
8.501294921726867e-07	6.621196e-10
8.501910854315574e-07	1.184866e-09
8.502791486825593e-07	8.528904e-10
8.504294514681366e-07	1.070175e-09
8.506484434353677e-07	9.619966e-10
8.509691180937661e-07	1.031706e-09
8.514228134206642e-07	9.941612e-10
8.519696180179405e-07	1.009998e-09
8.525717741912434e-07	1.009628e-09
8.531179272718203e-07	1.012969e-09
8.537613572061670e-07	1.003489e-09
8.544287252010745e-07	1.010563e-09
8.551968396359020e-07	1.003788e-09
8.559926350256977e-07	1.012802e-09
8.570227819269837e-07	1.003793e-09
8.581075195075121e-07	1.009403e-09
8.594205461493108e-07	9.996831e-10
8.612245846104670e-07	1.004786e-09
8.629831855487507e-07	9.997950e-10
8.657333377841847e-07	1.004893e-09
8.684113302920755e-07	1.002330e-09
8.721814483531159e-07	1.006704e-09
8.770642608531159e-07	1.005135e-09
8.819470733531159e-07	1.005141e-09
8.868298858531159e-07	1.005135e-09
8.917126983531159e-07	1.005141e-09
8.965955108531160e-07	1.005135e-09
9.014783233531160e-07	1.005141e-09
9.063611358531160e-07	1.005135e-09
9.112439483531160e-07	1.005141e-09
9.161267608531160e-07	1.005135e-09
9.210095733531160e-07	1.005141e-09
9.244972965674018e-07	1.005087e-09
9.279850197816874e-07	1.005068e-09
9.314727429959732e-07	1.005082e-09
9.349604662102589e-07	1.005131e-09
9.384481894245447e-07	1.005215e-09
9.419359126388304e-07	1.005332e-09
9.454236358531161e-07	1.005484e-09
9.500000000000001e-07	-4.108454e-09
9.500136131834041e-07	-2.441956e-09
9.500408395502119e-07	1.144434e-09
9.500474171189472e-07	1.079138e-09
9.500557850724187e-07	9.659031e-10
9.500692529959567e-07	1.011339e-09
9.500854448875843e-07	9.987460e-10
9.501178286708396e-07	1.010178e-09
9.501825962373502e-07	1.007068e-09
9.502452904545828e-07	1.007477e-09
9.503563952425599e-07	1.005326e-09
9.505257675663343e-07	1.005534e-09
9.507586485537429e-07	1.005109e-09
9.510071104292749e-07	1.005243e-09
9.513588058155322e-07	1.004937e-09
9.519490816923711e-07	1.005123e-09
9.526824226790690e-07	1.005099e-09
9.534867557396433e-07	1.005175e-09
9.545350462203065e-07	1.005137e-09
9.557506131604483e-07	1.005144e-09
9.570087283688306e-07	1.005121e-09
9.584856338640258e-07	1.005146e-09
9.601339672073477e-07	1.005125e-09
9.622041461196028e-07	1.005165e-09
9.662998867815990e-07	1.005136e-09
9.707310732632890e-07	1.005140e-09
9.756138857632890e-07	1.005138e-09
9.804966982632890e-07	1.005138e-09
9.853795107632890e-07	1.005138e-09
9.902623232632891e-07	1.005138e-09
9.951451357632891e-07	1.005138e-09
1.000027948263289e-06	1.005138e-09
1.047405041273422e-06	1.005132e-09
1.050000000100000e-06	1.005158e-09
1.054882812600000e-06	1.005583e-09
1.055117187600000e-06	1.005373e-09
1.055585937600000e-06	1.005023e-09
1.056523437599999e-06	1.005184e-09
1.058125000100001e-06	1.005129e-09
1.060000000100000e-06	8.661919e-10
1.060005210703742e-06	8.713122e-10
1.060015631911227e-06	1.042298e-09
1.060018171109876e-06	1.124519e-09
1.060021301019987e-06	1.168156e-09
1.060027560840210e-06	1.118628e-09
1.060034913819580e-06	1.066609e-09
1.060049619778320e-06	1.023924e-09
1.060079031695800e-06	1.003867e-09
1.060112923972134e-06	1.003502e-09
1.060180708524803e-06	1.004867e-09
1.060316277630141e-06	1.005048e-09
1.060587415840817e-06	1.005121e-09
1.060980078982033e-06	1.005141e-09
1.061712544862256e-06	1.005134e-09
1.062914545939418e-06	1.005135e-09
1.064221707821083e-06	1.005136e-09
1.066038994910127e-06	1.005138e-09
1.068218601959667e-06	1.005138e-09
1.071679756484266e-06	1.005138e-09
1.076350645362006e-06	1.005138e-09
1.090999082862006e-06	1.005138e-09
1.188655332862006e-06	1.005138e-09
1.193538145362006e-06	1.005139e-09
1.196841915724012e-06	1.005137e-09
1.200000000000000e-06	2.302044e-05
1.200009312477583e-06	1.606402e-05
1.200027937432750e-06	1.402146e-05
1.200032440169450e-06	2.101319e-05
1.200038144854145e-06	1.853411e-05
1.200049554223534e-06	4.218262e-06
1.200070105954541e-06	4.481036e-06
1.200111209416555e-06	1.175027e-06
1.200170470073013e-06	1.250363e-07
1.200246328848831e-06	-7.032407e-07
1.200345066598462e-06	-7.176362e-07
1.200484257391202e-06	-7.891960e-07
1.200703262021287e-06	-5.105118e-07
1.201141271281457e-06	-3.580859e-07
1.201871878809826e-06	-1.232426e-07
1.202975987486200e-06	-2.229508e-08
1.204238605059196e-06	1.133282e-08
1.206067716108816e-06	-5.388348e-09
1.208762120339354e-06	-4.802307e-09
1.213644932839354e-06	-9.135420e-09
1.218527745339354e-06	-6.796654e-09
1.223410557839354e-06	-4.787125e-09
1.228293370339354e-06	-3.276909e-09
1.233176182839354e-06	-2.144134e-09
1.238058995339354e-06	-1.330591e-09
1.242941807839354e-06	-7.430572e-10
1.247824620339354e-06	-3.292371e-10
1.252707432839354e-06	-3.819878e-11
1.257590245339354e-06	1.664375e-10
1.262473057839354e-06	3.069545e-10
1.267355870339354e-06	4.074536e-10
1.272238682839354e-06	4.729372e-10
1.277121495339354e-06	5.225047e-10
1.282004307839354e-06	5.520633e-10
1.286887120339354e-06	5.770744e-10
1.291769932839354e-06	2.803221e-09
1.295117187600000e-06	2.814318e-09
1.300000000100000e-06	-2.037824e-05
1.300009536843164e-06	-2.616709e-06
1.300028610329492e-06	2.805152e-05
1.300033397313646e-06	1.175755e-06
1.300039126152785e-06	-1.977226e-05
1.300050583831063e-06	-7.742215e-07
1.300071381563558e-06	-9.585800e-07
1.300112977028549e-06	-1.942874e-08
1.300156428606847e-06	-1.232525e-07
1.300214373703310e-06	2.762170e-08
1.300275619018948e-06	-9.080977e-08
1.300369947057754e-06	3.730531e-08
1.300491543401953e-06	-5.518473e-08
1.300734736090352e-06	1.022531e-08
1.301025495316000e-06	-3.271573e-09
1.301344898628328e-06	1.376504e-08
1.301814141647283e-06	-5.105298e-09
1.302421761730664e-06	5.176960e-09
1.303183976768279e-06	-3.892549e-09
1.304280282096070e-06	4.490174e-09
1.305875943237140e-06	-9.120367e-10
1.308013220697874e-06	2.265398e-09
1.310757669367416e-06	8.455224e-10
1.313609193645547e-06	2.101825e-09
1.317452406166689e-06	4.122851e-10
1.322212278858592e-06	1.078568e-09
1.327095091358592e-06	1.012609e-09
1.341743528858592e-06	-7.465967e-11
1.345117187500000e-06	-7.735397e-11
1.350000000000000e-06	-2.473180e-06
1.350009536743164e-06	-1.674129e-06
1.350028610229492e-06	1.061327e-07
1.350033383266598e-06	6.429767e-08
1.350039024055655e-06	-1.935246e-08
1.350048786416875e-06	4.120667e-09
1.350061260989999e-06	-1.049913e-09
1.350084016176629e-06	1.642794e-09
1.350119220172963e-06	7.127440e-10
1.350171953537118e-06	1.170120e-09
1.350248043458234e-06	9.035683e-10
1.350360175377187e-06	1.076344e-09
1.350531929917120e-06	9.685144e-10
1.350774518498171e-06	1.029032e-09
1.351109234919092e-06	9.874266e-10
1.351577799079315e-06	1.009078e-09
1.352094475057742e-06	1.000496e-09
1.352677779854283e-06	1.004007e-09
1.353239359120588e-06	1.006423e-09
1.353779351287419e-06	1.008441e-09
1.354370354417726e-06	1.001591e-09
1.355032734634191e-06	1.006517e-09
1.355727056698568e-06	1.002060e-09
1.356507069242713e-06	1.006342e-09
1.357326382684387e-06	1.002503e-09
1.358252641337889e-06	1.006244e-09
1.359230437958068e-06	1.000238e-09
1.360554873657752e-06	1.006321e-09
1.362002834153619e-06	1.004147e-09
1.363573617598723e-06	1.008536e-09
1.365804774062152e-06	1.004401e-09
1.368258087072437e-06	1.005950e-09
1.371016228321481e-06	1.003031e-09
1.375105234075469e-06	1.005848e-09
1.379988046575469e-06	1.005136e-09
1.384870859075469e-06	1.005140e-09
1.389753671575469e-06	1.005136e-09
1.394636484075469e-06	1.005140e-09
1.399519296575469e-06	1.005136e-09
1.404402109075469e-06	1.005140e-09
1.409284921575469e-06	1.005136e-09
1.414167734075469e-06	1.005140e-09
1.419050546575469e-06	1.005136e-09
1.423933359075469e-06	1.005140e-09
1.428816171575469e-06	1.005136e-09
1.433698984075469e-06	1.005140e-09
1.438581796575469e-06	1.005136e-09
1.443464609075469e-06	9.981370e-10
1.445117187500000e-06	1.005622e-09
1.446694843150939e-06	9.018957e-10
1.446844688698123e-06	9.475796e-10
1.447144379792490e-06	1.033023e-09
1.447743761981225e-06	9.932344e-10
1.448801235622530e-06	1.006985e-09
1.450000000000000e-06	4.802836e-09
1.450003623335301e-06	3.689960e-09
1.450010870005904e-06	7.169905e-10
1.450012617286307e-06	7.008049e-10
1.450014846198512e-06	9.282904e-10
1.450019304022923e-06	9.796243e-10
1.450028219671743e-06	9.808439e-10
1.450039238743665e-06	9.852434e-10
1.450053561894556e-06	9.955423e-10
1.450071551561406e-06	1.004729e-09
1.450097621227426e-06	1.010372e-09
1.450129776459412e-06	1.011166e-09
1.450173848489181e-06	1.009693e-09
1.450230427949670e-06	1.008013e-09
1.450311925638170e-06	1.006690e-09
1.450423041525007e-06	1.005863e-09
1.450596797251846e-06	1.005392e-09
1.450836276253874e-06	1.005161e-09
1.451147520352468e-06	1.005055e-09
1.451644366317886e-06	1.005019e-09
1.452324156608374e-06	1.005063e-09
1.452952435725499e-06	1.005105e-09
1.453721196975364e-06	1.005139e-09
1.454738144427005e-06	1.005159e-09
1.455783268382907e-06	1.005150e-09
1.456897426313691e-06	1.005135e-09
1.458237702714757e-06	1.005135e-09
1.459647583817146e-06	1.005139e-09
1.461125106308896e-06	1.005139e-09
1.464080151292394e-06	1.005138e-09
1.466975553949805e-06	1.005138e-09
1.471858366449805e-06	1.005138e-09
1.476741178949805e-06	1.005138e-09
1.481623991449805e-06	1.005138e-09
1.486506803949805e-06	1.005138e-09
1.496272428949805e-06	1.005138e-09
1.501155241449805e-06	1.005138e-09
1.506038053949805e-06	1.005138e-09
1.515803678949805e-06	1.005138e-09
1.540217741449805e-06	1.005138e-09
1.545100553949805e-06	1.005106e-09
1.545150454900390e-06	1.005146e-09
1.548684269399098e-06	1.005138e-09
1.550000000100000e-06	1.005138e-09
1.552631461501804e-06	1.005138e-09
1.555117187600000e-06	1.005138e-09
1.560000000100000e-06	9.333196e-10
1.560009536843164e-06	9.513982e-10
1.560028610329492e-06	1.114032e-09
1.560033389687231e-06	1.135943e-09
1.560038960478210e-06	1.096995e-09
1.560050102060166e-06	1.026713e-09
1.560062403216034e-06	1.007826e-09
1.560085266572618e-06	1.003679e-09
1.560127358023785e-06	1.004372e-09
1.560195830956262e-06	1.005105e-09
1.560332776821216e-06	1.005132e-09
1.560606668551125e-06	1.005150e-09
1.561029608047324e-06	1.005139e-09
1.561714548925056e-06	1.005136e-09
1.562864701968846e-06	1.005134e-09
1.564084846102135e-06	1.005136e-09
1.565789828981775e-06	1.005136e-09
1.568062638326029e-06	1.005138e-09
1.571761865270411e-06	1.005138e-09
1.576644677770411e-06	1.005138e-09
1.581527490270411e-06	1.005138e-09
1.596873472413268e-06	1.005138e-09
1.612219454556126e-06	1.005138e-09
1.627565436698983e-06	1.005138e-09
1.642911418841840e-06	1.005138e-09
1.658257400984697e-06	1.005138e-09
1.673603383127554e-06	1.005138e-09
1.688949365270412e-06	1.005138e-09
1.693832177770412e-06	1.005137e-09
1.697429980540823e-06	1.005138e-09
1.700000000000000e-06	3.254651e-05
1.700007457843983e-06	5.687857e-05
1.700007565765410e-06	5.003811e-05
1.700007781608263e-06	2.596886e-05
1.700008213293970e-06	-1.433348e-06
1.700009076665383e-06	-1.802532e-05
1.700010803408210e-06	-1.222178e-05
1.700014256893864e-06	6.630645e-06
1.700021163865172e-06	1.504881e-05
1.700034977807788e-06	7.589423e-06
1.700050605167808e-06	2.317186e-06
1.700075182190582e-06	5.367459e-07
1.700110604921039e-06	-6.333229e-08
1.700170295335220e-06	-2.549982e-07
1.700253035670424e-06	-4.540759e-07
1.700418516340832e-06	-5.361993e-07
1.700640427055298e-06	-4.436083e-07
1.700969477941518e-06	-2.743823e-07
1.701495239809849e-06	-1.216266e-07
1.702546763546511e-06	1.119826e-10
1.704073824365367e-06	2.779555e-08
1.706099150255014e-06	7.067313e-09
1.709024008622723e-06	-1.066480e-08
1.713174904248691e-06	-1.510922e-08
1.718057716748691e-06	-1.449787e-08
1.722940529248691e-06	-1.154978e-08
1.727823341748691e-06	-8.266923e-09
1.732706154248691e-06	-5.607918e-09
1.737588966748691e-06	-3.594028e-09
1.742471779248691e-06	-2.165061e-09
1.747354591748691e-06	-1.155302e-09
1.752237404248691e-06	-4.629790e-10
1.757120216748692e-06	1.485212e-11
1.762003029248692e-06	3.372715e-10
1.766885841748692e-06	5.572947e-10
1.771768654248692e-06	7.043095e-10
1.776651466748692e-06	8.038672e-10
1.781534279248692e-06	8.696848e-10
1.786417091748692e-06	9.142997e-10
1.791299904248692e-06	9.055909e-10
1.795117187600000e-06	9.218851e-10
1.800000000100000e-06	-2.942482e-05
1.800009536843165e-06	-8.645726e-06
1.800028610329493e-06	2.841750e-05
1.800033397739876e-06	1.240461e-06
1.800039108326075e-06	-1.996939e-05
1.800050529498473e-06	-1.075363e-06
1.800065560702331e-06	-1.242609e-06
1.800095623110045e-06	-4.357242e-08
1.800127293996567e-06	-1.747832e-07
1.800169833686474e-06	5.944021e-09
1.800210852942830e-06	-9.564170e-08
1.800269423307925e-06	2.254076e-08
1.800333123869961e-06	-5.518888e-08
1.800430764762268e-06	2.159513e-08
1.800553229858721e-06	-3.489000e-08
1.800798160051629e-06	1.277244e-09
1.801042317973660e-06	-1.048419e-09
1.801299656853743e-06	6.449455e-09
1.801608420542071e-06	-8.361756e-09
1.802092797705495e-06	7.493606e-09
1.802901631232108e-06	-1.509088e-09
1.803997484510720e-06	3.912856e-09
1.805866411427478e-06	-5.531632e-10
1.808886383619543e-06	8.971523e-10
1.811775814102701e-06	1.191493e-09
1.814475280563031e-06	1.320097e-09
1.817507582433792e-06	7.382331e-10
1.820904736506002e-06	1.687919e-09
1.825787549006002e-06	1.007777e-09
1.830670361506002e-06	1.009539e-09
1.840435986506002e-06	1.009482e-09
1.845318799006002e-06	1.074111e-09
1.850000000000000e-06	-2.131816e-06
1.850001192092896e-06	-1.683054e-06
1.850003576278687e-06	-2.159409e-07
1.850004172817371e-06	-6.062180e-08
1.850004890793195e-06	-3.690123e-08
1.850006326744841e-06	-1.405069e-08
1.850008198673121e-06	-3.354340e-09
1.850011942529681e-06	3.643767e-10
1.850018189301047e-06	7.682509e-10
1.850025071206484e-06	7.706074e-10
1.850035048666808e-06	9.298589e-10
1.850049363540856e-06	1.045748e-09
1.850070588906692e-06	1.081774e-09
1.850094338798559e-06	1.055764e-09
1.850131065030793e-06	1.027955e-09
1.850181364501394e-06	1.014713e-09
1.850264448216415e-06	1.009262e-09
1.850373892020666e-06	1.006884e-09
1.850533533163699e-06	1.006020e-09
1.850724697662190e-06	1.005450e-09
1.850967415351282e-06	1.004981e-09
1.851238269056712e-06	1.004624e-09
1.851589111740666e-06	1.004655e-09
1.852140975610289e-06	1.004883e-09
1.852654167227973e-06	1.005033e-09
1.853251675561537e-06	1.005171e-09
1.853833471041219e-06	1.005272e-09
1.854489594278383e-06	1.005272e-09
1.854987931952293e-06	1.005190e-09
1.855521210307890e-06	1.005086e-09
1.856088911143670e-06	1.005058e-09
1.856739689661738e-06	1.005081e-09
1.857529255034640e-06	1.005149e-09
1.858264006389045e-06	1.005176e-09
1.859116357262018e-06	1.005157e-09
1.860009029101803e-06	1.005120e-09
1.861000635304320e-06	1.005125e-09
1.862255876648659e-06	1.005146e-09
1.863416712995000e-06	1.005151e-09
1.864962988899272e-06	1.005134e-09
1.866500044998274e-06	1.005137e-09
1.868618955357070e-06	1.005140e-09
1.870766741671254e-06	1.005140e-09
1.873981008788368e-06	1.005138e-09
1.877059012630564e-06	1.005141e-09
1.881624592344526e-06	1.005138e-09
1.886507404844526e-06	1.005139e-09
1.891390217344526e-06	1.005138e-09
1.896273029844526e-06	1.005138e-09
1.901155842344526e-06	1.005138e-09
1.906038654844526e-06	1.005138e-09
1.910921467344526e-06	1.005138e-09
1.915804279844526e-06	1.005138e-09
1.920687092344525e-06	1.005138e-09
1.925569904844525e-06	1.005138e-09
1.930452717344525e-06	1.005138e-09
1.935335529844525e-06	1.005138e-09
1.940218342344525e-06	1.005138e-09
1.945101154844524e-06	1.004239e-09
1.945149252810952e-06	1.005322e-09
1.945341644676660e-06	1.005175e-09
1.945598167164272e-06	1.005120e-09
1.946111212139496e-06	1.005146e-09
1.947137302089943e-06	1.005140e-09
1.947947820099106e-06	1.005129e-09
1.948378963981673e-06	1.005130e-09
1.949137712234866e-06	1.005140e-09
1.950000000000000e-06	1.006700e-09
1.950002617439564e-06	1.004797e-09
1.950007852318691e-06	9.965634e-10
1.950009114312219e-06	9.938391e-10
1.950010724636185e-06	9.890865e-10
1.950013945284118e-06	9.786373e-10
1.950020386579983e-06	9.614701e-10
1.950030165948554e-06	9.499241e-10
1.950042071285069e-06	9.573574e-10
1.950059964124239e-06	9.859964e-10
1.950080037336374e-06	1.010438e-09
1.950109741289006e-06	1.021392e-09
1.950144853485300e-06	1.019015e-09
1.950196068429945e-06	1.013310e-09
1.950258058845968e-06	1.009734e-09
1.950345142482016e-06	1.007480e-09
1.950447038942567e-06	1.006327e-09
1.950581392033744e-06	1.005697e-09
1.950748817150051e-06	1.005351e-09
1.950999199743356e-06	1.005093e-09
1.951387561470464e-06	1.004927e-09
1.951962088261752e-06	1.004947e-09
1.952577705314255e-06	1.005048e-09
1.953175689494597e-06	1.005108e-09
1.953897241359005e-06	1.005150e-09
1.954659003198445e-06	1.005163e-09
1.955571797263553e-06	1.005147e-09
1.956539933333047e-06	1.005133e-09
1.957891906963187e-06	1.005135e-09
1.959331933310801e-06	1.005141e-09
1.961095545316402e-06	1.005140e-09
1.962940300163963e-06	1.005137e-09
1.964787430751570e-06	1.005138e-09
1.967193915140808e-06	1.005138e-09
1.970106297676922e-06	1.005138e-09
1.974989110176922e-06	1.005138e-09
1.979871922676922e-06	1.005138e-09
1.984754735176921e-06	1.005138e-09
1.989637547676921e-06	1.005138e-09
1.998018872440650e-06	1.005138e-09
2.006400197204379e-06	1.005138e-09
2.014781521968107e-06	1.005138e-09
2.023162846731836e-06	1.005138e-09
2.031544171495565e-06	1.005138e-09
2.039925496259294e-06	1.005138e-09
2.048306821023022e-06	1.005138e-09
2.050000000100000e-06	1.005138e-09
2.053386358253956e-06	1.005138e-09
2.055117187600001e-06	1.005137e-09
2.056538341407911e-06	1.005139e-09
2.057157692484181e-06	1.005140e-09
2.058396394636721e-06	1.005138e-09
2.060000000100000e-06	8.940263e-10
2.060004098966843e-06	8.730238e-10
2.060012296700527e-06	9.314663e-10
2.060014316698122e-06	1.010676e-09
2.060016716205766e-06	1.094453e-09
2.060020089644202e-06	1.118515e-09
2.060023668953361e-06	1.107467e-09
2.060030153253908e-06	1.077824e-09
2.060039701380100e-06	1.044798e-09
2.060057945332846e-06	1.016931e-09
2.060094433238339e-06	1.005492e-09
2.060150875077769e-06	1.005284e-09
2.060263758756630e-06	1.005549e-09
2.060489526114352e-06	1.005245e-09
2.060841877952531e-06	1.005167e-09
2.061298337888274e-06	1.005132e-09
2.062026588099729e-06	1.005134e-09
2.062983226081587e-06	1.005131e-09
2.064109034973504e-06	1.005135e-09
2.065750032686926e-06	1.005135e-09
2.068133209603523e-06	1.005138e-09
2.072031521413196e-06	1.005138e-09
2.076914333913195e-06	1.005138e-09
2.086679958913195e-06	1.005138e-09
2.091562771413195e-06	1.005138e-09
2.096445583913195e-06	1.005138e-09
2.101328396413194e-06	1.005138e-09
2.106211208913194e-06	1.005138e-09
2.118069467841765e-06	1.005138e-09
2.129927726770336e-06	1.005138e-09
2.141785985698907e-06	1.005138e-09
2.153644244627478e-06	1.005138e-09
2.165502503556049e-06	1.005138e-09
2.177360762484620e-06	1.005138e-09
2.189219021413191e-06	1.005138e-09
2.194101833913191e-06	1.005135e-09
2.197147894673620e-06	1.005138e-09
2.200000000000000e-06	3.915614e-05
2.200008259577129e-06	3.229648e-05
2.200024778731387e-06	1.767840e-05
2.200028781134205e-06	2.100668e-05
2.200033836788102e-06	1.557801e-05
2.200043948095896e-06	-3.486628e-06
2.200060076619025e-06	-3.412746e-06
2.200079112001282e-06	-3.134352e-06
2.200106920862448e-06	-1.313831e-06
2.200151666572176e-06	-1.275235e-06
2.200241157991633e-06	-7.861327e-07
2.200420140830545e-06	-7.315293e-07
2.200719697445761e-06	-4.173112e-07
2.201080607486706e-06	5.343513e-06
2.201156948356756e-06	1.225743e-06
2.201176033574269e-06	-1.193017e-07
2.201214204009294e-06	-1.430173e-07
2.201223746618050e-06	-1.384017e-07
2.201242831835563e-06	-1.264859e-07
2.201247603139941e-06	-1.230615e-07
2.201257145748697e-06	-1.136346e-07
2.201281002270588e-06	-8.491322e-08
2.201290544879344e-06	-7.438369e-08
2.201309630096857e-06	-5.814973e-08
2.201347800531882e-06	-3.960745e-08
2.201424141401933e-06	-2.113504e-08
2.201576823142034e-06	9.476941e-10
2.201882186622235e-06	2.646347e-08
2.202492913582639e-06	4.548210e-08
2.203263536003286e-06	4.229550e-08
2.204775808295866e-06	1.544424e-08
2.206692667587794e-06	-1.054863e-08
2.209169778679942e-06	-2.166413e-08
2.211755514316252e-06	-1.634342e-08
2.213736900803215e-06	-8.890509e-09
2.216201177953131e-06	-2.531573e-09
2.218734531151195e-06	1.244425e-10
2.219279302030305e-06	5.485291e-10
2.220368843788526e-06	1.936152e-09
2.220569976035117e-06	-1.128094e-09
2.220972240528299e-06	-5.077700e-07
2.221560217528309e-06	-6.477006e-06
2.221825193451421e-06	-2.199839e-05
2.221998840289100e-06	-5.851530e-05
2.222118128014907e-06	-1.181108e-04
2.222283052964122e-06	-2.499264e-04
2.222384907925902e-06	4.193989e-03
2.222515310044343e-06	2.568666e-02
2.222530664329590e-06	4.135216e-02
2.222561372900086e-06	1.073035e-01
2.222566092073771e-06	1.253310e-01
2.222575530421140e-06	1.917382e-01
2.222594407115879e-06	3.934327e-01
2.222608989255634e-06	5.978718e-01
2.222625465461245e-06	8.619078e-01
2.222627663224745e-06	8.999631e-01
2.222632058751744e-06	9.852648e-01
2.222639616185002e-06	1.156629e+00
2.222645478844785e-06	1.324966e+00
2.222651292770036e-06	1.528124e+00
2.222655379045997e-06	1.670301e+00
2.222657930999313e-06	1.732711e+00
2.222661449812705e-06	1.774438e+00
2.222664315570774e-06	1.787874e+00
2.222668217668002e-06	1.794186e+00
2.222672339116825e-06	1.797284e+00
2.222678504190277e-06	1.798914e+00
2.222686286111472e-06	1.799387e+00
2.222694960410611e-06	1.799606e+00
2.222707555021289e-06	1.799916e+00
2.222726243909815e-06	1.800132e+00
2.222751312201159e-06	1.800184e+00
2.222792973723924e-06	1.800182e+00
2.222876296769455e-06	1.800169e+00
2.223041043442932e-06	1.800141e+00
2.223267911092350e-06	1.800113e+00
2.223508850951579e-06	1.800091e+00
2.223796604520800e-06	1.800072e+00
2.224143683403519e-06	1.800065e+00
2.224170120113136e-06	1.800062e+00
2.224222993532372e-06	1.800054e+00
2.224236211887181e-06	1.800054e+00
2.224262648596798e-06	1.800053e+00
2.224294042189469e-06	1.800052e+00
2.224297346778171e-06	1.800052e+00
2.224303955955576e-06	1.800052e+00
2.224308912838629e-06	1.800052e+00
2.224315522016033e-06	1.800052e+00
2.224317174310384e-06	1.800052e+00
2.224320478899086e-06	1.800052e+00
2.224327088076491e-06	1.800052e+00
2.224340306431300e-06	1.800051e+00
2.224366743140917e-06	1.800050e+00
2.224419616560153e-06	1.800047e+00
2.224525363398624e-06	1.800043e+00
2.224736857075565e-06	1.800035e+00
2.225159844429448e-06	1.800026e+00
2.225682349939410e-06	1.800019e+00
2.226594216888736e-06	1.800011e+00
2.228417950787389e-06	1.800004e+00
2.230508402849353e-06	1.800001e+00
2.233331165545438e-06	1.800000e+00
2.236880726734657e-06	1.800000e+00
2.241763539234656e-06	1.800000e+00
2.246646351734656e-06	1.800000e+00
2.251529164234656e-06	1.800000e+00
2.256411976734656e-06	1.800000e+00
2.261294789234656e-06	1.800000e+00
2.266177601734655e-06	1.800000e+00
2.271060414234655e-06	1.800000e+00
2.275943226734655e-06	1.800000e+00
2.280826039234655e-06	1.800000e+00
2.285708851734655e-06	1.800000e+00
2.290591664234654e-06	1.800000e+00
2.295474476734654e-06	1.800000e+00
2.300000000100000e-06	1.799666e+00
2.300011196004870e-06	1.799815e+00
2.300033587814609e-06	1.800290e+00
2.300039112129265e-06	1.800188e+00
2.300045661516429e-06	1.800057e+00
2.300054491716148e-06	1.800078e+00
2.300063892397519e-06	1.800047e+00
2.300079642745039e-06	1.800042e+00
2.300102009365005e-06	1.800021e+00
2.300136899659204e-06	1.800012e+00
2.300198347687419e-06	1.800002e+00
2.300293239902126e-06	1.800001e+00
2.300470974828442e-06	1.800000e+00
2.300678995599066e-06	1.800000e+00
2.300948282960730e-06	1.800000e+00
2.301272999965464e-06	1.800000e+00
2.301785169736443e-06	1.800000e+00
2.302531726190390e-06	1.800000e+00
2.303601856315928e-06	1.800000e+00
2.304728903882426e-06	1.800000e+00
2.306259792475555e-06	1.800000e+00
2.307643194042315e-06	1.800000e+00
2.308406981496568e-06	1.800000e+00
2.308955362712014e-06	1.800000e+00
2.309621270024595e-06	1.800000e+00
2.310148463829409e-06	1.800000e+00
2.310575816613255e-06	1.800000e+00
2.311062892990894e-06	1.800000e+00
2.311745717416365e-06	1.800000e+00
2.312558640491294e-06	1.800000e+00
2.313420465226166e-06	1.800000e+00
2.314514245784483e-06	1.800000e+00
2.316054427495421e-06	1.800000e+00
2.318681380465620e-06	1.800000e+00
2.323564192965619e-06	1.800000e+00
2.328447005465619e-06	1.800000e+00
2.333329817965619e-06	1.800000e+00
2.338212630465619e-06	1.800000e+00
2.343095442965619e-06	1.800000e+00
2.345117187500001e-06	1.800000e+00
2.345956510931237e-06	1.800000e+00
2.347635157793709e-06	1.800000e+00
2.350000000000000e-06	1.800022e+00
2.350001154708109e-06	1.800017e+00
2.350003464124326e-06	1.800001e+00
2.350004041055090e-06	1.799999e+00
2.350004735987119e-06	1.800000e+00
2.350006125851177e-06	1.800000e+00
2.350007643915775e-06	1.800000e+00
2.350010680044970e-06	1.800000e+00
2.350016752303362e-06	1.800000e+00
2.350027032206785e-06	1.800000e+00
2.350038011560945e-06	1.800000e+00
2.350054124646582e-06	1.800000e+00
2.350076988326763e-06	1.800000e+00
2.350122715687126e-06	1.800000e+00
2.350214170407851e-06	1.800000e+00
2.350328572913660e-06	1.800000e+00
2.350463627569417e-06	1.800000e+00
2.350689768797442e-06	1.800000e+00
2.350925089883273e-06	1.800000e+00
2.351197368000733e-06	1.800000e+00
2.351443497498175e-06	1.800000e+00
2.351645444817509e-06	1.800000e+00
2.351906603115018e-06	1.800000e+00
2.352142883391327e-06	1.800000e+00
2.352352487017412e-06	1.800000e+00
2.352668082081416e-06	1.800000e+00
2.352954049347523e-06	1.800000e+00
2.353367497508549e-06	1.800000e+00
2.353749218208927e-06	1.800000e+00
2.354230438536648e-06	1.800000e+00
2.354680784893439e-06	1.800000e+00
2.355234291179904e-06	1.800000e+00
2.355912185165978e-06	1.800000e+00
2.356453921495448e-06	1.800000e+00
2.357086550403326e-06	1.800000e+00
2.357740375447868e-06	1.800000e+00
2.358480704712993e-06	1.800000e+00
2.359314625257552e-06	1.800000e+00
2.360170757896323e-06	1.800000e+00
2.361136876922343e-06	1.800000e+00
2.362224671660912e-06	1.800000e+00
2.363763406995848e-06	1.800000e+00
2.365239825737558e-06	1.800000e+00
2.367360668313263e-06	1.800000e+00
2.369450739469083e-06	1.800000e+00
2.372921917213465e-06	1.800000e+00
2.376328394731818e-06	1.800000e+00
2.381211207231818e-06	1.800000e+00
2.386094019731817e-06	1.800000e+00
2.390976832231817e-06	1.800000e+00
2.395859644731817e-06	1.800000e+00
2.400742457231817e-06	1.800000e+00
2.405625269731817e-06	1.800000e+00
2.410508082231816e-06	1.800000e+00
2.415390894731816e-06	1.800000e+00
2.420273707231816e-06	1.800000e+00
2.425156519731816e-06	1.800000e+00
2.430039332231816e-06	1.800000e+00
2.434922144731815e-06	1.800000e+00
2.439804957231815e-06	1.800000e+00
2.444687769731815e-06	1.800000e+00
2.445117187500000e-06	1.800000e+00
2.445976023036372e-06	1.800000e+00
2.447693694109114e-06	1.800000e+00
2.450000000000000e-06	1.800000e+00
2.450006858713544e-06	1.800000e+00
2.450020576140631e-06	1.800000e+00
2.450023888870148e-06	1.800000e+00
2.450028106300080e-06	1.800000e+00
2.450036541159945e-06	1.800000e+00
2.450053170431794e-06	1.800000e+00
2.450071534047540e-06	1.800000e+00
2.450101449165626e-06	1.800000e+00
2.450147961353702e-06	1.800000e+00
2.450240985729853e-06	1.800000e+00
2.450386426350699e-06	1.800000e+00
2.450543918886904e-06	1.800000e+00
2.450730580009865e-06	1.800000e+00
2.450961725110082e-06	1.800000e+00
2.451250315861182e-06	1.800000e+00
2.451573382714242e-06	1.800000e+00
2.452068030243953e-06	1.800000e+00
2.452814769375998e-06	1.800000e+00
2.453491794201494e-06	1.800000e+00
2.454346507543454e-06	1.800000e+00
2.455288450188911e-06	1.800000e+00
2.456533948987546e-06	1.800000e+00
2.457724283517753e-06	1.800000e+00
2.458570026442986e-06	1.800000e+00
2.459068031595000e-06	1.800000e+00
2.459642597634343e-06	1.800000e+00
2.460081770163172e-06	1.800000e+00
2.460457189133225e-06	1.800000e+00
2.460876838865215e-06	1.800000e+00
2.461477097640297e-06	1.800000e+00
2.462185776265267e-06	1.800000e+00
2.462948413885099e-06	1.800000e+00
2.463902701531615e-06	1.800000e+00
2.465128339888715e-06	1.800000e+00
2.466839793731906e-06	1.800000e+00
2.469042445936067e-06	1.800000e+00
2.471688988348113e-06	1.800000e+00
2.475071354108921e-06	1.800000e+00
2.479954166608921e-06	1.800000e+00
2.484836979108921e-06	1.800000e+00
2.499485416608920e-06	1.800000e+00
2.548587496314033e-06	1.800000e+00
2.550000000100000e-06	1.800000e+00
2.552825007671934e-06	1.800000e+00
2.555117187600001e-06	1.800000e+00
2.555415640243866e-06	1.800000e+00
2.556012545531598e-06	1.800000e+00
2.557206356107062e-06	1.800000e+00
2.557612378949073e-06	1.800000e+00
2.558424424633097e-06	1.800000e+00
2.560000000100000e-06	1.800000e+00
2.560004249102819e-06	1.800000e+00
2.560012747108458e-06	1.800000e+00
2.560014826660598e-06	1.800000e+00
2.560017355928095e-06	1.800000e+00
2.560022414463088e-06	1.800000e+00
2.560026983682965e-06	1.800000e+00
2.560036122122719e-06	1.800000e+00
2.560053723454732e-06	1.800000e+00
2.560073775006778e-06	1.800000e+00
2.560113878110869e-06	1.800000e+00
2.560179600673034e-06	1.800000e+00
2.560311045797364e-06	1.800000e+00
2.560525721296468e-06	1.800000e+00
2.560955072294675e-06	1.800000e+00
2.561570594342120e-06	1.800000e+00
2.562217029579834e-06	1.800000e+00
2.563509900055263e-06	1.800000e+00
2.564883018450531e-06	1.800000e+00
2.566829975051670e-06	1.800000e+00
2.569940933346266e-06	1.800000e+00
2.573662198063798e-06	1.800000e+00
2.578545010563798e-06	1.800000e+00
2.583427823063798e-06	1.800000e+00
2.588310635563798e-06	1.800000e+00
2.603568714411827e-06	1.800000e+00
2.618826793259856e-06	1.800000e+00
2.634084872107885e-06	1.800000e+00
2.649342950955914e-06	1.800000e+00
2.664601029803943e-06	1.800000e+00
2.679859108651972e-06	1.800000e+00
2.695117187500001e-06	1.800000e+00
2.700000000000000e-06	1.798049e+00
2.700009536743165e-06	1.798914e+00
2.700028610229493e-06	1.802145e+00
2.700033381145039e-06	1.800822e+00
2.700038982248175e-06	1.799209e+00
2.700044459961338e-06	1.799812e+00
2.700050596443774e-06	1.799966e+00
2.700059069249401e-06	1.799933e+00
2.700069159533564e-06	1.800017e+00
2.700083895131030e-06	1.799979e+00
2.700104643321707e-06	1.799764e+00
2.700108498635048e-06	1.799808e+00
2.700116209261730e-06	1.800029e+00
2.700118136918400e-06	1.800028e+00
2.700121992231741e-06	1.800003e+00
2.700122956060077e-06	1.800002e+00
2.700124883716747e-06	1.800005e+00
2.700128739030088e-06	1.800006e+00
2.700136449656770e-06	1.800006e+00
2.700151870910135e-06	1.800007e+00
2.700182713416863e-06	1.800006e+00
2.700243369280250e-06	1.800005e+00
2.700350517322517e-06	1.800004e+00
2.700464732979448e-06	1.800004e+00
2.700600119066651e-06	1.800003e+00
2.700765675315327e-06	1.800003e+00
2.701031608767554e-06	1.800002e+00
2.701460527214898e-06	1.800002e+00
2.702318364109587e-06	1.800001e+00
2.704034037898966e-06	1.800000e+00
2.705668436415245e-06	1.800000e+00
2.707245826630494e-06	1.800000e+00
2.708802485306510e-06	1.800000e+00
2.710772161728423e-06	1.800000e+00
2.712926648077329e-06	1.800000e+00
2.716264717671095e-06	1.800000e+00
2.720816683667348e-06	1.800000e+00
2.725699496167348e-06	1.800000e+00
2.726309847729848e-06	1.800000e+00
2.727530550854848e-06	1.800001e+00
2.728134947948695e-06	1.800002e+00
2.728286047222157e-06	1.800003e+00
2.728588245769080e-06	1.800009e+00
2.728663795405810e-06	1.800015e+00
2.728814894679272e-06	1.800058e+00
2.728946862932757e-06	1.799669e+00
2.729045391465955e-06	1.791087e+00
2.729134060709252e-06	1.750829e+00
2.729192837023248e-06	1.688064e+00
2.729247952963703e-06	1.614627e+00
2.729300427137437e-06	1.541391e+00
2.729321614617164e-06	1.483066e+00
2.729341588857152e-06	1.363307e+00
2.729363376324916e-06	1.122179e+00
2.729379704841936e-06	8.168567e-01
2.729397815697105e-06	3.672618e-01
2.729407413977784e-06	1.463735e-01
2.729414787943010e-06	4.847224e-02
2.729424186276834e-06	8.887172e-03
2.729431850136440e-06	2.592101e-03
2.729441712618091e-06	1.658782e-03
2.729457539051619e-06	9.646840e-04
2.729489191918674e-06	4.940105e-04
2.729520367218168e-06	3.405794e-04
2.729559399985592e-06	2.615427e-04
2.729611683515998e-06	2.038582e-04
2.729698723896592e-06	1.497439e-04
2.729791173812453e-06	9.424346e-05
2.729857172545421e-06	4.119383e-05
2.729945992836815e-06	-7.828220e-06
2.730007937594053e-06	-1.379941e-05
2.730086901315868e-06	-1.056167e-05
2.730180332722937e-06	3.518652e-06
2.730182426698780e-06	-7.102832e-07
2.730186614650466e-06	-9.740390e-06
2.730194990553837e-06	-7.878210e-06
2.730197084529679e-06	-7.970437e-06
2.730201272481365e-06	-9.071664e-06
2.730209648384736e-06	-8.899862e-06
2.730211742360579e-06	-8.885967e-06
2.730215930312264e-06	-8.950728e-06
2.730274561635860e-06	-8.263683e-06
2.730341568862827e-06	-7.516343e-06
2.730475583316760e-06	-6.212064e-06
2.730743612224627e-06	-4.174070e-06
2.731015554984306e-06	-2.788772e-06
2.731404336851758e-06	-1.644862e-06
2.731881236541793e-06	-8.747798e-07
2.732491483799525e-06	-3.847707e-07
2.733274424065442e-06	-1.066441e-07
2.734356835529302e-06	2.737364e-08
2.735841674547400e-06	5.593075e-08
2.738010922100113e-06	2.402832e-08
2.740724599549196e-06	-5.774508e-09
2.744091820100966e-06	-1.434154e-08
2.748974632600966e-06	-1.533903e-08
2.753857445100966e-06	-1.343470e-08
2.758740257600965e-06	-9.964536e-09
2.763623070100965e-06	-6.994554e-09
2.768505882600965e-06	-4.595466e-09
2.773388695100965e-06	-2.887589e-09
2.778271507600965e-06	-1.656086e-09
2.783154320100964e-06	-8.098189e-10
2.788037132600964e-06	-2.232232e-10
2.792919945100964e-06	1.996659e-10
2.795117187600001e-06	2.407075e-10
2.796582170105780e-06	4.370132e-10
2.798046690092296e-06	4.598260e-10
2.800000000100001e-06	-6.120827e-05
2.800005788560761e-06	-2.619705e-05
2.800017365482283e-06	8.883105e-05
2.800020162435447e-06	5.202310e-05
2.800023693680370e-06	-6.451877e-06
2.800030756170215e-06	-2.543990e-06
2.800041347268888e-06	-1.222365e-06
2.800062529466234e-06	-4.629393e-07
2.800096402146718e-06	-1.225648e-07
2.800135385601437e-06	-1.478533e-08
2.800171210971254e-06	-1.895929e-09
2.800215352549752e-06	1.617453e-09
2.800267199624832e-06	1.040747e-10
2.800337896760074e-06	1.468400e-09
2.800425962482078e-06	4.327932e-10
2.800562899321027e-06	1.314283e-09
2.800762436166848e-06	8.931886e-10
2.801002437225531e-06	9.848361e-10
2.801230543020160e-06	8.638451e-10
2.801539357524142e-06	1.108084e-09
2.801959029774653e-06	8.848435e-10
2.802697960971617e-06	1.045096e-09
2.803688354663544e-06	9.583387e-10
2.805350095908272e-06	1.034277e-09
2.808236354348516e-06	1.013034e-09
2.810637531763919e-06	1.013370e-09
2.813542780129281e-06	1.001452e-09
2.816748548730547e-06	1.009082e-09
2.820355194724391e-06	9.975789e-10
2.825107583136332e-06	1.005783e-09
2.829990395636332e-06	1.005117e-09
2.839756020636332e-06	1.005113e-09
2.844638833136332e-06	7.947448e-10
2.846073896227339e-06	1.063031e-09
2.847987313682016e-06	1.002214e-09
2.850000000000001e-06	-3.117712e-08
2.850000982756992e-06	-2.497472e-08
2.850002948270974e-06	-4.081593e-09
2.850003439785697e-06	-1.506728e-09
2.850004032911090e-06	-6.489752e-10
2.850005219161875e-06	2.149883e-10
2.850007029285170e-06	6.703229e-10
2.850010649531758e-06	7.648514e-10
2.850016371481436e-06	7.121727e-10
2.850022734603976e-06	7.454624e-10
2.850031548786462e-06	8.759211e-10
2.850044093230008e-06	1.011268e-09
2.850066520810018e-06	1.082634e-09
2.850087138632593e-06	1.067941e-09
2.850122443311409e-06	1.032337e-09
2.850165086579226e-06	1.017469e-09
2.850246122924538e-06	1.010016e-09
2.850342711058755e-06	1.007324e-09
2.850500240426775e-06	1.006144e-09
2.850675549709293e-06	1.005592e-09
2.850919123465951e-06	1.005065e-09
2.851166904741366e-06	1.004691e-09
2.851500702053421e-06	1.004607e-09
2.851971312737384e-06	1.004807e-09
2.852553765561195e-06	1.005000e-09
2.853158563972530e-06	1.005143e-09
2.853779562954182e-06	1.005260e-09
2.854391899865711e-06	1.005272e-09
2.854905546603583e-06	1.005206e-09
2.855457323622684e-06	1.005103e-09
2.856050969445675e-06	1.005056e-09
2.856643853972610e-06	1.005077e-09
2.857334471596272e-06	1.005133e-09
2.858134604375652e-06	1.005177e-09
2.858904100406676e-06	1.005167e-09
2.859831825963639e-06	1.005128e-09
2.860787689705301e-06	1.005118e-09
2.861908741439566e-06	1.005139e-09
2.863088854609992e-06	1.005148e-09
2.864435153469534e-06	1.005138e-09
2.866071675859573e-06	1.005134e-09
2.867809477975798e-06	1.005140e-09
2.869954338604166e-06	1.005139e-09
2.872686859763742e-06	1.005137e-09
2.875729253787772e-06	1.005139e-09
2.880094725070723e-06	1.005138e-09
2.884977537570722e-06	1.005138e-09
2.889860350070722e-06	1.005138e-09
2.894743162570722e-06	1.005138e-09
2.899625975070722e-06	1.005138e-09
2.904508787570722e-06	1.005138e-09
2.909391600070721e-06	1.005138e-09
2.914274412570721e-06	1.005138e-09
2.919157225070721e-06	1.005138e-09
2.924040037570721e-06	1.005138e-09
2.928922850070721e-06	1.005138e-09
2.933805662570720e-06	1.005138e-09
2.938688475070720e-06	1.005138e-09
2.943571287570720e-06	1.005138e-09
2.945117187500001e-06	1.005138e-09
2.946908200141439e-06	1.005138e-09
2.950000000000001e-06	9.993738e-10
2.950009371940940e-06	9.915677e-10
2.950028115822819e-06	9.578810e-10
2.950032637928341e-06	9.502313e-10
2.950038401153589e-06	9.481322e-10
2.950049485239968e-06	9.630096e-10
2.950062275923806e-06	9.858245e-10
2.950087857291483e-06	1.013523e-09
2.950121324404403e-06	1.021438e-09
2.950162840693002e-06	1.016938e-09
2.950214560005476e-06	1.012033e-09
2.950286922052016e-06	1.008837e-09
2.950376523646566e-06	1.007045e-09
2.950495416891190e-06	1.006055e-09
2.950635865760513e-06	1.005556e-09
2.950817064997299e-06	1.005261e-09
2.951039964237726e-06	1.005052e-09
2.951360177099063e-06	1.004915e-09
2.951785782437974e-06	1.004915e-09
2.952349566832322e-06	1.005015e-09
2.952897937141458e-06	1.005086e-09
2.953474707858657e-06	1.005131e-09
2.954085881763803e-06	1.005158e-09
2.954875858238307e-06	1.005159e-09
2.955914643202703e-06	1.005140e-09
2.956896251658036e-06	1.005131e-09
2.958396470246826e-06	1.005138e-09
2.959574280756046e-06	1.005143e-09
2.961014966779390e-06	1.005139e-09
2.962323763993872e-06	1.005137e-09
2.963534649553204e-06	1.005138e-09
2.965221820777254e-06	1.005139e-09
2.967148292602292e-06	1.005138e-09
2.971001236252369e-06	1.005138e-09
2.975884048752368e-06	1.005138e-09
2.980766861252368e-06	1.005138e-09
2.985649673752368e-06	1.005138e-09
2.990532486252368e-06	1.005138e-09
3.046864715295270e-06	1.005138e-09
3.050000000100000e-06	1.005138e-09
3.054882812600000e-06	1.005142e-09
3.055117187600001e-06	1.005141e-09
3.055585937600002e-06	1.005137e-09
3.056523437600005e-06	1.005137e-09
3.058125000099995e-06	1.005138e-09
3.060000000100001e-06	8.998392e-10
3.060004783049830e-06	8.880394e-10
3.060014348949488e-06	9.812907e-10
3.060016707110281e-06	1.056938e-09
3.060019495992094e-06	1.118669e-09
3.060023463777581e-06	1.115758e-09
3.060027651992668e-06	1.092582e-09
3.060034941106941e-06	1.059667e-09
3.060045164277450e-06	1.031429e-09
3.060064838730929e-06	1.011738e-09
3.060104187637888e-06	1.005196e-09
3.060166398525421e-06	1.005475e-09
3.060290820300488e-06	1.005482e-09
3.060539663850621e-06	1.005229e-09
3.060905720965914e-06	1.005158e-09
3.061392758749633e-06	1.005132e-09
3.062207076115611e-06	1.005133e-09
3.063279048385110e-06	1.005132e-09
3.064430850642368e-06	1.005135e-09
3.066295544206097e-06	1.005136e-09
3.068847605962692e-06	1.005138e-09
3.073730418462692e-06	1.005138e-09
3.078613230962692e-06	1.005138e-09
3.083496043462692e-06	1.005138e-09
3.088378855962691e-06	1.005138e-09
3.098144480962691e-06	1.005138e-09
3.103027293462691e-06	1.005138e-09
3.107910105962691e-06	1.005138e-09
3.112792918462690e-06	1.005138e-09
3.195117187500001e-06	1.005138e-09
3.200000000000001e-06	3.598586e-05
3.200009536743165e-06	3.007214e-05
3.200028610229493e-06	1.594410e-05
3.200033395463231e-06	1.568448e-05
3.200039146225389e-06	8.281243e-06
3.200050647749706e-06	-5.275380e-06
3.200067887107637e-06	-3.003362e-06
3.200091624577408e-06	-2.568679e-06
3.200125223118722e-06	-9.733235e-07
3.200188921844037e-06	-1.174912e-06
3.200316319294668e-06	-7.380989e-07
3.200571114195931e-06	-5.790861e-07
3.200885076963929e-06	-7.207762e-06
3.200945905832573e-06	-5.770856e-06
3.201067563569860e-06	-1.381242e-07
3.201097978004182e-06	-1.359753e-07
3.201158806872825e-06	-1.719156e-07
3.201212032132888e-06	-1.489783e-07
3.201227239350049e-06	-1.404161e-07
3.201257653784371e-06	-1.170126e-07
3.201265257392952e-06	-1.095321e-07
3.201280464610112e-06	-9.235711e-08
3.201310879044434e-06	-6.076536e-08
3.201318482653015e-06	-5.578121e-08
3.201333689870175e-06	-5.031802e-08
3.201364104304497e-06	-4.094087e-08
3.201424933173141e-06	-2.725779e-08
3.201546590910428e-06	-8.205813e-09
3.201789906385002e-06	1.598418e-08
3.202276537334151e-06	3.760632e-08
3.203154794533235e-06	4.013748e-08
3.204433184389836e-06	2.044882e-08
3.206215426429180e-06	-6.521556e-09
3.208059582884257e-06	-2.058005e-08
3.210118913283477e-06	-2.183153e-08
3.211503664662931e-06	-1.723636e-08
3.213146691800302e-06	-1.039007e-08
3.215143114101503e-06	-4.498444e-09
3.217714459223836e-06	-1.836591e-10
3.218140813026900e-06	2.831869e-10
3.218993520633028e-06	-6.185464e-10
3.219794322040860e-06	-4.221541e-07
3.220359903060650e-06	-2.370930e-06
3.220476076859911e-06	-5.067116e-06
3.220708424458433e-06	-1.961717e-05
3.220830814627914e-06	-4.117214e-05
3.220938759099707e-06	-8.499454e-05
3.221072871693251e-06	-1.772555e-04
3.221209441558020e-06	-1.309935e-04
3.221319690889722e-06	1.285071e-02
3.221409724079828e-06	5.081800e-02
3.221417669834246e-06	6.246608e-02
3.221433561343083e-06	1.160095e-01
3.221451581915257e-06	2.144229e-01
3.221454584165586e-06	2.400140e-01
3.221460588666242e-06	3.104326e-01
3.221472597667556e-06	4.760405e-01
3.221485634140337e-06	6.751416e-01
3.221499313936431e-06	8.975098e-01
3.221501852366554e-06	9.426298e-01
3.221506929226801e-06	1.044396e+00
3.221512547447063e-06	1.175452e+00
3.221517459438799e-06	1.318459e+00
3.221522927880076e-06	1.509443e+00
3.221527304341708e-06	1.663803e+00
3.221529869329320e-06	1.728932e+00
3.221533464524139e-06	1.773374e+00
3.221536591623337e-06	1.788308e+00
3.221540290970510e-06	1.794248e+00
3.221544483273983e-06	1.797312e+00
3.221550609894438e-06	1.798917e+00
3.221558206302309e-06	1.799377e+00
3.221567160977899e-06	1.799611e+00
3.221579689635549e-06	1.799917e+00
3.221598832797918e-06	1.800134e+00
3.221623987519820e-06	1.800185e+00
3.221666201348479e-06	1.800182e+00
3.221750629005798e-06	1.800168e+00
3.221916247701660e-06	1.800141e+00
3.222163202304910e-06	1.800111e+00
3.222415171297194e-06	1.800089e+00
3.222818004622186e-06	1.800065e+00
3.223195525364274e-06	1.800059e+00
3.223239298480274e-06	1.800051e+00
3.223250241759274e-06	1.800049e+00
3.223272128317274e-06	1.800048e+00
3.223277599956774e-06	1.800048e+00
3.223288543235774e-06	1.800048e+00
3.223310429793774e-06	1.800048e+00
3.223315901433274e-06	1.800048e+00
3.223317269343149e-06	1.800048e+00
3.223320005162899e-06	1.800048e+00
3.223326844712274e-06	1.800047e+00
3.223329580532024e-06	1.800047e+00
3.223335052171524e-06	1.800047e+00
3.223345995450524e-06	1.800047e+00
3.223367882008524e-06	1.800046e+00
3.223411655124524e-06	1.800044e+00
3.223499201356525e-06	1.800040e+00
3.223674293820525e-06	1.800034e+00
3.224024478748526e-06	1.800026e+00
3.224501278335009e-06	1.800019e+00
3.225236082670587e-06	1.800013e+00
3.226679214572976e-06	1.800006e+00
3.228939805057829e-06	1.800002e+00
3.231655124381622e-06	1.800000e+00
3.235437801737345e-06	1.800000e+00
3.240320614237345e-06	1.800000e+00
3.245203426737345e-06	1.800000e+00
3.250086239237344e-06	1.800000e+00
3.254969051737344e-06	1.800000e+00
3.259851864237344e-06	1.800000e+00
3.264734676737344e-06	1.800000e+00
3.269617489237344e-06	1.800000e+00
3.274500301737343e-06	1.800000e+00
3.279383114237343e-06	1.800000e+00
3.284265926737343e-06	1.800000e+00
3.289148739237343e-06	1.800000e+00
3.294031551737343e-06	1.800000e+00
3.295117187600001e-06	1.800000e+00
3.297288459325317e-06	1.800000e+00
3.300000000100000e-06	1.799419e+00
3.300006782117359e-06	1.799626e+00
3.300020346152075e-06	1.800485e+00
3.300023683809499e-06	1.800361e+00
3.300027702715703e-06	1.800117e+00
3.300032795929391e-06	1.800137e+00
3.300038430530728e-06	1.800105e+00
3.300049699733404e-06	1.800083e+00
3.300064696715732e-06	1.800056e+00
3.300094690680390e-06	1.800029e+00
3.300130715461556e-06	1.800012e+00
3.300202765023887e-06	1.800003e+00
3.300346864148550e-06	1.800000e+00
3.300548650176366e-06	1.800000e+00
3.300767429613944e-06	1.800000e+00
3.301046873828611e-06	1.800000e+00
3.301419099300533e-06	1.800000e+00
3.301992024806655e-06	1.800000e+00
3.302901144102064e-06	1.800000e+00
3.303983247127266e-06	1.800000e+00
3.305245186133207e-06	1.800000e+00
3.306671048936612e-06	1.800000e+00
3.308171557622031e-06	1.800000e+00
3.308882057648968e-06	1.800000e+00
3.309685524266309e-06	1.800000e+00
3.310169167065293e-06	1.800000e+00
3.310657776012231e-06	1.800000e+00
3.311175550546534e-06	1.800000e+00
3.311952631966270e-06	1.800000e+00
3.312783941373696e-06	1.800000e+00
3.313772930386999e-06	1.800000e+00
3.315070433922014e-06	1.800000e+00
3.317041696576532e-06	1.800000e+00
3.320984221885566e-06	1.800000e+00
3.325867034385566e-06	1.800000e+00
3.330749846885566e-06	1.800000e+00
3.335632659385566e-06	1.800000e+00
3.340515471885566e-06	1.800000e+00
3.345398284385565e-06	1.800000e+00
3.350000000000001e-06	1.799996e+00
3.350001192092896e-06	1.799997e+00
3.350003576278687e-06	1.800000e+00
3.350004171908161e-06	1.800000e+00
3.350004889012409e-06	1.800000e+00
3.350006323220904e-06	1.800000e+00
3.350007850942142e-06	1.800000e+00
3.350010906384618e-06	1.800000e+00
3.350017017269570e-06	1.800000e+00
3.350027672455033e-06	1.800000e+00
3.350038894825704e-06	1.800000e+00
3.350055649163875e-06	1.800000e+00
3.350079246049490e-06	1.800000e+00
3.350126439820720e-06	1.800000e+00
3.350220827363179e-06	1.800000e+00
3.350333956930300e-06	1.800000e+00
3.350473806213514e-06	1.800000e+00
3.350717810385437e-06	1.800000e+00
3.350939262521590e-06	1.800000e+00
3.351233986236636e-06	1.800000e+00
3.351488337848847e-06	1.800000e+00
3.351697209346933e-06	1.800000e+00
3.351961428982287e-06	1.800000e+00
3.352216388496172e-06	1.800000e+00
3.352436486518647e-06	1.800000e+00
3.352766042804518e-06	1.800000e+00
3.353066027374638e-06	1.800000e+00
3.353441309529550e-06	1.800000e+00
3.353838766889790e-06	1.800000e+00
3.354292472881442e-06	1.800000e+00
3.354759866529307e-06	1.800000e+00
3.355289154759284e-06	1.800000e+00
3.355913798213961e-06	1.800000e+00
3.356426961244211e-06	1.800000e+00
3.357036037599642e-06	1.800000e+00
3.357677788878301e-06	1.800000e+00
3.358390722051584e-06	1.800000e+00
3.359217771145406e-06	1.800000e+00
3.360020062773536e-06	1.800000e+00
3.360927782248405e-06	1.800000e+00
3.362005404890433e-06	1.800000e+00
3.363302869848078e-06	1.800000e+00
3.364989733888572e-06	1.800000e+00
3.366589841994825e-06	1.800000e+00
3.369140574260468e-06	1.800000e+00
3.372023880044230e-06	1.800000e+00
3.374941167194967e-06	1.800000e+00
3.379823979694966e-06	1.800000e+00
3.384706792194966e-06	1.800000e+00
3.389589604694966e-06	1.800000e+00
3.394472417194966e-06	1.800000e+00
3.399355229694966e-06	1.800000e+00
3.404238042194965e-06	1.800000e+00
3.409120854694965e-06	1.800000e+00
3.414003667194965e-06	1.800000e+00
3.418886479694965e-06	1.800000e+00
3.423769292194965e-06	1.800000e+00
3.428652104694964e-06	1.800000e+00
3.433534917194964e-06	1.800000e+00
3.438417729694964e-06	1.800000e+00
3.443300542194964e-06	1.800000e+00
3.445117187500001e-06	1.800000e+00
3.446366709389927e-06	1.800000e+00
3.447500956220150e-06	1.800000e+00
3.448192606578363e-06	1.800000e+00
3.449114807055979e-06	1.800000e+00
3.450000000000001e-06	1.800000e+00
3.450002638768870e-06	1.800000e+00
3.450007916306610e-06	1.800000e+00
3.450009190859366e-06	1.800000e+00
3.450010813172002e-06	1.800000e+00
3.450014057797273e-06	1.800000e+00
3.450020547047815e-06	1.800000e+00
3.450028493952894e-06	1.800000e+00
3.450038393637268e-06	1.800000e+00
3.450050409733475e-06	1.800000e+00
3.450067950241688e-06	1.800000e+00
3.450093793524887e-06	1.800000e+00
3.450140619434248e-06	1.800000e+00
3.450234271252968e-06	1.800000e+00
3.450378439613457e-06	1.800000e+00
3.450531942173793e-06	1.800000e+00
3.450716309052887e-06	1.800000e+00
3.450945666843293e-06	1.800000e+00
3.451231365112850e-06	1.800000e+00
3.451552178594552e-06	1.800000e+00
3.452042692641488e-06	1.800000e+00
3.452932632202397e-06	1.800000e+00
3.453854045371874e-06	1.800000e+00
3.455013100380040e-06	1.800000e+00
3.456360774413617e-06	1.800000e+00
3.457871059189426e-06	1.800000e+00
3.458572759745767e-06	1.800000e+00
3.459097490602058e-06	1.800000e+00
3.459752708264756e-06	1.800000e+00
3.460105368889137e-06	1.800000e+00
3.460609182053953e-06	1.800000e+00
3.461088599535085e-06	1.800000e+00
3.461767341380644e-06	1.800000e+00
3.462508315261826e-06	1.800000e+00
3.463438004105251e-06	1.800000e+00
3.464574921318347e-06	1.800000e+00
3.466126464974546e-06	1.800000e+00
3.468943976038647e-06	1.800000e+00
3.471523338624424e-06	1.800000e+00
3.474938133906173e-06	1.800000e+00
3.479820946406173e-06	1.800000e+00
3.484703758906173e-06	1.800000e+00
3.489586571406172e-06	1.800000e+00
3.498043804229051e-06	1.800000e+00
3.506501037051930e-06	1.800000e+00
3.514958269874809e-06	1.800000e+00
3.523415502697688e-06	1.800000e+00
3.531872735520567e-06	1.800000e+00
3.540329968343446e-06	1.800000e+00
3.548787201166325e-06	1.800000e+00
3.550000000100000e-06	1.800000e+00
3.552425597967351e-06	1.800000e+00
3.555148804365300e-06	1.800000e+00
3.560000000100001e-06	1.800000e+00
3.560009536843165e-06	1.800000e+00
3.560028610329493e-06	1.800000e+00
3.560033388274250e-06	1.800000e+00
3.560038951084099e-06	1.800000e+00
3.560050076703796e-06	1.800000e+00
3.560062054103568e-06	1.800000e+00
3.560084434498144e-06	1.800000e+00
3.560124405406239e-06	1.800000e+00
3.560184628741248e-06	1.800000e+00
3.560305075411265e-06	1.800000e+00
3.560530106060300e-06	1.800000e+00
3.560980167358371e-06	1.800000e+00
3.561589572250384e-06	1.800000e+00
3.562253523008745e-06	1.800000e+00
3.563581424525467e-06	1.800000e+00
3.564933785159628e-06	1.800000e+00
3.566959152652962e-06	1.800000e+00
3.570261755701433e-06	1.800000e+00
3.573829910694128e-06	1.800000e+00
3.578712723194128e-06	1.800000e+00
3.583595535694128e-06	1.800000e+00
3.588478348194128e-06	1.800000e+00
3.603712468094967e-06	1.800000e+00
3.618946587995806e-06	1.800000e+00
3.634180707896645e-06	1.800000e+00
3.649414827797484e-06	1.800000e+00
3.664648947698323e-06	1.800000e+00
3.679883067599162e-06	1.800000e+00
3.695117187500001e-06	1.800000e+00
3.700000000000001e-06	1.798049e+00
3.700009536743165e-06	1.798919e+00
3.700028610229493e-06	1.802171e+00
3.700033380923123e-06	1.800841e+00
3.700038983023129e-06	1.799203e+00
3.700045280704854e-06	1.799828e+00
3.700052188988545e-06	1.799977e+00
3.700062426852125e-06	1.799955e+00
3.700073534306209e-06	1.800021e+00
3.700090223414874e-06	1.799982e+00
3.700112480805707e-06	1.799710e+00
3.700116467165942e-06	1.799889e+00
3.700117463756000e-06	1.799964e+00
3.700119456936118e-06	1.799999e+00
3.700123443296352e-06	1.800004e+00
3.700124439886411e-06	1.800004e+00
3.700126433066528e-06	1.800005e+00
3.700130419426763e-06	1.800006e+00
3.700133409196938e-06	1.800006e+00
3.700137395557173e-06	1.800006e+00
3.700145368277642e-06	1.800006e+00
3.700161313718581e-06	1.800006e+00
3.700193204600458e-06	1.800006e+00
3.700256986364212e-06	1.800005e+00
3.700363547000370e-06	1.800004e+00
3.700480099705836e-06	1.800003e+00
3.700618808310060e-06	1.800003e+00
3.700792963791940e-06	1.800002e+00
3.701070377100931e-06	1.800002e+00
3.701530242337124e-06	1.800001e+00
3.702449972809511e-06	1.800001e+00
3.704289433754285e-06	1.800000e+00
3.705965035829704e-06	1.800000e+00
3.707419086612498e-06	1.800000e+00
3.709086782189880e-06	1.800000e+00
3.711032983462840e-06	1.800000e+00
3.713458618425179e-06	1.800000e+00
3.717020978963601e-06	1.800000e+00
3.721903791463600e-06	1.800000e+00
3.726786603963600e-06	1.800000e+00
3.727396955526100e-06	1.800000e+00
3.728617658651100e-06	1.800001e+00
3.729834572183418e-06	1.800002e+00
3.730003512369413e-06	1.800005e+00
3.730341392741401e-06	1.800019e+00
3.730370646151290e-06	1.800025e+00
3.730429152971067e-06	1.800051e+00
3.730546166610621e-06	1.799858e+00
3.730645801720040e-06	1.791541e+00
3.730746106437570e-06	1.747052e+00
3.730807379876297e-06	1.681089e+00
3.730864637267887e-06	1.598646e+00
3.730925052552692e-06	1.491702e+00
3.730948193167968e-06	1.397147e+00
3.730969738274613e-06	1.200797e+00
3.730985925721127e-06	9.224997e-01
3.731004516103758e-06	4.585111e-01
3.731014463321778e-06	1.980356e-01
3.731021320446322e-06	7.810424e-02
3.731031220131005e-06	1.343652e-02
3.731038897837767e-06	2.403094e-03
3.731048159914958e-06	1.632443e-03
3.731059826639334e-06	1.050655e-03
3.731083160088088e-06	5.965669e-04
3.731112980407125e-06	3.879412e-04
3.731149130672126e-06	2.904522e-04
3.731193547790696e-06	2.281517e-04
3.731282382027837e-06	1.636666e-04
3.731377391119751e-06	1.091882e-04
3.731444017199544e-06	5.677493e-05
3.731522109063866e-06	2.385765e-06
3.731601065604329e-06	-1.373304e-05
3.731610656390008e-06	-1.278852e-05
3.731629837961364e-06	-1.109523e-05
3.731668201104077e-06	-1.101390e-05
3.731680189586175e-06	-1.079963e-05
3.731684984979014e-06	-1.074651e-05
3.731701768853951e-06	-1.053471e-05
3.731768904353698e-06	-9.654999e-06
3.731845630639124e-06	-8.713818e-06
3.731999083209976e-06	-7.069370e-06
3.732305988351679e-06	-4.500239e-06
3.732587423039013e-06	-2.953109e-06
3.733017825657715e-06	-1.630787e-06
3.733458141275201e-06	-8.984166e-07
3.734084289496622e-06	-3.883628e-07
3.734825328129700e-06	-1.137379e-07
3.735960167836288e-06	3.027482e-08
3.737357550274940e-06	5.929256e-08
3.739585866382764e-06	2.507574e-08
3.742176074064020e-06	-3.381156e-09
3.745656406920453e-06	-1.315574e-08
3.750539219420453e-06	-1.579185e-08
3.755422031920453e-06	-1.461275e-08
3.760304844420453e-06	-1.118601e-08
3.765187656920453e-06	-8.009812e-09
3.770070469420452e-06	-5.364016e-09
3.774953281920452e-06	-3.441919e-09
3.779836094420452e-06	-2.050515e-09
3.784718906920452e-06	-1.083323e-09
3.789601719420452e-06	-4.142816e-10
3.794484531920451e-06	3.090377e-10
3.795117187600001e-06	2.468772e-10
3.796382498959099e-06	2.412057e-10
3.797469377381804e-06	-1.210396e-10
3.797826243254590e-06	-1.041535e-11
3.798539975000164e-06	-1.814807e-09
3.798572536608853e-06	-1.370704e-09
3.798637659826233e-06	4.734407e-11
3.799479014360967e-06	3.970817e-10
3.800000000100000e-06	-2.510189e-04
3.800001534948414e-06	-2.073131e-04
3.800004604645242e-06	1.708200e-04
3.800005346796204e-06	2.190576e-04
3.800006287901429e-06	1.739110e-04
3.800008170111878e-06	1.187717e-04
3.800011934532778e-06	6.208001e-05
3.800019463374577e-06	1.734727e-05
3.800029535296755e-06	1.070458e-06
3.800041265676303e-06	-9.068836e-07
3.800058258981203e-06	-5.145590e-07
3.800088759193844e-06	-1.580857e-07
3.800122481628209e-06	-2.902736e-08
3.800159451855409e-06	-3.659544e-09
3.800199002743660e-06	1.040744e-09
3.800249166808201e-06	6.779824e-10
3.800310072962859e-06	1.314872e-09
3.800391371805718e-06	7.969523e-10
3.800500932840998e-06	1.242327e-09
3.800692357153248e-06	1.002343e-09
3.800883491756268e-06	1.072839e-09
3.801129715106350e-06	1.005631e-09
3.801372974951552e-06	1.084297e-09
3.801751880922239e-06	9.715578e-10
3.802250893150891e-06	1.054643e-09
3.803206359799633e-06	9.954426e-10
3.804371472644289e-06	1.026979e-09
3.806701698333603e-06	9.998793e-10
3.809769434896300e-06	1.002400e-09
3.812398964971026e-06	1.004161e-09
3.815166470140180e-06	1.006945e-09
3.818236570637158e-06	1.003419e-09
3.821664146759168e-06	1.009509e-09
3.826546959259168e-06	1.005133e-09
3.831429771759168e-06	1.005144e-09
3.845117187500001e-06	1.002626e-09
3.850000000000000e-06	-1.319313e-08
3.850001192092896e-06	-1.017331e-08
3.850003576278687e-06	-3.163670e-10
3.850004172701164e-06	7.079324e-10
3.850004890770585e-06	8.212470e-10
3.850006326909428e-06	8.747523e-10
3.850008175451741e-06	8.412845e-10
3.850011872536369e-06	7.442883e-10
3.850018078861441e-06	6.920794e-10
3.850024889303989e-06	7.565046e-10
3.850034760146914e-06	9.125405e-10
3.850048816679395e-06	1.050268e-09
3.850069857405829e-06	1.090321e-09
3.850093030949281e-06	1.063082e-09
3.850128984406698e-06	1.030432e-09
3.850177604970295e-06	1.016088e-09
3.850258615551770e-06	1.009635e-09
3.850365409885015e-06	1.007161e-09
3.850524313967497e-06	1.006098e-09
3.850714692999976e-06	1.005554e-09
3.850949663878627e-06	1.005031e-09
3.851196439166983e-06	1.004659e-09
3.851512003205188e-06	1.004575e-09
3.852031043829421e-06	1.004821e-09
3.852552844502622e-06	1.004999e-09
3.853119984218702e-06	1.005124e-09
3.853775957551005e-06	1.005250e-09
3.854410259083545e-06	1.005261e-09
3.855026794804613e-06	1.005191e-09
3.855605898617974e-06	1.005102e-09
3.856234246526841e-06	1.005062e-09
3.856828533354531e-06	1.005085e-09
3.857502956756218e-06	1.005135e-09
3.858335527280155e-06	1.005174e-09
3.859128910777361e-06	1.005162e-09
3.860211415225725e-06	1.005125e-09
3.861229810927526e-06	1.005122e-09
3.862541285773166e-06	1.005144e-09
3.863810523922140e-06	1.005145e-09
3.865419326035722e-06	1.005135e-09
3.867186704986250e-06	1.005136e-09
3.869518763805981e-06	1.005140e-09
3.872044475132617e-06	1.005137e-09
3.875529757812409e-06	1.005138e-09
3.879409496629941e-06	1.005138e-09
3.884269534588193e-06	1.005138e-09
3.889152347088193e-06	1.005138e-09
3.894035159588193e-06	1.005138e-09
3.898917972088193e-06	1.005138e-09
3.903800784588192e-06	1.005138e-09
3.908683597088192e-06	1.005138e-09
3.913566409588192e-06	1.005138e-09
3.918449222088192e-06	1.005138e-09
3.923332034588192e-06	1.005138e-09
3.928214847088191e-06	1.005138e-09
3.933097659588191e-06	1.005138e-09
3.937980472088191e-06	1.005138e-09
3.942863284588191e-06	1.005138e-09
3.945117187500000e-06	1.005143e-09
3.945492194176381e-06	1.005141e-09
3.946242207529142e-06	1.005136e-09
3.947742234234665e-06	1.005138e-09
3.950000000000000e-06	1.001332e-09
3.950006889398923e-06	9.951131e-10
3.950020668196769e-06	9.666775e-10
3.950023989334108e-06	9.580009e-10
3.950028227625344e-06	9.491515e-10
3.950036704207814e-06	9.473122e-10
3.950051669934781e-06	9.675593e-10
3.950072303309035e-06	9.998192e-10
3.950100156459818e-06	1.020431e-09
3.950134098763727e-06	1.021419e-09
3.950181009507984e-06	1.015302e-09
3.950242648103947e-06	1.010718e-09
3.950322396654193e-06	1.008048e-09
3.950419607763251e-06	1.006644e-09
3.950552971067288e-06	1.005844e-09
3.950718483629790e-06	1.005422e-09
3.950932090036389e-06	1.005149e-09
3.951197788020865e-06	1.004963e-09
3.951564467344751e-06	1.004888e-09
3.952071423508115e-06	1.004956e-09
3.952680728797469e-06	1.005058e-09
3.953273827406948e-06	1.005115e-09
3.953929785868682e-06	1.005152e-09
3.954671280781818e-06	1.005163e-09
3.955523735742739e-06	1.005149e-09
3.956512436259845e-06	1.005133e-09
3.957839760678710e-06	1.005134e-09
3.959149701846212e-06	1.005142e-09
3.960313277554258e-06	1.005142e-09
3.961694358106594e-06	1.005138e-09
3.963445957134963e-06	1.005138e-09
3.965132336407378e-06	1.005138e-09
3.966848687418508e-06	1.005138e-09
3.969518989559847e-06	1.005138e-09
3.974401802059847e-06	1.005138e-09
3.979284614559847e-06	1.005138e-09
3.984167427059847e-06	1.005138e-09
3.998815864559846e-06	1.005138e-09
4.042761177059844e-06	1.005138e-09
4.045287979019688e-06	1.005137e-09
4.047679058895319e-06	1.005138e-09
4.050000000100000e-06	1.005138e-09
4.054641882509362e-06	1.005140e-09
4.055117187600000e-06	1.005139e-09
4.056067797781277e-06	1.005137e-09
4.057969018143830e-06	1.005138e-09
4.060000000100000e-06	9.041654e-10
4.060005153910054e-06	8.961893e-10
4.060015461530161e-06	1.000449e-09
4.060018004418965e-06	1.071977e-09
4.060020999433670e-06	1.122195e-09
4.060025229497278e-06	1.109027e-09
4.060029694261788e-06	1.083117e-09
4.060037277377192e-06	1.051614e-09
4.060047608365563e-06	1.026706e-09
4.060066829751646e-06	1.010632e-09
4.060105272523812e-06	1.005337e-09
4.060167388935763e-06	1.005549e-09
4.060291621759664e-06	1.005507e-09
4.060540087407467e-06	1.005240e-09
4.060906926172383e-06	1.005158e-09
4.061385343379518e-06	1.005133e-09
4.062184083589685e-06	1.005132e-09
4.063230848563087e-06	1.005132e-09
4.064365334346635e-06	1.005135e-09
4.066183112018793e-06	1.005136e-09
4.068893570799809e-06	1.005138e-09
4.073776383299809e-06	1.005138e-09
4.078659195799809e-06	1.005138e-09
4.083542008299809e-06	1.005138e-09
4.088424820799809e-06	1.005138e-09
4.098190445799808e-06	1.005138e-09
4.103073258299808e-06	1.005138e-09
4.107956070799808e-06	1.005138e-09
4.112838883299808e-06	1.005138e-09
4.195117187500001e-06	1.005138e-09
4.200000000000000e-06	3.694824e-05
4.200009536743164e-06	3.131638e-05
4.200028610229492e-06	1.743397e-05
4.200033395483713e-06	1.691367e-05
4.200039146236426e-06	9.105764e-06
4.200050647741853e-06	-5.016169e-06
4.200067604101474e-06	-3.173969e-06
4.200090069129747e-06	-2.775531e-06
4.200121738250434e-06	-1.100220e-06
4.200179323733425e-06	-1.260885e-06
4.200294494699408e-06	-7.900650e-07
4.200524836631373e-06	-6.618998e-07
4.200867384893708e-06	-7.215774e-06
4.200927339229804e-06	-5.692239e-06
4.201047247901996e-06	-1.587344e-07
4.201077225070044e-06	-1.563296e-07
4.201137179406140e-06	-1.897111e-07
4.201257088078332e-06	-1.348429e-07
4.201287065246380e-06	-1.177978e-07
4.201294559538392e-06	-1.102939e-07
4.201309548122416e-06	-9.133129e-08
4.201339525290464e-06	-6.589483e-08
4.201399479626560e-06	-4.367600e-08
4.201519388298752e-06	-2.258008e-08
4.201759205643135e-06	2.766897e-09
4.202238840331903e-06	2.523581e-08
4.203198109709437e-06	2.993794e-08
4.204833116491611e-06	1.074153e-08
4.207153204874876e-06	-1.294563e-08
4.209775796572891e-06	-1.990372e-08
4.212459762621645e-06	-1.257638e-08
4.214688958063222e-06	-4.091750e-09
4.215010981814798e-06	-2.763136e-09
4.215655029317948e-06	-6.365308e-08
4.216435714294005e-06	-2.329825e-06
4.216724231395967e-06	-7.651572e-06
4.216913752863549e-06	-1.919416e-05
4.217034027829261e-06	-4.102185e-05
4.217135370920371e-06	-8.352592e-05
4.217258465840689e-06	-1.720568e-04
4.217387363501215e-06	-2.558568e-04
4.217487996874259e-06	1.501345e-02
4.217599961681686e-06	7.022627e-02
4.217607655627897e-06	8.544982e-02
4.217623043520317e-06	1.441524e-01
4.217626890493422e-06	1.673214e-01
4.217634584439632e-06	2.410054e-01
4.217649972332053e-06	4.403390e-01
4.217662105928208e-06	6.293315e-01
4.217676536016291e-06	8.750885e-01
4.217678962321648e-06	9.193867e-01
4.217683814932363e-06	1.017578e+00
4.217690199188991e-06	1.166111e+00
4.217695499793918e-06	1.318706e+00
4.217701162252043e-06	1.513850e+00
4.217705559553389e-06	1.666137e+00
4.217708156659085e-06	1.730403e+00
4.217711803524480e-06	1.774077e+00
4.217714920178007e-06	1.788499e+00
4.217718706776851e-06	1.794401e+00
4.217722952553008e-06	1.797421e+00
4.217729152683031e-06	1.798967e+00
4.217736668181920e-06	1.799390e+00
4.217745809361878e-06	1.799623e+00
4.217758288664850e-06	1.799924e+00
4.217777699001182e-06	1.800137e+00
4.217802711156992e-06	1.800184e+00
4.217845627289733e-06	1.800182e+00
4.217931436316165e-06	1.800167e+00
4.218096550428937e-06	1.800140e+00
4.218307794185059e-06	1.800114e+00
4.218554978190679e-06	1.800091e+00
4.218827137529342e-06	1.800073e+00
4.219148153628124e-06	1.800058e+00
4.219492930715020e-06	1.800035e+00
4.219537450711303e-06	1.800042e+00
4.219548580710373e-06	1.800045e+00
4.219570840708515e-06	1.800045e+00
4.219615360704798e-06	1.800045e+00
4.219626490703868e-06	1.800044e+00
4.219629273203635e-06	1.800044e+00
4.219636229453054e-06	1.800044e+00
4.219644576952357e-06	1.800044e+00
4.219655706951428e-06	1.800044e+00
4.219658489451195e-06	1.800044e+00
4.219664054450731e-06	1.800044e+00
4.219675184449801e-06	1.800043e+00
4.219697444447942e-06	1.800043e+00
4.219741964444225e-06	1.800041e+00
4.219831004436790e-06	1.800037e+00
4.220009084421920e-06	1.800031e+00
4.220365244392181e-06	1.800024e+00
4.220870853476998e-06	1.800017e+00
4.221647329113178e-06	1.800012e+00
4.223173354484609e-06	1.800005e+00
4.225535991611229e-06	1.800002e+00
4.228413234176996e-06	1.800000e+00
4.232513731231205e-06	1.800000e+00
4.237396543731205e-06	1.800000e+00
4.242279356231205e-06	1.800000e+00
4.247162168731204e-06	1.800000e+00
4.252044981231204e-06	1.800000e+00
4.256927793731204e-06	1.800000e+00
4.261810606231204e-06	1.800000e+00
4.266693418731204e-06	1.800000e+00
4.271576231231203e-06	1.800000e+00
4.276459043731203e-06	1.800000e+00
4.281341856231203e-06	1.800000e+00
4.286224668731203e-06	1.800000e+00
4.291107481231203e-06	1.800000e+00
4.295117187600000e-06	1.800000e+00
4.300000000100000e-06	1.799693e+00
4.300012060604068e-06	1.799834e+00
4.300036181612203e-06	1.800263e+00
4.300042135903287e-06	1.800166e+00
4.300049171270074e-06	1.800049e+00
4.300058844528243e-06	1.800069e+00
4.300069063595760e-06	1.800040e+00
4.300085568019623e-06	1.800037e+00
4.300109842740239e-06	1.800017e+00
4.300144798002305e-06	1.800010e+00
4.300208637178277e-06	1.800002e+00
4.300301754669802e-06	1.800001e+00
4.300474237919311e-06	1.800000e+00
4.300694986517281e-06	1.800000e+00
4.300963352667657e-06	1.800000e+00
4.301291092440700e-06	1.800000e+00
4.301761953642505e-06	1.800000e+00
4.302456554814999e-06	1.800000e+00
4.303504825651924e-06	1.800000e+00
4.304643821840140e-06	1.800000e+00
4.306155663267026e-06	1.800000e+00
4.307199767952251e-06	1.800000e+00
4.307890329065349e-06	1.800000e+00
4.308830993530627e-06	1.800000e+00
4.309297210704541e-06	1.800000e+00
4.309855604775221e-06	1.800000e+00
4.310442383951699e-06	1.800000e+00
4.311305424252194e-06	1.800000e+00
4.312235299697640e-06	1.800000e+00
4.313351062168908e-06	1.800000e+00
4.314864435009155e-06	1.800000e+00
4.317264659868693e-06	1.800000e+00
4.322065109587769e-06	1.800000e+00
4.326947922087769e-06	1.800000e+00
4.331830734587769e-06	1.800000e+00
4.336713547087768e-06	1.800000e+00
4.341596359587768e-06	1.800000e+00
4.345117187500001e-06	1.800000e+00
4.350000000000001e-06	1.800026e+00
4.350001192092897e-06	1.800020e+00
4.350003576278688e-06	1.800001e+00
4.350004171736229e-06	1.799999e+00
4.350004889082082e-06	1.800000e+00
4.350006323773788e-06	1.800000e+00
4.350007850817875e-06	1.800000e+00
4.350010904906048e-06	1.800000e+00
4.350017013082393e-06	1.800000e+00
4.350029098344153e-06	1.800000e+00
4.350041015639936e-06	1.800000e+00
4.350059867221135e-06	1.800000e+00
4.350085283104189e-06	1.800000e+00
4.350136114870295e-06	1.800000e+00
4.350237778402509e-06	1.800000e+00
4.350349224353981e-06	1.800000e+00
4.350505865871922e-06	1.800000e+00
4.350704135693989e-06	1.800000e+00
4.350947399943376e-06	1.800000e+00
4.351234806098635e-06	1.800000e+00
4.351521420540561e-06	1.800000e+00
4.351773964116325e-06	1.800000e+00
4.352084409996561e-06	1.800000e+00
4.352380357736402e-06	1.800000e+00
4.352643182179361e-06	1.800000e+00
4.352953510491008e-06	1.800000e+00
4.353322646863490e-06	1.800000e+00
4.353686432750694e-06	1.800000e+00
4.354092989562506e-06	1.800000e+00
4.354506680294788e-06	1.800000e+00
4.354962055958445e-06	1.800000e+00
4.355477519202988e-06	1.800000e+00
4.355946206463244e-06	1.800000e+00
4.356378698938034e-06	1.800000e+00
4.356914821939002e-06	1.800000e+00
4.357486563861501e-06	1.800000e+00
4.358096702867922e-06	1.800000e+00
4.358723338002325e-06	1.800000e+00
4.359423540965021e-06	1.800000e+00
4.360355353498106e-06	1.800000e+00
4.361191702305225e-06	1.800000e+00
4.362129232131744e-06	1.800000e+00
4.363153919546630e-06	1.800000e+00
4.364381704056299e-06	1.800000e+00
4.365872852310200e-06	1.800000e+00
4.367564958234636e-06	1.800000e+00
4.369710270740267e-06	1.800000e+00
4.371872438494410e-06	1.800000e+00
4.376196774002694e-06	1.800000e+00
4.380544020815401e-06	1.800000e+00
4.385426833315401e-06	1.800000e+00
4.390309645815401e-06	1.800000e+00
4.395192458315401e-06	1.800000e+00
4.400075270815400e-06	1.800000e+00
4.404958083315400e-06	1.800000e+00
4.409840895815400e-06	1.800000e+00
4.414723708315400e-06	1.800000e+00
4.419606520815400e-06	1.800000e+00
4.424489333315399e-06	1.800000e+00
4.429372145815399e-06	1.800000e+00
4.439137770815399e-06	1.800000e+00
4.444020583315399e-06	1.800000e+00
4.445117187500001e-06	1.800000e+00
4.447310395869205e-06	1.800000e+00
4.450000000000001e-06	1.800000e+00
4.450007826040599e-06	1.800000e+00
4.450023478121796e-06	1.800000e+00
4.450027269042633e-06	1.800000e+00
4.450032074953673e-06	1.800000e+00
4.450041686775751e-06	1.800000e+00
4.450060910419909e-06	1.800000e+00
4.450088898630814e-06	1.800000e+00
4.450131834406063e-06	1.800000e+00
4.450215065104917e-06	1.800000e+00
4.450350384738008e-06	1.800000e+00
4.450492507706309e-06	1.800000e+00
4.450674729340891e-06	1.800000e+00
4.450899606444522e-06	1.800000e+00
4.451180202171693e-06	1.800000e+00
4.451497653091209e-06	1.800000e+00
4.451990649558973e-06	1.800000e+00
4.452617187811253e-06	1.800000e+00
4.453371752399005e-06	1.800000e+00
4.454131553413809e-06	1.800000e+00
4.455088238995696e-06	1.800000e+00
4.456264717739425e-06	1.800000e+00
4.457272634862438e-06	1.800000e+00
4.457862374602676e-06	1.800000e+00
4.458492254661555e-06	1.800000e+00
4.459063683610667e-06	1.800000e+00
4.459502375259542e-06	1.800000e+00
4.460001170078808e-06	1.800000e+00
4.460720692215635e-06	1.800000e+00
4.461516012595654e-06	1.800000e+00
4.462405051708804e-06	1.800000e+00
4.463471065129464e-06	1.800000e+00
4.464948673059877e-06	1.800000e+00
4.467110773938894e-06	1.800000e+00
4.469755001430320e-06	1.800000e+00
4.472817167866013e-06	1.800000e+00
4.477699980366013e-06	1.800000e+00
4.482582792866013e-06	1.800000e+00
4.491516277828011e-06	1.800000e+00
4.500449762790009e-06	1.800000e+00
4.509383247752007e-06	1.800000e+00
4.518316732714006e-06	1.800000e+00
4.527250217676004e-06	1.800000e+00
4.536183702638002e-06	1.800000e+00
4.545117187600001e-06	1.800000e+00
4.550000000100000e-06	1.800000e+00
4.554882812600000e-06	1.800000e+00
4.555117187600000e-06	1.800000e+00
4.555585937600001e-06	1.800000e+00
4.556523437600002e-06	1.800000e+00
4.558125000099998e-06	1.800000e+00
4.560000000100000e-06	1.800000e+00
4.560004991785419e-06	1.800000e+00
4.560014975156258e-06	1.800000e+00
4.560017422138624e-06	1.800000e+00
4.560020373608470e-06	1.800000e+00
4.560025443389599e-06	1.800000e+00
4.560030629277132e-06	1.800000e+00
4.560040694585056e-06	1.800000e+00
4.560057154044434e-06	1.800000e+00
4.560077759764608e-06	1.800000e+00
4.560118971204955e-06	1.800000e+00
4.560188895883787e-06	1.800000e+00
4.560328745241452e-06	1.800000e+00
4.560555531939958e-06	1.800000e+00
4.561009105336970e-06	1.800000e+00
4.561618952266537e-06	1.800000e+00
4.562336854951304e-06	1.800000e+00
4.563544962039267e-06	1.800000e+00
4.565052731002533e-06	1.800000e+00
4.566448195861004e-06	1.800000e+00
4.568664551501776e-06	1.800000e+00
4.571489778696717e-06	1.800000e+00
4.576372591196717e-06	1.800000e+00
4.581255403696717e-06	1.800000e+00
4.586138216196716e-06	1.800000e+00
4.688677278696712e-06	1.800000e+00
4.693560091196712e-06	1.800000e+00
4.696885807393423e-06	1.800000e+00
4.700000000000001e-06	1.797536e+00
4.700007828467857e-06	1.798578e+00
4.700023485403569e-06	1.803260e+00
4.700027339003443e-06	1.801870e+00
4.700031994813334e-06	1.799392e+00
4.700037534088665e-06	1.799704e+00
4.700043643435772e-06	1.799952e+00
4.700051398658806e-06	1.799896e+00
4.700061356367030e-06	1.799999e+00
4.700075445328330e-06	1.799966e+00
4.700096003196343e-06	1.800006e+00
4.700127349721722e-06	1.800192e+00
4.700133459460585e-06	1.800071e+00
4.700134986895301e-06	1.800023e+00
4.700138041764732e-06	1.800003e+00
4.700138805482090e-06	1.800002e+00
4.700140332916806e-06	1.800004e+00
4.700143387786237e-06	1.800005e+00
4.700149497525100e-06	1.800005e+00
4.700161717002825e-06	1.800005e+00
4.700186155958276e-06	1.800005e+00
4.700235033869177e-06	1.800005e+00
4.700332789690980e-06	1.800004e+00
4.700463033844142e-06	1.800003e+00
4.700588464442722e-06	1.800002e+00
4.700757755187078e-06	1.800002e+00
4.700987745180556e-06	1.800002e+00
4.701415401313745e-06	1.800001e+00
4.702208237731378e-06	1.800001e+00
4.703793910566644e-06	1.800000e+00
4.706021983654565e-06	1.800000e+00
4.707737609123782e-06	1.800000e+00
4.709776887527764e-06	1.800000e+00
4.711742778124762e-06	1.800000e+00
4.715138888916211e-06	1.800000e+00
4.719671422612365e-06	1.800000e+00
4.724554235112365e-06	1.800000e+00
4.729437047612364e-06	1.800000e+00
4.732461196309908e-06	1.800000e+00
4.732737238566103e-06	1.800000e+00
4.733289323078492e-06	1.800000e+00
4.734393492103269e-06	1.800000e+00
4.734553024861231e-06	1.800000e+00
4.734872090377154e-06	1.800001e+00
4.735510221409002e-06	1.800002e+00
4.736327598782327e-06	1.800006e+00
4.736456643735532e-06	1.800018e+00
4.736714733641940e-06	1.799680e+00
4.736888883420043e-06	1.792606e+00
4.736971918801336e-06	1.769596e+00
4.737026408146701e-06	1.725419e+00
4.737121029029764e-06	1.610932e+00
4.737131985983710e-06	1.598908e+00
4.737153899891601e-06	1.575228e+00
4.737174645957064e-06	1.535485e+00
4.737198137762205e-06	1.444433e+00
4.737223588394080e-06	1.261956e+00
4.737241973472875e-06	1.022412e+00
4.737260031755263e-06	6.509969e-01
4.737275729600979e-06	2.615275e-01
4.737284006035225e-06	9.961767e-02
4.737292653090581e-06	2.382700e-02
4.737301786034425e-06	4.576990e-03
4.737311444256039e-06	1.978040e-03
4.737322604777047e-06	1.251995e-03
4.737344925819065e-06	6.805629e-04
4.737376320347706e-06	4.086590e-04
4.737413300795626e-06	2.973329e-04
4.737456244426399e-06	2.331889e-04
4.737542131687944e-06	1.684589e-04
4.737646677781246e-06	1.058072e-04
4.737718219938406e-06	5.242007e-05
4.737813607470673e-06	-5.040946e-06
4.737888502932891e-06	-1.384016e-05
4.737969282838037e-06	-1.019805e-05
4.738054489886825e-06	-9.620363e-06
4.738223096679307e-06	-7.585876e-06
4.738523123816701e-06	-4.977833e-06
4.738917078248069e-06	-2.803182e-06
4.739381714261212e-06	-1.434850e-06
4.739828778454104e-06	-7.750201e-07
4.740445889529121e-06	-3.214020e-07
4.741267714114027e-06	-6.917421e-08
4.742407869604627e-06	4.690429e-08
4.743925373885790e-06	5.019645e-08
4.746066211762894e-06	2.235187e-08
4.749102231173893e-06	-4.396273e-09
4.752826960010842e-06	-8.494629e-06
4.753417510187138e-06	-1.981820e-06
4.753565147731212e-06	-1.237590e-08
4.753731239968295e-06	-4.011610e-09
4.753805058740333e-06	-2.748390e-09
4.753952696284407e-06	-3.270050e-09
4.754838521548850e-06	-1.243754e-08
4.756019621901442e-06	-1.713791e-08
4.758381822606626e-06	-1.662322e-08
4.763106224016994e-06	-2.898996e-09
4.763716575579494e-06	3.331303e-09
4.763869163470119e-06	4.166151e-09
4.764174339251369e-06	2.407996e-09
4.764784690813869e-06	-1.681709e-09
4.764937278704494e-06	-3.819119e-09
4.765242454485744e-06	-9.912204e-09
4.765852806048244e-06	-1.603511e-08
4.767073509173244e-06	-1.568511e-08
4.769514915423244e-06	-1.327869e-08
4.773946038721357e-06	-1.097484e-08
4.778828851221356e-06	-7.888044e-09
4.783711663721356e-06	-5.312471e-09
4.788594476221356e-06	-3.414282e-09
4.793477288721356e-06	-1.969798e-09
4.795117187600001e-06	-1.613764e-09
4.796720202342711e-06	-1.026475e-09
4.796941507158319e-06	-1.285862e-09
4.798819707750088e-06	-9.583019e-10
4.800000000100000e-06	-1.162807e-04
4.800003483875969e-06	-6.778290e-05
4.800010451427906e-06	1.628653e-04
4.800012135671547e-06	1.378999e-04
4.800014265716080e-06	5.111294e-05
4.800018525805147e-06	1.583880e-05
4.800025606397342e-06	3.711770e-06
4.800039421397433e-06	-4.530397e-07
4.800054398658926e-06	-6.921615e-07
4.800082691316062e-06	-1.820599e-07
4.800113921930433e-06	-4.889824e-08
4.800149849997206e-06	-4.553228e-09
4.800186003536728e-06	-3.771895e-09
4.800232269051787e-06	2.619203e-09
4.800285835259323e-06	-9.303079e-10
4.800357155511468e-06	2.055876e-09
4.800445849576112e-06	-2.226852e-10
4.800579528175309e-06	1.899780e-09
4.800801679320609e-06	8.818295e-10
4.801044711893081e-06	9.584843e-10
4.801275287112689e-06	7.685765e-10
4.801561278533188e-06	1.247614e-09
4.801946190208934e-06	7.504921e-10
4.802561616544295e-06	1.161643e-09
4.803544338634099e-06	9.073881e-10
4.805119470457511e-06	1.082771e-09
4.808161899542830e-06	9.946735e-10
4.811639057266930e-06	9.908445e-10
4.814541222600104e-06	1.001206e-09
4.817578349115848e-06	1.012810e-09
4.820922772326102e-06	9.976818e-10
4.824633816405267e-06	1.021366e-09
4.829516628905267e-06	1.005093e-09
4.834399441405267e-06	1.005121e-09
4.845117187500001e-06	8.744685e-10
4.847021429689470e-06	1.051943e-09
4.850000000000001e-06	7.001076e-08
4.850001192092897e-06	5.557209e-08
4.850003576278688e-06	8.300954e-09
4.850004172379093e-06	3.268323e-09
4.850004890796546e-06	2.434740e-09
4.850006327631452e-06	1.553315e-09
4.850008133341811e-06	1.068374e-09
4.850011744762527e-06	7.645712e-10
4.850017980014394e-06	6.356103e-10
4.850024811750450e-06	6.943435e-10
4.850034790684780e-06	8.867164e-10
4.850048879598346e-06	1.067013e-09
4.850069133129351e-06	1.117612e-09
4.850091689736318e-06	1.080439e-09
4.850125933386464e-06	1.037736e-09
4.850172413372887e-06	1.018958e-09
4.850248186921199e-06	1.010789e-09
4.850350416920300e-06	1.007684e-09
4.850503827639246e-06	1.006360e-09
4.850678670240130e-06	1.005800e-09
4.850905569030751e-06	1.005253e-09
4.851121438471728e-06	1.004804e-09
4.851416961769639e-06	1.004517e-09
4.851933361188600e-06	1.004706e-09
4.852481773060316e-06	1.004995e-09
4.853032124051512e-06	1.005102e-09
4.853627584595441e-06	1.005189e-09
4.854344930449063e-06	1.005217e-09
4.855252968078139e-06	1.005162e-09
4.856078272282030e-06	1.005127e-09
4.856712868152742e-06	1.005118e-09
4.857500380884128e-06	1.005117e-09
4.858376397307673e-06	1.005132e-09
4.859568971796213e-06	1.005148e-09
4.860694361253210e-06	1.005141e-09
4.862293036031514e-06	1.005135e-09
4.863966244914549e-06	1.005136e-09
4.866311962610514e-06	1.005139e-09
4.868738815323288e-06	1.005136e-09
4.873592520748837e-06	1.005138e-09
4.878434286434202e-06	1.005138e-09
4.883317098934201e-06	1.005138e-09
4.888199911434201e-06	1.005138e-09
4.893082723934201e-06	1.005138e-09
4.897965536434201e-06	1.005138e-09
4.902848348934201e-06	1.005138e-09
4.907731161434200e-06	1.005138e-09
4.912613973934200e-06	1.005138e-09
4.917496786434200e-06	1.005138e-09
4.922379598934200e-06	1.005138e-09
4.927262411434200e-06	1.005138e-09
4.932145223934199e-06	1.005138e-09
4.937028036434199e-06	1.005138e-09
4.941910848934199e-06	1.005138e-09
4.945117187500001e-06	1.005138e-09
4.950000000000001e-06	9.965755e-10
4.950014407355882e-06	9.875240e-10
4.950043222067644e-06	9.518627e-10
4.950050202290375e-06	9.494414e-10
4.950059046632655e-06	9.620026e-10
4.950072653220989e-06	9.926984e-10
4.950086210370797e-06	1.012641e-09
4.950113324670413e-06	1.022533e-09
4.950162859520464e-06	1.018762e-09
4.950223132067741e-06	1.012547e-09
4.950296797249009e-06	1.009033e-09
4.950382715643047e-06	1.007249e-09
4.950499527975086e-06	1.006209e-09
4.950653072417786e-06	1.005635e-09
4.950879001048023e-06	1.005251e-09
4.951156143723047e-06	1.005000e-09
4.951535765895675e-06	1.004877e-09
4.952021427124194e-06	1.004928e-09
4.952549820093660e-06	1.005030e-09
4.953175994619746e-06	1.005102e-09
4.953780222140891e-06	1.005146e-09
4.954393364971021e-06	1.005167e-09
4.955055318307471e-06	1.005162e-09
4.955907118257980e-06	1.005142e-09
4.956951122545157e-06	1.005130e-09
4.958063841519140e-06	1.005134e-09
4.959356333407177e-06	1.005141e-09
4.960543318776995e-06	1.005142e-09
4.962092925610679e-06	1.005138e-09
4.963616316930872e-06	1.005138e-09
4.965076324656441e-06	1.005138e-09
4.966974565345736e-06	1.005138e-09
4.969358949610640e-06	1.005138e-09
4.974127718140448e-06	1.005138e-09
4.979010530640448e-06	1.005138e-09
4.983893343140447e-06	1.005138e-09
4.988776155640447e-06	1.005138e-09
4.993658968140447e-06	1.005138e-09
4.997083561280893e-06	1.005138e-09
5.000000000000000e-06	1.005138e-09
