time	V(comp_out)
0.000000000000000e+00	1.005148e-09
2.000000000000000e-18	1.005148e-09
3.000000000000000e-18	1.005148e-09
4.000000000000000e-18	1.005148e-09
5.000000000000000e-18	1.005147e-09
7.000000000000000e-18	1.005147e-09
1.100000000000000e-17	1.005148e-09
1.900000000000000e-17	1.005148e-09
3.500000000000000e-17	1.005150e-09
6.700000000000000e-17	1.005154e-09
1.000000000000000e-16	1.005157e-09
1.049187576026621e-16	1.005158e-09
1.147562728079864e-16	1.005160e-09
1.843152016959291e-13	1.021063e-09
3.685156471190503e-13	1.035226e-09
5.527160925421714e-13	1.047648e-09
7.369165379652925e-13	1.058328e-09
9.211169833884136e-13	1.067268e-09
1.105317428811535e-12	1.074466e-09
1.289517874234656e-12	1.079923e-09
1.450695723358688e-12	1.084525e-09
1.773051421606752e-12	1.089602e-09
2.417762818102882e-12	1.095696e-09
2.578940667226914e-12	1.096275e-09
2.901296365474979e-12	1.095833e-09
3.546007761971108e-12	1.092830e-09
4.835430554963366e-12	1.083183e-09
7.414276140947883e-12	1.061062e-09
8.058987537444012e-12	1.055881e-09
9.348410330436271e-12	1.047143e-09
1.192725591642079e-11	1.033761e-09
1.708494708838982e-11	1.017317e-09
2.740032943232789e-11	1.003033e-09
4.803109412020402e-11	9.963123e-10
7.268456150048819e-11	9.971276e-10
1.069789351037820e-10	9.999848e-10
1.459935812616664e-10	1.002147e-09
2.005470053251195e-10	1.003773e-09
2.717491865723672e-10	1.004647e-09
3.869058180238225e-10	1.005044e-09
5.579661139680065e-10	1.005144e-09
7.831291842303932e-10	1.005148e-09
1.027482615025666e-09	1.005148e-09
1.335819226134796e-09	1.005148e-09
1.788339866405106e-09	1.005148e-09
2.538356835464550e-09	1.005148e-09
3.322324571760243e-09	1.005147e-09
3.340098490162331e-09	1.005147e-09
3.375646326966505e-09	1.005148e-09
3.384533286167549e-09	1.005148e-09
3.406750684170158e-09	1.005148e-09
3.433411561773289e-09	1.005148e-09
3.468959398577463e-09	1.005148e-09
3.540055072185812e-09	1.005148e-09
3.682246419402509e-09	1.005148e-09
3.950405563593546e-09	1.005148e-09
4.486723851975621e-09	1.005148e-09
5.197082975293514e-09	1.005148e-09
6.115678082554064e-09	1.005148e-09
7.095188344398427e-09	1.005148e-09
8.078327986999156e-09	1.005148e-09
9.134146544387375e-09	1.005148e-09
1.045093922129039e-08	1.005148e-09
1.128117632624402e-08	1.005148e-09
1.132853280418685e-08	1.005148e-09
1.142324576007252e-08	1.005148e-09
1.161267167184384e-08	1.005148e-09
1.165146625189297e-08	1.005148e-09
1.166116489690526e-08	1.005148e-09
1.169511015444825e-08	1.005148e-09
1.171935676697895e-08	1.005148e-09
1.174845270201580e-08	1.005148e-09
1.178724728206493e-08	1.005148e-09
1.186483644216319e-08	1.005148e-09
1.202001476235971e-08	1.005148e-09
1.233037140275276e-08	1.005148e-09
1.285675369700133e-08	1.005148e-09
1.347084524444285e-08	1.005148e-09
1.464194089412597e-08	1.005148e-09
1.698413219349220e-08	1.005148e-09
1.935862165426446e-08	1.005148e-09
2.229747997236755e-08	1.005148e-09
2.549272338389303e-08	1.005148e-09
2.895183084154648e-08	1.005148e-09
3.281000838306095e-08	1.005148e-09
3.769282088306095e-08	1.005148e-09
4.257563338306094e-08	1.005148e-09
4.745844588306094e-08	1.005148e-09
5.234125838306094e-08	1.005148e-09
5.722407088306094e-08	1.005148e-09
6.210688338306095e-08	1.005148e-09
6.698969588306095e-08	1.005148e-09
7.187250838306095e-08	1.005148e-09
7.675532088306095e-08	1.005148e-09
8.163813338306095e-08	1.005148e-09
8.652094588306095e-08	1.005148e-09
9.140375838306095e-08	1.005148e-09
9.511718760000000e-08	1.005148e-09
1.000000001000000e-07	1.005148e-09
1.000000001100000e-07	1.005148e-09
1.000000001300000e-07	1.005148e-09
1.000000001700000e-07	1.005148e-09
1.000000002000000e-07	1.005148e-09
1.000000002010000e-07	1.005148e-09
1.010000002010000e-07	1.108024e-09
1.020000002010000e-07	1.119493e-09
1.080000002010000e-07	1.005146e-09
2.000000000000000e-07	1.005227e-09
2.000000000100000e-07	1.813664e-05
2.000000003700000e-07	1.055403e-03
2.000000005500000e-07	1.265798e-03
2.000000136642863e-07	1.232930e-03
2.000000267785725e-07	1.200902e-03
2.000000398928587e-07	1.169715e-03
2.000000530071449e-07	1.139368e-03
2.000000661214312e-07	1.109862e-03
2.000000792357174e-07	1.081196e-03
2.000000923500036e-07	1.053371e-03
2.000001845100072e-07	8.766645e-04
2.000003688300144e-07	6.051863e-04
2.000007374700287e-07	2.705861e-04
2.000014747500574e-07	-1.103511e-05
2.000029493101148e-07	-1.180644e-04
2.000058984302296e-07	-7.210139e-05
2.000105095572369e-07	-1.780641e-05
2.000197318112515e-07	2.408659e-06
2.000381763192808e-07	2.727599e-06
2.000750653353393e-07	2.945754e-07
2.001247350210885e-07	-3.915718e-08
2.002008752234908e-07	-1.726899e-07
2.003410729366249e-07	-3.843577e-07
2.005751527867617e-07	-8.316172e-07
2.008516344083887e-07	-1.397900e-06
2.012630794084204e-07	-3.037324e-06
2.019056842762064e-07	-1.025925e-05
2.022055245100544e-07	-2.230197e-05
2.024835058939125e-07	-4.281672e-05
2.028314811483848e-07	-7.176633e-05
2.030502405643348e-07	-6.913681e-05
2.033545092781041e-07	5.127253e-03
2.036750491502036e-07	6.985369e-02
2.038341374194781e-07	1.817698e-01
2.038404207755649e-07	1.941252e-01
2.038529874877387e-07	2.401525e-01
2.038781209120861e-07	3.630973e-01
2.038832135768326e-07	3.938327e-01
2.038933989063254e-07	4.623047e-01
2.039137695653111e-07	6.016179e-01
2.039299187591109e-07	7.183156e-01
2.039339560575609e-07	7.522473e-01
2.039420306544608e-07	8.350164e-01
2.039498930492562e-07	9.320416e-01
2.039518586479550e-07	9.625105e-01
2.039557898453527e-07	1.038971e+00
2.039611996802056e-07	1.172175e+00
2.039661100931371e-07	1.333532e+00
2.039716838917552e-07	1.555914e+00
2.039747886190735e-07	1.673980e+00
2.039771236435004e-07	1.734304e+00
2.039801124829757e-07	1.772405e+00
2.039826374330803e-07	1.785735e+00
2.039863291583132e-07	1.792934e+00
2.039901616884737e-07	1.796467e+00
2.039960430902450e-07	1.798617e+00
2.040030056148658e-07	1.799305e+00
2.040108996779358e-07	1.799512e+00
2.040226849381266e-07	1.799814e+00
2.040399379487929e-07	1.800082e+00
2.040640133506661e-07	1.800177e+00
2.040999834191498e-07	1.800180e+00
2.041654818406495e-07	1.800172e+00
2.042950255091894e-07	1.800150e+00
2.045541128462692e-07	1.800113e+00
2.046188846805392e-07	1.800106e+00
2.047484283490791e-07	1.800096e+00
2.047808142662141e-07	1.800093e+00
2.048617790590516e-07	1.800087e+00
2.049184544140378e-07	1.800082e+00
2.049589368104565e-07	1.800080e+00
2.049791780086658e-07	1.800078e+00
2.050358533636521e-07	1.800075e+00
2.051006251979220e-07	1.800071e+00
2.052301688664619e-07	1.800064e+00
2.054892562035418e-07	1.800053e+00
2.059266531742562e-07	1.800039e+00
2.063927631227139e-07	1.800029e+00
2.071255583584775e-07	1.800019e+00
2.084517828353975e-07	1.800009e+00
2.098163681698605e-07	1.800004e+00
2.116881038905933e-07	1.800002e+00
2.137446403761877e-07	1.800000e+00
2.159091660262358e-07	1.800000e+00
2.188028737586405e-07	1.800000e+00
2.233437064096267e-07	1.800000e+00
2.282265189096267e-07	1.800000e+00
2.331093314096267e-07	1.800000e+00
2.379921439096267e-07	1.800000e+00
2.386024954721267e-07	1.800000e+00
2.391009207043434e-07	1.800000e+00
2.395993459365602e-07	1.800000e+00
2.400977711687770e-07	1.800000e+00
2.405961964009938e-07	1.800000e+00
2.410946216332105e-07	1.800000e+00
2.415930468654273e-07	1.800000e+00
2.420914720976441e-07	1.800000e+00
2.452586978616007e-07	1.800000e+00
2.474970735060011e-07	1.800000e+00
2.519738247948016e-07	1.800000e+00
2.568566372948016e-07	1.800001e+00
2.617394497948016e-07	1.800000e+00
2.666222622948017e-07	1.800000e+00
2.715050747948017e-07	1.800000e+00
2.763878872948017e-07	1.800000e+00
2.812706997948017e-07	1.800000e+00
2.861535122948017e-07	1.800000e+00
2.910363247948017e-07	1.800000e+00
2.951171876000000e-07	1.800000e+00
3.000000001000000e-07	1.799692e+00
3.000121291480309e-07	1.799833e+00
3.000363872440926e-07	1.800265e+00
3.000423528237564e-07	1.800170e+00
3.000495647974653e-07	1.800045e+00
3.000607290541702e-07	1.800068e+00
3.000744964000348e-07	1.800036e+00
3.000939253240366e-07	1.800032e+00
3.001327831720402e-07	1.800011e+00
3.001778024280609e-07	1.800006e+00
3.002678409401024e-07	1.800000e+00
3.004075639998840e-07	1.800000e+00
3.006779507735674e-07	1.800000e+00
3.009683850291950e-07	1.800000e+00
3.013217702943704e-07	1.800000e+00
3.017130488797599e-07	1.800000e+00
3.022207335943854e-07	1.800000e+00
3.029058274831877e-07	1.800000e+00
3.037140215050158e-07	1.800000e+00
3.046692958329780e-07	1.800000e+00
3.056481671648383e-07	1.800000e+00
3.067730436724953e-07	1.800000e+00
3.079927986269863e-07	1.800000e+00
3.093824517785101e-07	1.800000e+00
3.108405867216457e-07	1.800000e+00
3.134099017994043e-07	1.800000e+00
3.157418910491184e-07	1.800000e+00
3.183176617162581e-07	1.800000e+00
3.202361291797284e-07	1.800000e+00
3.213451810383124e-07	1.800000e+00
3.226382847295998e-07	1.800000e+00
3.240841069708607e-07	1.800000e+00
3.250124209657371e-07	1.800000e+00
3.256549364933697e-07	1.800000e+00
3.262562614026239e-07	1.800000e+00
3.269378332612759e-07	1.800000e+00
3.273413522730621e-07	1.800000e+00
3.278314157619811e-07	1.800000e+00
3.283623931567320e-07	1.800000e+00
3.290406569707961e-07	1.800000e+00
3.298211330534303e-07	1.800000e+00
3.306703037470499e-07	1.800000e+00
3.317435321462992e-07	1.800000e+00
3.331005416091075e-07	1.800000e+00
3.352753465407338e-07	1.800000e+00
3.377789325489168e-07	1.800000e+00
3.411357618135957e-07	1.800000e+00
3.455013244837411e-07	1.800000e+00
3.500000000000000e-07	1.800048e+00
3.500000000012500e-07	1.800048e+00
3.500000003962501e-07	1.800048e+00
3.500000005937501e-07	1.800048e+00
3.500000077601796e-07	1.800048e+00
3.500000149266091e-07	1.800048e+00
3.500000220930386e-07	1.800047e+00
3.500000292594681e-07	1.800047e+00
3.500000364258976e-07	1.800047e+00
3.500000435923271e-07	1.800046e+00
3.500000507587566e-07	1.800046e+00
3.500001013187630e-07	1.800044e+00
3.500002024387760e-07	1.800040e+00
3.500004046788020e-07	1.800033e+00
3.500008091588538e-07	1.800024e+00
3.500015550110503e-07	1.800012e+00
3.500024515070938e-07	1.800005e+00
3.500040539516817e-07	1.800002e+00
3.500072588408575e-07	1.800000e+00
3.500136686192091e-07	1.800000e+00
3.500243168006152e-07	1.800000e+00
3.500369755441709e-07	1.800000e+00
3.500570424344440e-07	1.800000e+00
3.500924800753523e-07	1.800000e+00
3.501633553571688e-07	1.800000e+00
3.502612474752723e-07	1.800000e+00
3.504004012188725e-07	1.800000e+00
3.505892712944342e-07	1.800000e+00
3.509064789500425e-07	1.800000e+00
3.512272843616857e-07	1.800000e+00
3.517787195776137e-07	1.800000e+00
3.524205265476775e-07	1.800000e+00
3.530228802547729e-07	1.800000e+00
3.537275082260945e-07	1.800000e+00
3.545675847131143e-07	1.800000e+00
3.556305619319839e-07	1.800000e+00
3.566741939736286e-07	1.800000e+00
3.581357842860754e-07	1.800000e+00
3.601915939860935e-07	1.800000e+00
3.621939621181409e-07	1.800000e+00
3.660653108223256e-07	1.800000e+00
3.699785927181689e-07	1.800000e+00
3.748614052181689e-07	1.800000e+00
3.797442177181689e-07	1.800000e+00
3.846270302181689e-07	1.800000e+00
3.895098427181689e-07	1.800000e+00
3.974537491155734e-07	1.800000e+00
4.053976555129778e-07	1.800000e+00
4.133415619103822e-07	1.800000e+00
4.212854683077867e-07	1.800000e+00
4.292293747051911e-07	1.800000e+00
4.371732811025956e-07	1.800000e+00
4.451171875000000e-07	1.800000e+00
4.478200041273239e-07	1.800000e+00
4.500000000000000e-07	1.800000e+00
4.500000000100001e-07	1.800000e+00
4.500000000300000e-07	1.800000e+00
4.500000000700001e-07	1.800000e+00
4.500000001000001e-07	1.800000e+00
4.500000001010000e-07	1.800000e+00
4.510000001010001e-07	1.800000e+00
4.520000001010001e-07	1.800000e+00
4.530000001010001e-07	1.800000e+00
4.540000001010001e-07	1.800000e+00
4.541605545258034e-07	1.800000e+00
4.544816633754098e-07	1.800000e+00
4.551238810746228e-07	1.800000e+00
4.564083164730488e-07	1.800000e+00
4.573397040825833e-07	1.800000e+00
4.580830024925000e-07	1.800000e+00
4.587418945080630e-07	1.800000e+00
4.594723290088197e-07	1.800000e+00
4.603425873706532e-07	1.800000e+00
4.612858049543214e-07	1.800000e+00
4.618589569135660e-07	1.800000e+00
4.623265794364473e-07	1.800000e+00
4.626828884018641e-07	1.800000e+00
4.630384113164987e-07	1.800000e+00
4.634573271080719e-07	1.800000e+00
4.637297416395080e-07	1.800000e+00
4.640333396646532e-07	1.800000e+00
4.643654023185136e-07	1.800000e+00
4.648458220280936e-07	1.800000e+00
4.654118677995438e-07	1.800000e+00
4.660009802086694e-07	1.800000e+00
4.667665011890474e-07	1.800000e+00
4.677088387595511e-07	1.800000e+00
4.690059855431075e-07	1.800000e+00
4.708508952393762e-07	1.800000e+00
4.727923419311876e-07	1.800000e+00
4.752385692206963e-07	1.800000e+00
4.786382633827378e-07	1.800000e+00
4.835210758827378e-07	1.800000e+00
4.884038883827378e-07	1.800000e+00
4.932867008827379e-07	1.800000e+00
4.981695133827379e-07	1.800000e+00
5.030523258827379e-07	1.800000e+00
5.128179508827379e-07	1.800000e+00
5.451171876000001e-07	1.800000e+00
5.500000001000001e-07	1.800000e+00
5.500000001100001e-07	1.800000e+00
5.500000001125001e-07	1.800000e+00
5.500000001175001e-07	1.800000e+00
5.500000001275001e-07	1.800000e+00
5.500000001475001e-07	1.800000e+00
5.500000001875001e-07	1.800000e+00
5.500000001890625e-07	1.800000e+00
5.500000001900626e-07	1.800000e+00
5.500000002198751e-07	1.800000e+00
5.500000002300806e-07	1.800000e+00
5.510000002300806e-07	1.800000e+00
5.520000002300806e-07	1.800000e+00
5.530000002300806e-07	1.800000e+00
5.548322907716277e-07	1.800000e+00
5.563354190169055e-07	1.800000e+00
5.569937436094444e-07	1.800000e+00
5.583103927945222e-07	1.800000e+00
5.600000001000000e-07	1.800000e+00
5.600047689372165e-07	1.800000e+00
5.600143066116494e-07	1.800000e+00
5.600166261102861e-07	1.800000e+00
5.600195086174975e-07	1.800000e+00
5.600252736319202e-07	1.800000e+00
5.600332000344095e-07	1.800000e+00
5.600483488687871e-07	1.800000e+00
5.600719214801199e-07	1.800000e+00
5.601033700184634e-07	1.800000e+00
5.601662670951503e-07	1.800000e+00
5.602920612485241e-07	1.800000e+00
5.605436495552716e-07	1.800000e+00
5.609101538032113e-07	1.800000e+00
5.616431622990905e-07	1.800000e+00
5.630921955483186e-07	1.800000e+00
5.645220583750981e-07	1.800000e+00
5.666387165190031e-07	1.800000e+00
5.693264569638503e-07	1.800000e+00
5.734262866983814e-07	1.800000e+00
5.783090991983814e-07	1.800000e+00
5.880747241983814e-07	1.800000e+00
6.954965991983817e-07	1.800000e+00
7.000000000000001e-07	1.790278e+00
7.000011920928955e-07	1.788372e+00
7.000035762786866e-07	1.792764e+00
7.000041690740911e-07	1.798627e+00
7.000048898582595e-07	1.804173e+00
7.000061735501921e-07	1.805543e+00
7.000073729381880e-07	1.804767e+00
7.000097717141800e-07	1.802904e+00
7.000139787741616e-07	1.801033e+00
7.000208197389999e-07	1.799800e+00
7.000283549901580e-07	1.799490e+00
7.000399933488210e-07	1.799568e+00
7.000554270539383e-07	1.799750e+00
7.000716049368208e-07	1.799918e+00
7.000935596063557e-07	1.800115e+00
7.000964617481036e-07	1.800133e+00
7.001022660315993e-07	1.800152e+00
7.001037171024733e-07	1.800156e+00
7.001066192442211e-07	1.800165e+00
7.001124235277169e-07	1.800188e+00
7.001138745985909e-07	1.800195e+00
7.001167767403387e-07	1.800211e+00
7.001175022757757e-07	1.800215e+00
7.001189533466496e-07	1.800222e+00
7.001218554883975e-07	1.800236e+00
7.001276597718932e-07	1.800257e+00
7.001392683388847e-07	1.800276e+00
7.001620912196756e-07	1.800226e+00
7.001830829268461e-07	1.799284e+00
7.002202807391947e-07	1.792665e+00
7.002437918901278e-07	1.779905e+00
7.002622281697459e-07	1.755540e+00
7.002770311398733e-07	1.713317e+00
7.002910867945358e-07	1.631102e+00
7.003108533824158e-07	1.427195e+00
7.003263994203605e-07	1.159099e+00
7.003372625968779e-07	8.550581e-01
7.003459047378909e-07	5.285684e-01
7.003535518044004e-07	2.386968e-01
7.003593325744700e-07	9.173320e-02
7.003661661245885e-07	1.970041e-02
7.003722722903536e-07	3.447058e-03
7.003795631509512e-07	1.187807e-03
7.003879913652975e-07	7.683577e-04
7.004048477939901e-07	5.574603e-04
7.004385606513752e-07	3.738801e-04
7.004890535937635e-07	2.671213e-04
7.005565366933619e-07	1.943311e-04
7.006318980121527e-07	1.524015e-04
7.007213102349233e-07	9.691315e-05
7.007829899588349e-07	4.732743e-05
7.008682221581650e-07	-5.140145e-06
7.009303026016475e-07	-1.229679e-05
7.010100211312796e-07	-8.995226e-06
7.010930353330203e-07	-8.145841e-06
7.012590637365017e-07	-6.422316e-06
7.015202450805822e-07	-4.377026e-06
7.018949966823440e-07	-2.607237e-06
7.022903189075042e-07	-1.535769e-06
7.027726907650875e-07	-8.735208e-07
7.033758349615224e-07	-4.152931e-07
7.042042166067252e-07	-1.804179e-07
7.052200255932540e-07	-2.546700e-05
7.054046739477120e-07	-2.006462e-05
7.057739706566281e-07	2.053141e-08
7.058662948338571e-07	1.616013e-08
7.060509431883151e-07	-1.112991e-08
7.063740778086167e-07	-7.103600e-09
7.067433745175328e-07	-3.509915e-09
7.074819679353650e-07	9.707922e-10
7.088721128493370e-07	5.050956e-09
7.107030587245774e-07	7.056959e-09
7.143649504750581e-07	8.355550e-09
7.192477629750581e-07	8.831155e-09
7.241305754750581e-07	7.926119e-09
7.290133879750582e-07	5.928407e-09
7.338962004750582e-07	4.006125e-09
7.387790129750582e-07	2.813957e-09
7.436618254750582e-07	2.150738e-09
7.485446379750582e-07	1.753610e-09
7.534274504750582e-07	1.501634e-09
7.583102629750582e-07	1.335604e-09
7.631930754750582e-07	1.226026e-09
7.680758879750583e-07	1.152690e-09
7.729587004750583e-07	1.103950e-09
7.778415129750583e-07	1.071227e-09
7.827243254750583e-07	1.049425e-09
7.876071379750583e-07	1.034776e-09
7.951171876000000e-07	1.020866e-09
8.000000001000000e-07	-2.935373e-05
8.000095368431641e-07	-8.590693e-06
8.000286103294922e-07	2.840648e-05
8.000333971479438e-07	1.312522e-06
8.000391317414527e-07	-1.992914e-05
8.000506009284704e-07	-7.001419e-07
8.000735393025059e-07	-8.947222e-07
8.001194160505769e-07	3.073939e-08
8.001733622926190e-07	-8.546930e-08
8.002415142834002e-07	4.753364e-08
8.003216280986392e-07	-7.927648e-08
8.004489598530389e-07	5.517147e-08
8.006711350859968e-07	-1.531114e-08
8.009591976607184e-07	4.372160e-09
8.012643502074961e-07	-1.828301e-08
8.017683948430634e-07	4.688181e-09
8.023429082483952e-07	-8.922941e-10
8.029619590601429e-07	6.717304e-09
8.037805166868720e-07	-4.575583e-09
8.049848346688709e-07	5.279950e-09
8.068722834522635e-07	7.925291e-10
8.088155799068488e-07	2.705547e-09
8.113478467461914e-07	-5.930655e-11
8.144881344798170e-07	2.410909e-09
8.239372987603995e-07	1.018407e-09
8.337029237603996e-07	1.018407e-09
8.434685487603996e-07	-4.555627e-09
8.451171875000001e-07	1.337135e-09
8.467027225207991e-07	-9.757841e-08
8.468289299584022e-07	-5.310941e-08
8.470813448336085e-07	2.710014e-08
8.475861745840211e-07	-1.178895e-08
8.485958340848464e-07	4.592091e-09
8.500000000000001e-07	2.958920e-06
8.500039366591116e-07	2.080670e-06
8.500118099773344e-07	-2.176437e-07
8.500137252170333e-07	-2.149970e-07
8.500161087710484e-07	-3.563698e-08
8.500208758790786e-07	-2.413401e-10
8.500272371346117e-07	1.232387e-09
8.500399031955014e-07	9.309378e-10
8.500610766502399e-07	1.023212e-09
8.500915153102429e-07	9.999274e-10
8.501292675506968e-07	1.014572e-09
8.501860802681784e-07	1.002279e-09
8.502750504413411e-07	1.008871e-09
8.504275247788541e-07	1.004334e-09
8.506423110506151e-07	1.006094e-09
8.509639577999733e-07	1.004539e-09
8.514294863458500e-07	1.005203e-09
8.519761714870567e-07	1.004984e-09
8.525776608627283e-07	1.005070e-09
8.531233536211295e-07	1.005030e-09
8.537757259001641e-07	1.005190e-09
8.544383760958558e-07	1.005033e-09
8.551974139626013e-07	1.005140e-09
8.559853104683671e-07	1.004971e-09
8.570182693022973e-07	1.005163e-09
8.580846190582511e-07	1.005054e-09
8.594040828109947e-07	1.005234e-09
8.611838777681441e-07	1.005140e-09
8.629436055673036e-07	1.005242e-09
8.656988236517859e-07	1.005148e-09
8.682949605558745e-07	1.005192e-09
8.719325450584461e-07	1.005104e-09
8.768153575584461e-07	1.005138e-09
8.816981700584461e-07	1.005138e-09
8.865809825584461e-07	1.005138e-09
8.914637950584461e-07	1.005138e-09
8.963466075584462e-07	1.005138e-09
9.012294200584462e-07	1.005138e-09
9.061122325584462e-07	1.005138e-09
9.109950450584462e-07	1.005138e-09
9.158778575584462e-07	1.005138e-09
9.207606700584462e-07	1.005138e-09
9.256434825584462e-07	1.005138e-09
9.354091075584463e-07	1.005138e-09
9.402919200584463e-07	1.005138e-09
9.451747325584463e-07	1.005137e-09
9.500000000000001e-07	1.099919e-09
9.500143457623705e-07	1.066366e-09
9.500430372871112e-07	9.931200e-10
9.500499695872304e-07	9.952680e-10
9.500587875152052e-07	1.000879e-09
9.500723687032747e-07	1.004505e-09
9.500885709462573e-07	1.006977e-09
9.501209754322227e-07	1.007616e-09
9.501857844041534e-07	1.007252e-09
9.502486231627834e-07	1.006517e-09
9.503588649906887e-07	1.005801e-09
9.505224988939137e-07	1.005343e-09
9.507557386453056e-07	1.005158e-09
9.510036717502617e-07	1.005093e-09
9.513438594069574e-07	1.005073e-09
9.518735267738180e-07	1.005074e-09
9.526225328859717e-07	1.005108e-09
9.533727949796894e-07	1.005136e-09
9.543943170455957e-07	1.005154e-09
9.556399539480348e-07	1.005143e-09
9.568471107907708e-07	1.005134e-09
9.585041475074264e-07	1.005137e-09
9.601023049551792e-07	1.005139e-09
9.620769594715704e-07	1.005137e-09
9.660262685043526e-07	1.005138e-09
9.705273042989846e-07	1.005138e-09
9.754101167989847e-07	1.005138e-09
9.802929292989847e-07	1.005138e-09
9.851757417989847e-07	1.005138e-09
9.900585542989847e-07	1.005138e-09
9.949413667989847e-07	1.005138e-09
9.998241792989847e-07	1.005138e-09
1.006607097755982e-06	1.005138e-09
1.013390016212980e-06	1.005138e-09
1.020172934669978e-06	1.005138e-09
1.026955853126976e-06	1.005138e-09
1.033738771583974e-06	1.005138e-09
1.040521690040972e-06	1.005138e-09
1.047304608497970e-06	1.005138e-09
1.050000000100000e-06	1.005138e-09
1.054882812600000e-06	1.005133e-09
1.055117187600000e-06	1.005136e-09
1.055585937600000e-06	1.005140e-09
1.056523437599999e-06	1.005137e-09
1.058125000100001e-06	1.005139e-09
1.060000000100000e-06	8.892816e-10
1.060005194008267e-06	8.866245e-10
1.060015581824802e-06	1.038537e-09
1.060018113992107e-06	1.121729e-09
1.060021230180728e-06	1.168030e-09
1.060027462557972e-06	1.119648e-09
1.060034565709941e-06	1.068743e-09
1.060048772013878e-06	1.025628e-09
1.060077184621753e-06	1.004163e-09
1.060110028081973e-06	1.003366e-09
1.060175715002414e-06	1.004848e-09
1.060307088843294e-06	1.005050e-09
1.060569836525054e-06	1.005120e-09
1.060953492035743e-06	1.005141e-09
1.061663013429911e-06	1.005134e-09
1.062867654075392e-06	1.005135e-09
1.064159894138431e-06	1.005136e-09
1.065960087617981e-06	1.005137e-09
1.068102128258508e-06	1.005138e-09
1.071497401740221e-06	1.005138e-09
1.075992429947305e-06	1.005138e-09
1.090640867447305e-06	1.005138e-09
1.188297117447305e-06	1.005138e-09
1.193179929947305e-06	1.005139e-09
1.195117187500000e-06	1.005137e-09
1.196125484894610e-06	1.005137e-09
1.198142079683830e-06	1.005138e-09
1.200000000000000e-06	4.099144e-05
1.200005396136336e-06	2.510414e-05
1.200016188409007e-06	-7.002338e-06
1.200018802865515e-06	1.560281e-05
1.200022105904986e-06	3.447790e-05
1.200028711983929e-06	1.357308e-05
1.200041916271933e-06	8.705528e-06
1.200068324847940e-06	3.918569e-06
1.200115202832764e-06	1.260054e-06
1.200167511208559e-06	-8.413334e-09
1.200245776689257e-06	-5.897488e-07
1.200344422447080e-06	-8.444926e-07
1.200496268838419e-06	-7.254339e-07
1.200709702097237e-06	-6.008743e-07
1.201136568614871e-06	-3.409073e-07
1.201862972224344e-06	-1.440344e-07
1.202992073402890e-06	-1.728891e-08
1.204270565043586e-06	5.173769e-09
1.206140054364220e-06	1.101797e-09
1.209306532668822e-06	-1.026423e-08
1.214189345168822e-06	-9.332098e-09
1.219072157668822e-06	-6.821438e-09
1.223954970168822e-06	-4.813046e-09
1.228837782668822e-06	-3.208470e-09
1.233720595168822e-06	-2.029310e-09
1.238603407668822e-06	-1.158696e-09
1.243486220168822e-06	-5.402399e-10
1.248369032668822e-06	-9.890755e-11
1.253251845168822e-06	2.089564e-10
1.258134657668822e-06	4.245067e-10
1.263017470168822e-06	5.738912e-10
1.267900282668822e-06	6.766641e-10
1.272783095168822e-06	7.480594e-10
1.277665907668822e-06	7.962626e-10
1.282548720168822e-06	8.303687e-10
1.287431532668822e-06	8.526513e-10
1.292314345168822e-06	-4.727896e-10
1.295117187600000e-06	-4.666535e-10
1.300000000100000e-06	-5.062157e-06
1.300055337184655e-06	-2.330229e-06
1.300153982435381e-06	-5.092138e-06
1.300175431812589e-06	-3.980195e-06
1.300210035993930e-06	4.873583e-07
1.300254764080052e-06	-1.001371e-07
1.300301845524518e-06	-3.147525e-07
1.300396008413450e-06	1.684677e-07
1.300565094909027e-06	-7.443391e-08
1.300822085855531e-06	1.367018e-08
1.301104499016366e-06	-1.592029e-08
1.301427290647397e-06	4.367981e-08
1.301932440872437e-06	-1.329393e-08
1.302552999884725e-06	1.855512e-08
1.303421731238042e-06	-1.142810e-08
1.304623812052846e-06	1.178587e-08
1.306448245634796e-06	-2.687591e-09
1.308642169895209e-06	5.354483e-09
1.311589724045556e-06	7.973838e-10
1.314553904083398e-06	4.000362e-09
1.318458468222320e-06	-1.100156e-09
1.323341280722320e-06	8.762981e-10
1.328224093222320e-06	8.772076e-10
1.337989718222320e-06	8.785719e-10
1.342872530722320e-06	-8.378406e-09
1.345117187500000e-06	8.144840e-08
1.346297684333920e-06	-2.349861e-08
1.347871680112481e-06	7.258185e-09
1.350000000000000e-06	1.003932e-05
1.350005852355440e-06	6.848019e-06
1.350017557066318e-06	-7.394568e-07
1.350020407425727e-06	-5.467559e-07
1.350023919575356e-06	2.457606e-08
1.350030943874614e-06	2.505546e-09
1.350038840317918e-06	1.979619e-09
1.350054633204527e-06	9.652856e-10
1.350077638344135e-06	1.058605e-09
1.350109234247943e-06	9.950702e-10
1.350153963729225e-06	1.027112e-09
1.350220164171426e-06	9.983770e-10
1.350323468708183e-06	1.011217e-09
1.350466817491312e-06	1.002030e-09
1.350678514101310e-06	1.007210e-09
1.350964512272777e-06	1.003540e-09
1.351355451912802e-06	1.005765e-09
1.351864685860429e-06	1.004855e-09
1.352387513965028e-06	1.005251e-09
1.352945248184747e-06	1.005054e-09
1.353528609824296e-06	1.005082e-09
1.354073075216942e-06	1.005241e-09
1.354609671639463e-06	1.005635e-09
1.355267899153394e-06	1.004954e-09
1.355969886668814e-06	1.004979e-09
1.356628595013550e-06	1.004734e-09
1.357440873569443e-06	1.005119e-09
1.358231277648040e-06	1.004977e-09
1.359110265021383e-06	1.005435e-09
1.360202629861816e-06	1.005054e-09
1.361364470621975e-06	1.005191e-09
1.362578748510886e-06	1.004830e-09
1.364281209608314e-06	1.005104e-09
1.365912732786758e-06	1.004783e-09
1.368820355186114e-06	1.005214e-09
1.372311446895438e-06	1.005044e-09
1.376960997459111e-06	1.005151e-09
1.381843809959111e-06	1.005138e-09
1.386726622459111e-06	1.005138e-09
1.391609434959111e-06	1.005138e-09
1.396492247459111e-06	1.005138e-09
1.401375059959111e-06	1.005138e-09
1.406257872459111e-06	1.005138e-09
1.411140684959111e-06	1.005138e-09
1.416023497459111e-06	1.005138e-09
1.420906309959111e-06	1.005138e-09
1.425789122459111e-06	1.005138e-09
1.430671934959111e-06	1.005138e-09
1.435554747459111e-06	1.005138e-09
1.440437559959111e-06	1.005138e-09
1.445320372459111e-06	1.005127e-09
1.450000000000000e-06	1.262465e-09
1.450012451557980e-06	1.172643e-09
1.450037354673939e-06	9.719324e-10
1.450043465867678e-06	9.754165e-10
1.450051067956892e-06	9.878763e-10
1.450062044108615e-06	9.962787e-10
1.450079966980622e-06	1.007171e-09
1.450115812724635e-06	1.011910e-09
1.450155992126457e-06	1.011209e-09
1.450204539004608e-06	1.009072e-09
1.450267751763300e-06	1.007549e-09
1.450362655586840e-06	1.006317e-09
1.450490488350777e-06	1.005675e-09
1.450685660006595e-06	1.005287e-09
1.450943991815335e-06	1.005117e-09
1.451327110960740e-06	1.005011e-09
1.451717676369357e-06	1.005009e-09
1.452254337682215e-06	1.005051e-09
1.452904581072770e-06	1.005102e-09
1.453649924075454e-06	1.005132e-09
1.454713041637429e-06	1.005158e-09
1.455783162717874e-06	1.005152e-09
1.456910416172715e-06	1.005135e-09
1.458235042279877e-06	1.005133e-09
1.459727716003268e-06	1.005140e-09
1.461278154857483e-06	1.005138e-09
1.464379032565914e-06	1.005138e-09
1.467491303147941e-06	1.005138e-09
1.472374115647941e-06	1.005138e-09
1.477256928147941e-06	1.005138e-09
1.482139740647941e-06	1.005138e-09
1.491905365647941e-06	1.005138e-09
1.496788178147941e-06	1.005138e-09
1.501670990647941e-06	1.005138e-09
1.506553803147941e-06	1.005138e-09
1.511436615647941e-06	1.005138e-09
1.545117187600000e-06	1.005138e-09
1.550000000100000e-06	1.005138e-09
1.554882812600000e-06	1.005159e-09
1.555117187600000e-06	1.005150e-09
1.555585937600000e-06	1.005133e-09
1.556523437599999e-06	1.005139e-09
1.558125000100001e-06	1.005138e-09
1.560000000100000e-06	8.890088e-10
1.560005027040728e-06	8.828615e-10
1.560015080922183e-06	1.016409e-09
1.560017542675856e-06	1.099728e-09
1.560020523468713e-06	1.154320e-09
1.560025885150957e-06	1.124302e-09
1.560031330830759e-06	1.084661e-09
1.560042193372853e-06	1.040315e-09
1.560060721713642e-06	1.010527e-09
1.560084920866510e-06	1.003710e-09
1.560133319172246e-06	1.004554e-09
1.560229515729079e-06	1.005190e-09
1.560421908842745e-06	1.005157e-09
1.560737910728010e-06	1.005153e-09
1.561218777803844e-06	1.005137e-09
1.562030647780288e-06	1.005135e-09
1.563169490448868e-06	1.005134e-09
1.564448417379749e-06	1.005136e-09
1.566259793306629e-06	1.005137e-09
1.568349669828025e-06	1.005138e-09
1.572260843019124e-06	1.005138e-09
1.577143655519124e-06	1.005138e-09
1.582026468019124e-06	1.005138e-09
1.591792093019124e-06	1.005138e-09
1.689448343019125e-06	1.005138e-09
1.694331155519125e-06	1.005136e-09
1.695117187500000e-06	1.005137e-09
1.696689251461752e-06	1.005127e-09
1.697189113305989e-06	1.005141e-09
1.697855595764973e-06	1.005138e-09
1.698667035082033e-06	1.005139e-09
1.700000000000000e-06	6.406877e-05
1.700003870349557e-06	4.180750e-05
1.700011611048672e-06	-2.912871e-05
1.700013486325656e-06	-4.769548e-07
1.700015855866719e-06	3.677736e-05
1.700020594948843e-06	1.910147e-05
1.700030073113092e-06	8.312585e-06
1.700047702482365e-06	1.349617e-06
1.700066313396536e-06	-1.371584e-07
1.700098588810408e-06	-4.618238e-07
1.700144458984868e-06	-3.309030e-07
1.700232360094180e-06	-4.556088e-07
1.700374276378049e-06	-4.742979e-07
1.700658108945785e-06	-3.705117e-07
1.700964030120097e-06	-2.239425e-07
1.701509936384265e-06	-8.640384e-08
1.702424820398809e-06	1.249017e-08
1.704112590419170e-06	3.159623e-08
1.706159422335788e-06	1.060188e-08
1.709647113063954e-06	-1.169983e-08
1.713478823029267e-06	-1.571272e-08
1.718361635529267e-06	-1.551837e-08
1.723244448029267e-06	-1.267807e-08
1.728127260529267e-06	-9.230689e-09
1.733010073029267e-06	-6.372602e-09
1.737892885529267e-06	-4.154799e-09
1.742775698029267e-06	-2.576996e-09
1.747658510529267e-06	-1.447916e-09
1.752541323029267e-06	-6.752998e-10
1.757424135529267e-06	-8.503775e-11
1.762306948029267e-06	3.809646e-10
1.767189760529267e-06	6.836558e-10
1.772072573029267e-06	8.499228e-10
1.776955385529267e-06	9.649170e-10
1.781838198029267e-06	1.040860e-09
1.786721010529267e-06	1.092474e-09
1.791603823029267e-06	7.970101e-10
1.795117187600000e-06	7.611408e-10
1.800000000100000e-06	-3.098037e-05
1.800009536843165e-06	-9.677737e-06
1.800028610329493e-06	2.847642e-05
1.800033397739876e-06	1.242385e-06
1.800039105033469e-06	-2.001035e-05
1.800050519620653e-06	-1.131367e-06
1.800064856927152e-06	-1.290842e-06
1.800093531540151e-06	-4.194784e-08
1.800124132145135e-06	-1.794730e-07
1.800165028791215e-06	3.495442e-09
1.800204156918913e-06	-9.474650e-08
1.800259369248227e-06	2.143295e-08
1.800318733975123e-06	-5.421958e-08
1.800407667672753e-06	1.933106e-08
1.800514602911470e-06	-3.623057e-08
1.800720692634675e-06	-1.371312e-09
1.800911972446374e-06	-1.094450e-08
1.801182173663085e-06	-1.285299e-09
1.801428959541671e-06	-1.060650e-08
1.801832282969377e-06	4.606008e-09
1.802335038957054e-06	-6.066860e-09
1.803340550932407e-06	2.379307e-09
1.804588288960595e-06	-1.801671e-09
1.807083765016971e-06	1.394970e-09
1.809976928690353e-06	1.115701e-09
1.812743720817635e-06	1.086980e-09
1.815597377286702e-06	6.599873e-10
1.818925085773656e-06	1.199977e-09
1.822587852140750e-06	5.353503e-10
1.827470664640750e-06	1.008914e-09
1.832353477140750e-06	1.007379e-09
1.845117187500000e-06	1.894260e-09
1.850000000000000e-06	1.947654e-06
1.850001192092896e-06	1.538115e-06
1.850003576278687e-06	1.992398e-07
1.850004172638579e-06	5.749751e-08
1.850004890781608e-06	3.575489e-08
1.850006327067665e-06	1.465789e-08
1.850008168152864e-06	4.772478e-09
1.850011850323262e-06	1.124915e-09
1.850017987804927e-06	6.226114e-10
1.850024751870572e-06	7.440562e-10
1.850034513610638e-06	8.970822e-10
1.850048445913450e-06	1.055675e-09
1.850069122872106e-06	1.098800e-09
1.850091906063110e-06	1.069846e-09
1.850127000386215e-06	1.032860e-09
1.850174416356128e-06	1.017356e-09
1.850253016919364e-06	1.009987e-09
1.850357358465530e-06	1.007416e-09
1.850513453664953e-06	1.006171e-09
1.850699815509798e-06	1.005654e-09
1.850930127516066e-06	1.005099e-09
1.851165246279629e-06	1.004711e-09
1.851465923014507e-06	1.004521e-09
1.851951563643821e-06	1.004765e-09
1.852497738646553e-06	1.004979e-09
1.853043321772223e-06	1.005105e-09
1.853674824990805e-06	1.005226e-09
1.854354787008097e-06	1.005256e-09
1.855128461240130e-06	1.005188e-09
1.855745468019004e-06	1.005103e-09
1.856347847682079e-06	1.005066e-09
1.856976531376368e-06	1.005092e-09
1.857666860644418e-06	1.005131e-09
1.858539694394930e-06	1.005169e-09
1.859358452302485e-06	1.005152e-09
1.860523902091467e-06	1.005124e-09
1.861604939224702e-06	1.005121e-09
1.863061445973555e-06	1.005144e-09
1.864440017385379e-06	1.005140e-09
1.866338093598892e-06	1.005135e-09
1.868375178356842e-06	1.005135e-09
1.871375294163252e-06	1.005138e-09
1.874133927249089e-06	1.005134e-09
1.878303125464240e-06	1.005139e-09
1.883185937964240e-06	1.005138e-09
1.888068750464240e-06	1.005138e-09
1.892951562964240e-06	1.005138e-09
1.897834375464240e-06	1.005138e-09
1.902717187964240e-06	1.005138e-09
1.907600000464240e-06	1.005138e-09
1.912482812964240e-06	1.005138e-09
1.917365625464240e-06	1.005138e-09
1.922248437964240e-06	1.005138e-09
1.927131250464239e-06	1.005138e-09
1.932014062964239e-06	1.005138e-09
1.936896875464239e-06	1.005138e-09
1.941779687964239e-06	1.005139e-09
1.945117187500000e-06	1.005140e-09
1.950000000000000e-06	9.992991e-10
1.950014688636039e-06	9.889256e-10
1.950044065908118e-06	9.516783e-10
1.950051162661064e-06	9.511825e-10
1.950060190847986e-06	9.669283e-10
1.950074425724672e-06	9.993635e-10
1.950088275685541e-06	1.017197e-09
1.950115975607279e-06	1.023321e-09
1.950165532663405e-06	1.017945e-09
1.950224174934043e-06	1.012082e-09
1.950298738072665e-06	1.008772e-09
1.950384739152160e-06	1.007087e-09
1.950505819719598e-06	1.006100e-09
1.950665654373334e-06	1.005550e-09
1.950871989301056e-06	1.005225e-09
1.951129907205585e-06	1.005001e-09
1.951473513201248e-06	1.004885e-09
1.951932702458245e-06	1.004921e-09
1.952519248184177e-06	1.005032e-09
1.953054197976840e-06	1.005097e-09
1.953613068502204e-06	1.005138e-09
1.954229959980944e-06	1.005162e-09
1.954990145936604e-06	1.005160e-09
1.955970388799642e-06	1.005140e-09
1.956978898280413e-06	1.005130e-09
1.958278759967627e-06	1.005136e-09
1.959816164401337e-06	1.005142e-09
1.961165333059184e-06	1.005140e-09
1.962587864743171e-06	1.005137e-09
1.963883681897897e-06	1.005137e-09
1.965727912450843e-06	1.005138e-09
1.967462409667724e-06	1.005138e-09
1.970931404101486e-06	1.005138e-09
1.975814216601486e-06	1.005138e-09
1.980697029101486e-06	1.005138e-09
1.985579841601485e-06	1.005138e-09
2.047004379597035e-06	1.005138e-09
2.050000000100000e-06	1.005138e-09
2.054882812600000e-06	1.005141e-09
2.055169425628316e-06	1.005140e-09
2.055742651684947e-06	1.005137e-09
2.056889103798210e-06	1.005138e-09
2.057801728817282e-06	1.005139e-09
2.058174750061857e-06	1.005139e-09
2.058920792551008e-06	1.005138e-09
2.060000000100000e-06	8.926751e-10
2.060002797630322e-06	8.485673e-10
2.060008392690966e-06	7.924891e-10
2.060009767662098e-06	8.550656e-10
2.060011419016910e-06	9.643378e-10
2.060013647377366e-06	1.049882e-09
2.060016051359030e-06	1.086562e-09
2.060020859322358e-06	1.098260e-09
2.060029599837465e-06	1.076667e-09
2.060046238345276e-06	1.035400e-09
2.060079515360899e-06	1.008035e-09
2.060128995588262e-06	1.004824e-09
2.060227956042987e-06	1.005784e-09
2.060425876952438e-06	1.005303e-09
2.060758673561431e-06	1.005189e-09
2.061166253301592e-06	1.005130e-09
2.061781884672146e-06	1.005138e-09
2.062686744190828e-06	1.005130e-09
2.063714473846668e-06	1.005136e-09
2.065143498773453e-06	1.005132e-09
2.067693857311146e-06	1.005138e-09
2.071110859173630e-06	1.005137e-09
2.075993671673630e-06	1.005138e-09
2.080876484173630e-06	1.005138e-09
2.085759296673630e-06	1.005138e-09
2.090642109173630e-06	1.005138e-09
2.095524921673629e-06	1.005138e-09
2.100407734173629e-06	1.005138e-09
2.188298359173626e-06	1.005138e-09
2.193181171673625e-06	1.005136e-09
2.195117187500000e-06	1.005141e-09
2.198149530041750e-06	1.005138e-09
2.200000000000000e-06	7.166970e-05
2.200004018960731e-06	5.462611e-05
2.200012056882194e-06	-1.258510e-06
2.200014074385057e-06	2.522321e-05
2.200016497690076e-06	5.411701e-05
2.200021344300115e-06	2.860161e-05
2.200027705517230e-06	1.395520e-05
2.200038022903238e-06	1.715729e-06
2.200052287360350e-06	-3.023101e-06
2.200068231315854e-06	-3.349750e-06
2.200090807498346e-06	-2.116297e-06
2.200123456650170e-06	-1.405048e-06
2.200186879072006e-06	-9.834973e-07
2.200313723915678e-06	-8.492897e-07
2.200567413603022e-06	-5.805785e-07
2.200957367385197e-06	6.433060e-07
2.201027762909654e-06	4.898379e-07
2.201168553958569e-06	-1.780505e-07
2.201203751720798e-06	-1.642958e-07
2.201291746126370e-06	-1.306106e-07
2.201326943888599e-06	-1.191989e-07
2.201335743329156e-06	-1.157845e-07
2.201353342210270e-06	-1.072079e-07
2.201357741930549e-06	-1.043660e-07
2.201366541371106e-06	-9.640693e-08
2.201397339413056e-06	-6.241325e-08
2.201414938294171e-06	-4.733331e-08
2.201450136056400e-06	-3.027340e-08
2.201520531580857e-06	-1.543285e-08
2.201661322629772e-06	-6.812879e-10
2.201942904727602e-06	1.510851e-08
2.202506068923262e-06	2.610096e-08
2.203245461809896e-06	2.404895e-08
2.204549213590264e-06	9.971155e-09
2.206774115939550e-06	-1.045183e-08
2.209049214190073e-06	-1.910931e-08
2.211423566079524e-06	-1.435714e-08
2.211849802859720e-06	-1.242889e-08
2.212702276420115e-06	-7.934129e-09
2.212915394810213e-06	-9.865086e-09
2.213341631590410e-06	-3.539822e-07
2.213736935627902e-06	-3.105427e-06
2.213953081365902e-06	-8.744429e-06
2.214094483207846e-06	-1.877564e-05
2.214212384969539e-06	-4.102601e-05
2.214307683745796e-06	-8.229835e-05
2.214420195730948e-06	-1.671790e-04
2.214542059922987e-06	-2.905656e-04
2.214633516866472e-06	7.870729e-03
2.214742605197637e-06	4.144720e-02
2.214752827052678e-06	5.673619e-02
2.214773270762761e-06	1.184308e-01
2.214777416250760e-06	1.395042e-01
2.214785707226758e-06	2.126022e-01
2.214802289178754e-06	4.239404e-01
2.214814677892742e-06	6.224553e-01
2.214829030049668e-06	8.787900e-01
2.214831150456070e-06	9.191159e-01
2.214835391268874e-06	1.008085e+00
2.214842609063280e-06	1.181777e+00
2.214848452085184e-06	1.355678e+00
2.214855219677711e-06	1.591201e+00
2.214858568327524e-06	1.696673e+00
2.214861305476417e-06	1.750635e+00
2.214864631754567e-06	1.779696e+00
2.214867794018928e-06	1.790269e+00
2.214871736840006e-06	1.795282e+00
2.214876784384173e-06	1.798060e+00
2.214884006976921e-06	1.799219e+00
2.214891061271349e-06	1.799458e+00
2.214901540651070e-06	1.799725e+00
2.214915517435547e-06	1.800009e+00
2.214938097499784e-06	1.800165e+00
2.214965851054223e-06	1.800185e+00
2.215018293557385e-06	1.800179e+00
2.215112102365315e-06	1.800161e+00
2.215299719981173e-06	1.800133e+00
2.215490380160456e-06	1.800110e+00
2.215737131647764e-06	1.800089e+00
2.216005220043639e-06	1.800072e+00
2.216319763083194e-06	1.800057e+00
2.216653642984295e-06	1.800035e+00
2.216680672349209e-06	1.800037e+00
2.216734731079037e-06	1.800046e+00
2.216748245761494e-06	1.800045e+00
2.216775275126408e-06	1.800045e+00
2.216783239135713e-06	1.800044e+00
2.216791203145018e-06	1.800044e+00
2.216799167154323e-06	1.800044e+00
2.216807131163628e-06	1.800044e+00
2.216815095172933e-06	1.800044e+00
2.216823059182238e-06	1.800044e+00
2.216831023191543e-06	1.800043e+00
2.216842848538693e-06	1.800043e+00
2.216846227209307e-06	1.800043e+00
2.216852984550535e-06	1.800043e+00
2.216866499232993e-06	1.800043e+00
2.216893528597907e-06	1.800042e+00
2.216947587327735e-06	1.800040e+00
2.217055704787391e-06	1.800035e+00
2.217271939706703e-06	1.800030e+00
2.217704409545328e-06	1.800022e+00
2.218252627504317e-06	1.800016e+00
2.219169181126534e-06	1.800010e+00
2.220755701427910e-06	1.800005e+00
2.223341381628692e-06	1.800001e+00
2.226191913914689e-06	1.800000e+00
2.230424040548727e-06	1.800000e+00
2.235306853048727e-06	1.800000e+00
2.240189665548726e-06	1.800000e+00
2.245072478048726e-06	1.800000e+00
2.249955290548726e-06	1.800000e+00
2.254838103048726e-06	1.800000e+00
2.259720915548726e-06	1.800000e+00
2.264603728048725e-06	1.800000e+00
2.269486540548725e-06	1.800000e+00
2.274369353048725e-06	1.800000e+00
2.279252165548725e-06	1.800000e+00
2.284134978048725e-06	1.800000e+00
2.289017790548724e-06	1.800000e+00
2.293900603048724e-06	1.800000e+00
2.297550356702553e-06	1.800000e+00
2.300000000100000e-06	1.799357e+00
2.300006132219298e-06	1.799575e+00
2.300018396457894e-06	1.800525e+00
2.300021414129915e-06	1.800402e+00
2.300025054781027e-06	1.800131e+00
2.300029743513814e-06	1.800147e+00
2.300034914356046e-06	1.800117e+00
2.300045256040511e-06	1.800092e+00
2.300060519426025e-06	1.800063e+00
2.300091046197053e-06	1.800031e+00
2.300123935347346e-06	1.800014e+00
2.300189713647930e-06	1.800004e+00
2.300321270249099e-06	1.800000e+00
2.300544486146795e-06	1.800000e+00
2.300755541717501e-06	1.800000e+00
2.301043505402548e-06	1.800000e+00
2.301372069677993e-06	1.800000e+00
2.301901426072582e-06	1.800000e+00
2.302605326041789e-06	1.800000e+00
2.303708058914536e-06	1.800000e+00
2.304877828921760e-06	1.800000e+00
2.306126732302651e-06	1.800000e+00
2.306929453713922e-06	1.800000e+00
2.307996610189358e-06	1.800000e+00
2.308534471632935e-06	1.800000e+00
2.309179747010802e-06	1.800000e+00
2.309854921162070e-06	1.800000e+00
2.310834980605960e-06	1.800000e+00
2.311881168368127e-06	1.800000e+00
2.313170458702007e-06	1.800000e+00
2.315000963014099e-06	1.800000e+00
2.318095067990455e-06	1.800000e+00
2.322977880490455e-06	1.800000e+00
2.327860692990455e-06	1.800000e+00
2.332743505490455e-06	1.800000e+00
2.342509130490454e-06	1.800000e+00
2.345117187500001e-06	1.800000e+00
2.350000000000000e-06	1.800002e+00
2.350001192092896e-06	1.800002e+00
2.350003576278687e-06	1.800000e+00
2.350004171586106e-06	1.800000e+00
2.350004889172567e-06	1.800000e+00
2.350006324345489e-06	1.800000e+00
2.350007854049790e-06	1.800000e+00
2.350010913458391e-06	1.800000e+00
2.350017032275594e-06	1.800000e+00
2.350029269909999e-06	1.800000e+00
2.350042778578466e-06	1.800000e+00
2.350063100320824e-06	1.800000e+00
2.350092052078252e-06	1.800000e+00
2.350149955593108e-06	1.800000e+00
2.350265762622819e-06	1.800000e+00
2.350377564465992e-06	1.800000e+00
2.350566216881424e-06	1.800000e+00
2.350775116603672e-06	1.800000e+00
2.351030377571245e-06	1.800000e+00
2.351357276984311e-06	1.800000e+00
2.351666780144737e-06	1.800000e+00
2.351988456303993e-06	1.800000e+00
2.352340138898619e-06	1.800000e+00
2.352796134209915e-06	1.800000e+00
2.353220844790650e-06	1.800000e+00
2.353608419772207e-06	1.800000e+00
2.354024940655537e-06	1.800000e+00
2.354454144607234e-06	1.800000e+00
2.354929514375343e-06	1.800000e+00
2.355448903211514e-06	1.800000e+00
2.356050548899220e-06	1.800000e+00
2.356544123745828e-06	1.800000e+00
2.357156429041128e-06	1.800000e+00
2.357754516749220e-06	1.800000e+00
2.358409415392665e-06	1.800000e+00
2.359230972506819e-06	1.800000e+00
2.359971874935432e-06	1.800000e+00
2.360796313883296e-06	1.800000e+00
2.361840801126565e-06	1.800000e+00
2.362870175096870e-06	1.800000e+00
2.364010139658686e-06	1.800000e+00
2.365313420188613e-06	1.800000e+00
2.366829374146411e-06	1.800000e+00
2.368481449542916e-06	1.800000e+00
2.370923242419238e-06	1.800000e+00
2.373365838728370e-06	1.800000e+00
2.376629259225889e-06	1.800000e+00
2.381512071725889e-06	1.800000e+00
2.386394884225889e-06	1.800000e+00
2.391277696725889e-06	1.800000e+00
2.396160509225889e-06	1.800000e+00
2.401043321725888e-06	1.800000e+00
2.405926134225888e-06	1.800000e+00
2.410808946725888e-06	1.800000e+00
2.415691759225888e-06	1.800000e+00
2.420574571725888e-06	1.800000e+00
2.425457384225887e-06	1.800000e+00
2.430340196725887e-06	1.800000e+00
2.435223009225887e-06	1.800000e+00
2.440105821725887e-06	1.800000e+00
2.444988634225887e-06	1.800000e+00
2.445374294048228e-06	1.800000e+00
2.445888507144683e-06	1.800000e+00
2.446916933337593e-06	1.800000e+00
2.447943147614180e-06	1.800000e+00
2.447956419112120e-06	1.800000e+00
2.447974114442706e-06	1.800000e+00
2.448009505103879e-06	1.800000e+00
2.448504974360295e-06	1.800000e+00
2.449071224939056e-06	1.800000e+00
2.450000000000000e-06	1.800000e+00
2.450002772407521e-06	1.800000e+00
2.450008317222563e-06	1.800000e+00
2.450009655980054e-06	1.800000e+00
2.450011360525229e-06	1.800000e+00
2.450014769615581e-06	1.800000e+00
2.450021587796284e-06	1.800000e+00
2.450033687549608e-06	1.800000e+00
2.450046351030194e-06	1.800000e+00
2.450065130210704e-06	1.800000e+00
2.450089837755990e-06	1.800000e+00
2.450139252846563e-06	1.800000e+00
2.450238083027710e-06	1.800000e+00
2.450371381421680e-06	1.800000e+00
2.450513989863574e-06	1.800000e+00
2.450717582110641e-06	1.800000e+00
2.450941235470933e-06	1.800000e+00
2.451228631361950e-06	1.800000e+00
2.451581005965135e-06	1.800000e+00
2.452175976661917e-06	1.800000e+00
2.453109976586860e-06	1.800000e+00
2.454095574230675e-06	1.800000e+00
2.455330245954028e-06	1.800000e+00
2.456393105755539e-06	1.800000e+00
2.457072034914606e-06	1.800000e+00
2.457850759898465e-06	1.800000e+00
2.458460436201690e-06	1.800000e+00
2.458975895153808e-06	1.800000e+00
2.459547874469428e-06	1.800000e+00
2.460307451384473e-06	1.800000e+00
2.461241969264631e-06	1.800000e+00
2.462212085623758e-06	1.800000e+00
2.463487396717667e-06	1.800000e+00
2.465173307834571e-06	1.800000e+00
2.468032531306739e-06	1.800000e+00
2.471100636043080e-06	1.800000e+00
2.475398316094371e-06	1.800000e+00
2.480281128594371e-06	1.800000e+00
2.485163941094371e-06	1.800000e+00
2.490046753594371e-06	1.800000e+00
2.547281007088736e-06	1.800000e+00
2.550000000100000e-06	1.800000e+00
2.554882812600000e-06	1.800000e+00
2.555117187600001e-06	1.800000e+00
2.555585937600002e-06	1.800000e+00
2.556523437600005e-06	1.800000e+00
2.558125000099995e-06	1.800000e+00
2.560000000100000e-06	1.800000e+00
2.560004946877213e-06	1.800000e+00
2.560014840431639e-06	1.800000e+00
2.560017268452694e-06	1.800000e+00
2.560020184281631e-06	1.800000e+00
2.560024964893853e-06	1.800000e+00
2.560029891185868e-06	1.800000e+00
2.560039189085690e-06	1.800000e+00
2.560053803042490e-06	1.800000e+00
2.560073914647429e-06	1.800000e+00
2.560114137857306e-06	1.800000e+00
2.560178567359884e-06	1.800000e+00
2.560307426365038e-06	1.800000e+00
2.560527175260723e-06	1.800000e+00
2.560960817270607e-06	1.800000e+00
2.561652792778868e-06	1.800000e+00
2.562330779524651e-06	1.800000e+00
2.563658732333254e-06	1.800000e+00
2.565197145609015e-06	1.800000e+00
2.566744616891777e-06	1.800000e+00
2.568768705287026e-06	1.800000e+00
2.572327410358384e-06	1.800000e+00
2.576659239826455e-06	1.800000e+00
2.581542052326455e-06	1.800000e+00
2.586424864826455e-06	1.800000e+00
2.596190489826455e-06	1.800000e+00
2.601073302326454e-06	1.800000e+00
2.605956114826454e-06	1.800000e+00
2.610838927326454e-06	1.800000e+00
2.688963927326451e-06	1.800000e+00
2.693846739826451e-06	1.800000e+00
2.697658082847101e-06	1.800000e+00
2.700000000000000e-06	1.796605e+00
2.700005898906816e-06	1.797851e+00
2.700017696720447e-06	1.804892e+00
2.700020596284182e-06	1.803773e+00
2.700024129568004e-06	1.800135e+00
2.700027572583972e-06	1.799666e+00
2.700031369136650e-06	1.799996e+00
2.700036613447224e-06	1.799874e+00
2.700044152649872e-06	1.799958e+00
2.700057095647268e-06	1.799953e+00
2.700080367639614e-06	1.799986e+00
2.700121225498321e-06	1.800070e+00
2.700126308712128e-06	1.800055e+00
2.700136475139741e-06	1.799998e+00
2.700139016746644e-06	1.799999e+00
2.700144099960450e-06	1.800004e+00
2.700154266388063e-06	1.800004e+00
2.700156807994967e-06	1.800004e+00
2.700157443396693e-06	1.800004e+00
2.700158714200144e-06	1.800004e+00
2.700161255807047e-06	1.800004e+00
2.700166339020854e-06	1.800004e+00
2.700170151431209e-06	1.800005e+00
2.700175234645015e-06	1.800005e+00
2.700185401072628e-06	1.800005e+00
2.700205733927855e-06	1.800004e+00
2.700246399638307e-06	1.800004e+00
2.700327731059212e-06	1.800003e+00
2.700444406580848e-06	1.800003e+00
2.700580948317171e-06	1.800002e+00
2.700741129080020e-06	1.800002e+00
2.700963036851647e-06	1.800001e+00
2.701319079519377e-06	1.800001e+00
2.702003172628703e-06	1.800001e+00
2.703371358847356e-06	1.800000e+00
2.704965094803445e-06	1.800000e+00
2.706629345730054e-06	1.800000e+00
2.708532767767345e-06	1.800000e+00
2.710633152779981e-06	1.800000e+00
2.713648803078940e-06	1.800000e+00
2.718182046120166e-06	1.800000e+00
2.723064858620165e-06	1.800000e+00
2.726452735721512e-06	1.800000e+00
2.727063087284012e-06	1.800000e+00
2.727695237116601e-06	1.800000e+00
2.728327386949190e-06	1.800000e+00
2.728959536781780e-06	1.800000e+00
2.729591686614369e-06	1.800000e+00
2.730223836446959e-06	1.800000e+00
2.730855986279548e-06	1.800000e+00
2.731488136112137e-06	1.800000e+00
2.733439523891400e-06	1.800000e+00
2.735706517159141e-06	1.800000e+00
2.740240503694621e-06	1.800000e+00
2.745123316194621e-06	1.800001e+00
2.749730046403313e-06	1.800002e+00
2.750029603300851e-06	1.800002e+00
2.750628717095925e-06	1.800003e+00
2.750778495544694e-06	1.800003e+00
2.751078052442232e-06	1.800007e+00
2.751399541106978e-06	1.800018e+00
2.751701748698722e-06	1.799939e+00
2.751939219735508e-06	1.798258e+00
2.752085818005974e-06	1.791907e+00
2.752221236317216e-06	1.771260e+00
2.752398099871591e-06	1.709979e+00
2.752472462342305e-06	1.656590e+00
2.752527124311538e-06	1.593314e+00
2.752567478958115e-06	1.530294e+00
2.752595178945121e-06	1.465925e+00
2.752621039519545e-06	1.359725e+00
2.752647535159486e-06	1.156497e+00
2.752665841713915e-06	8.882800e-01
2.752688826582963e-06	3.936185e-01
2.752699863451989e-06	1.546188e-01
2.752707647113093e-06	5.182845e-02
2.752718082978319e-06	8.333994e-03
2.752725575968957e-06	2.415268e-03
2.752736121581963e-06	1.655118e-03
2.752751776204526e-06	9.617679e-04
2.752783085449653e-06	5.103687e-04
2.752826452602591e-06	3.211668e-04
2.752874959476834e-06	2.344391e-04
2.752926466429524e-06	1.873139e-04
2.753029480334905e-06	1.256357e-04
2.753126348012362e-06	5.642165e-05
2.753216608614473e-06	9.048961e-08
2.753302456241993e-06	-1.349998e-05
2.753381069810282e-06	-1.060302e-05
2.753463340160201e-06	-1.019501e-05
2.753627880860037e-06	-8.021865e-06
2.753910340111352e-06	-5.446471e-06
2.754305569454548e-06	-3.057323e-06
2.754773894388773e-06	-1.528379e-06
2.755215810702180e-06	-8.057423e-07
2.755807169816914e-06	-3.512919e-07
2.756584964842823e-06	-1.021676e-07
2.757656050871283e-06	-1.959097e-09
2.759078222930183e-06	1.464304e-08
2.761311499320135e-06	5.735027e-09
2.765374970525618e-06	6.394503e-06
2.765832568083173e-06	1.419594e-06
2.765946967472562e-06	-4.721591e-09
2.766047066938278e-06	-1.546106e-09
2.766147166403993e-06	1.299769e-08
2.766232965946035e-06	1.736791e-08
2.766347365335424e-06	1.689584e-08
2.767033761671757e-06	3.944735e-09
2.767948956786867e-06	-7.300217e-09
2.769424365826413e-06	-1.818021e-08
2.771070417082371e-06	-2.313923e-08
2.773186602662893e-06	-2.108908e-08
2.774812553753236e-06	-1.573922e-08
2.776857563930796e-06	-8.711893e-09
2.779115439160390e-06	-3.860718e-09
2.782555482030867e-06	-1.124768e-09
2.786028513502473e-06	1.415443e-09
2.786638865064973e-06	3.669228e-09
2.787859568189973e-06	5.798952e-09
2.788154120710224e-06	1.196615e-09
2.788375035100413e-06	-3.501871e-09
2.788669587620664e-06	-1.007591e-08
2.789258692661167e-06	-1.525921e-08
2.790436902742173e-06	-1.477241e-08
2.792793322904186e-06	-1.315301e-08
2.795287159775976e-06	-1.212288e-08
2.800000000100001e-06	-3.429396e-05
2.800009536843165e-06	-1.332212e-05
2.800028610329493e-06	2.953271e-05
2.800033397739723e-06	3.504552e-06
2.800039098493169e-06	-1.840619e-05
2.800050500000060e-06	-8.118952e-07
2.800063797986769e-06	-1.171831e-06
2.800090393960185e-06	3.260857e-08
2.800120143679926e-06	-1.567235e-07
2.800158983018573e-06	5.100062e-09
2.800196107833062e-06	-8.630350e-08
2.800246953837580e-06	2.090404e-08
2.800301334632513e-06	-4.944392e-08
2.800379527824944e-06	1.634548e-08
2.800469461340996e-06	-3.029089e-08
2.800614261251143e-06	1.927744e-08
2.800847065558859e-06	-4.372699e-11
2.801086044952444e-06	3.749352e-09
2.801349067115177e-06	-1.197182e-09
2.801635704495352e-06	7.683098e-09
2.802046139456744e-06	-3.307930e-09
2.802619818264359e-06	5.477633e-09
2.803609133014046e-06	-1.398418e-09
2.805239492441004e-06	2.536565e-09
2.808022970452743e-06	7.162967e-10
2.811238594145798e-06	5.914020e-10
2.813864151599175e-06	1.069645e-09
2.816416992043448e-06	1.483597e-09
2.819621265260775e-06	9.536489e-10
2.822918328313493e-06	1.593088e-09
2.827801140813493e-06	1.006754e-09
2.832683953313493e-06	1.008061e-09
2.845117187500001e-06	2.926013e-12
2.850000000000001e-06	-1.669316e-06
2.850001192092896e-06	-1.317882e-06
2.850003576278687e-06	-1.689119e-07
2.850004172118049e-06	-4.739679e-08
2.850004890790233e-06	-2.879669e-08
2.850006328134604e-06	-1.076084e-08
2.850008098214750e-06	-2.625837e-09
2.850011638375042e-06	2.822625e-10
2.850018218431544e-06	6.594574e-10
2.850025217435572e-06	6.867512e-10
2.850035689221701e-06	8.971461e-10
2.850050007169972e-06	1.060788e-09
2.850073656893491e-06	1.109010e-09
2.850097485024758e-06	1.071755e-09
2.850135992902212e-06	1.032210e-09
2.850184449829141e-06	1.016728e-09
2.850269539693838e-06	1.010019e-09
2.850377075287074e-06	1.007297e-09
2.850544672591804e-06	1.006252e-09
2.850732029034620e-06	1.005665e-09
2.850972964724484e-06	1.005121e-09
2.851242897325170e-06	1.004639e-09
2.851691175992498e-06	1.004594e-09
2.852250326680432e-06	1.004913e-09
2.852820210154588e-06	1.005080e-09
2.853401850454392e-06	1.005132e-09
2.854220078283338e-06	1.005196e-09
2.855077660483601e-06	1.005168e-09
2.856074056123959e-06	1.005126e-09
2.857013957064580e-06	1.005126e-09
2.857852055483536e-06	1.005141e-09
2.858824908490885e-06	1.005138e-09
2.860054481762158e-06	1.005141e-09
2.861559880495020e-06	1.005137e-09
2.863194431284798e-06	1.005143e-09
2.865881105732676e-06	1.005136e-09
2.870763918232676e-06	1.005138e-09
2.875646730732675e-06	1.005138e-09
2.880529543232675e-06	1.005138e-09
2.885412355732675e-06	1.005138e-09
2.890295168232675e-06	1.005138e-09
2.895177980732675e-06	1.005138e-09
2.900060793232674e-06	1.005138e-09
2.904943605732674e-06	1.005138e-09
2.911000140775815e-06	1.005139e-09
2.917056675818955e-06	1.005139e-09
2.923113210862096e-06	1.005140e-09
2.929169745905236e-06	1.005139e-09
2.935226280948376e-06	1.005139e-09
2.941282815991517e-06	1.005138e-09
2.947339351034657e-06	1.005137e-09
2.950000000000001e-06	9.990292e-10
2.950007830627806e-06	9.951283e-10
2.950023491883417e-06	9.745978e-10
2.950027285872105e-06	9.673701e-10
2.950032092572993e-06	9.601635e-10
2.950041705974769e-06	9.596507e-10
2.950058094074258e-06	9.765254e-10
2.950082734444540e-06	1.002644e-09
2.950118791471632e-06	1.017506e-09
2.950168205156698e-06	1.016173e-09
2.950235314677565e-06	1.011033e-09
2.950314337962406e-06	1.008302e-09
2.950413405723927e-06	1.006774e-09
2.950538858556150e-06	1.005970e-09
2.950714401506973e-06	1.005484e-09
2.950954298536070e-06	1.005171e-09
2.951283734284659e-06	1.004957e-09
2.951692558965139e-06	1.004903e-09
2.952137227019819e-06	1.004969e-09
2.952651508312832e-06	1.005051e-09
2.953319179083131e-06	1.005115e-09
2.954022057395040e-06	1.005154e-09
2.954752153226140e-06	1.005166e-09
2.955446376995026e-06	1.005153e-09
2.956438509059015e-06	1.005134e-09
2.957545230987615e-06	1.005132e-09
2.958716492546861e-06	1.005139e-09
2.959940320948336e-06	1.005142e-09
2.961402763578427e-06	1.005139e-09
2.963238998072587e-06	1.005138e-09
2.965066160511696e-06	1.005139e-09
2.967043081532047e-06	1.005139e-09
2.970033467306417e-06	1.005138e-09
2.974916279806417e-06	1.005138e-09
2.979799092306417e-06	1.005138e-09
2.984681904806416e-06	1.005138e-09
2.989564717306416e-06	1.005138e-09
2.994447529806416e-06	1.005138e-09
3.004213154806416e-06	1.005138e-09
3.047600506274347e-06	1.005138e-09
3.050000000100000e-06	1.005139e-09
3.054798987751308e-06	1.005141e-09
3.055117187600001e-06	1.005140e-09
3.055753587297387e-06	1.005138e-09
3.057026386692159e-06	1.005138e-09
3.057454401310457e-06	1.005138e-09
3.058310430547052e-06	1.005138e-09
3.060000000100001e-06	9.023860e-10
3.060004185709800e-06	8.814060e-10
3.060012556929399e-06	9.271810e-10
3.060014627734659e-06	9.983774e-10
3.060017052810954e-06	1.075294e-09
3.060020132254313e-06	1.099087e-09
3.060023457389605e-06	1.093841e-09
3.060029102899423e-06	1.074746e-09
3.060037026483704e-06	1.050186e-09
3.060052260270970e-06	1.023947e-09
3.060082727845501e-06	1.008326e-09
3.060133053380263e-06	1.005745e-09
3.060233704449787e-06	1.005957e-09
3.060435006588836e-06	1.005421e-09
3.060790686239013e-06	1.005192e-09
3.061163157884607e-06	1.005136e-09
3.061752531556158e-06	1.005133e-09
3.062575185372253e-06	1.005129e-09
3.063529239788610e-06	1.005133e-09
3.064837420202184e-06	1.005133e-09
3.066975312847892e-06	1.005137e-09
3.071251098139309e-06	1.005138e-09
3.076133910639308e-06	1.005138e-09
3.081016723139308e-06	1.005138e-09
3.085899535639308e-06	1.005138e-09
3.090782348139308e-06	1.005138e-09
3.188438598139304e-06	1.005138e-09
3.193321410639304e-06	1.005137e-09
3.195117187500001e-06	1.005139e-09
3.196408446278606e-06	1.005138e-09
3.197417482442790e-06	1.005140e-09
3.197981927671632e-06	1.005140e-09
3.198871109542318e-06	1.005138e-09
3.200000000000001e-06	9.528671e-05
3.200003271873304e-06	7.623235e-05
3.200009815619910e-06	-9.462502e-06
3.200011401308546e-06	1.545130e-05
3.200013404456029e-06	5.663598e-05
3.200017410750994e-06	4.269202e-05
3.200023492917187e-06	2.801909e-05
3.200027754821583e-06	1.911277e-05
3.200033515684272e-06	1.057934e-05
3.200039737956564e-06	4.507070e-06
3.200052182501149e-06	-8.580172e-07
3.200070597106667e-06	-3.116423e-06
3.200092603659398e-06	-2.855019e-06
3.200122317794698e-06	-2.094995e-06
3.200167752120098e-06	-1.577292e-06
3.200258620770899e-06	-1.245727e-06
3.200367855523527e-06	-1.015087e-06
3.200507352158877e-06	-8.118988e-07
3.200702173209924e-06	-6.105488e-07
3.201091815312018e-06	-3.427981e-07
3.201478048370992e-06	-2.930091e-07
3.201490118154085e-06	-2.471807e-07
3.201514257720271e-06	-1.417374e-07
3.201520292611818e-06	-1.388071e-07
3.201532362394911e-06	-1.317741e-07
3.201556501961097e-06	-1.058061e-07
3.201562536852643e-06	-1.003788e-07
3.201574606635736e-06	-9.263655e-08
3.201598746201922e-06	-8.151127e-08
3.201647025334294e-06	-6.952413e-08
3.201743583599037e-06	-5.683719e-08
3.201936700128524e-06	-4.064139e-08
3.202322933187498e-06	-4.816358e-08
3.202857826237968e-06	-1.757749e-06
3.203104348394781e-06	-7.901247e-06
3.203257260555777e-06	-2.152352e-05
3.203353133709376e-06	-4.637276e-05
3.203432073972301e-06	-9.518109e-05
3.203515558783035e-06	-1.914752e-04
3.203614257828749e-06	-3.552976e-04
3.203629493337412e-06	-3.933025e-04
3.203659964354738e-06	-3.742631e-04
3.203720906389390e-06	7.110715e-04
3.203736141898053e-06	4.806626e-03
3.203766612915378e-06	2.685247e-02
3.203774230669710e-06	4.143001e-02
3.203789466178373e-06	9.317265e-02
3.203793275055539e-06	1.147721e-01
3.203800892809870e-06	1.916482e-01
3.203814182418440e-06	3.963847e-01
3.203824405072870e-06	6.043140e-01
3.203836404011773e-06	8.930357e-01
3.203848497903707e-06	1.226223e+00
3.203855656102917e-06	1.449415e+00
3.203863109558147e-06	1.679430e+00
3.203866206682967e-06	1.742925e+00
3.203871147219473e-06	1.783498e+00
3.203874709599576e-06	1.793200e+00
3.203878809768434e-06	1.796629e+00
3.203884315653474e-06	1.798764e+00
3.203890645641323e-06	1.799368e+00
3.203898213968139e-06	1.799514e+00
3.203908581560601e-06	1.799772e+00
3.203924638670027e-06	1.800062e+00
3.203946658463184e-06	1.800182e+00
3.203978045568758e-06	1.800191e+00
3.204034614125342e-06	1.800184e+00
3.204144017935675e-06	1.800162e+00
3.204307902917019e-06	1.800135e+00
3.204496769999648e-06	1.800111e+00
3.204675693013036e-06	1.800094e+00
3.204933923707224e-06	1.800076e+00
3.205238431623253e-06	1.800060e+00
3.205535698778556e-06	1.800047e+00
3.205575552836617e-06	1.800047e+00
3.205655260952740e-06	1.800047e+00
3.205675187981771e-06	1.800047e+00
3.205715042039832e-06	1.800046e+00
3.205749914340636e-06	1.800045e+00
3.205767350491039e-06	1.800045e+00
3.205779804884183e-06	1.800045e+00
3.205784786641441e-06	1.800044e+00
3.205794750155957e-06	1.800044e+00
3.205814677184987e-06	1.800044e+00
3.205854531243049e-06	1.800042e+00
3.205934239359172e-06	1.800039e+00
3.206093655591418e-06	1.800034e+00
3.206412488055911e-06	1.800027e+00
3.206961495968689e-06	1.800019e+00
3.207620273160155e-06	1.800013e+00
3.208937827543086e-06	1.800007e+00
3.211111357791061e-06	1.800003e+00
3.213204339776383e-06	1.800001e+00
3.217390303747028e-06	1.800000e+00
3.222198886311625e-06	1.800000e+00
3.227081698811624e-06	1.800000e+00
3.231964511311624e-06	1.800000e+00
3.246612948811624e-06	1.800000e+00
3.261261386311623e-06	1.800000e+00
3.266144198811623e-06	1.800000e+00
3.271027011311623e-06	1.800000e+00
3.275909823811622e-06	1.800000e+00
3.280792636311622e-06	1.800000e+00
3.285675448811622e-06	1.800000e+00
3.290558261311622e-06	1.800000e+00
3.295441073811622e-06	1.800000e+00
3.300000000100000e-06	1.799591e+00
3.300009536843165e-06	1.799755e+00
3.300028610329493e-06	1.800328e+00
3.300033379949780e-06	1.800217e+00
3.300038930284032e-06	1.800063e+00
3.300046064092736e-06	1.800090e+00
3.300053815886209e-06	1.800056e+00
3.300068111627870e-06	1.800048e+00
3.300087244086369e-06	1.800028e+00
3.300125509003366e-06	1.800014e+00
3.300182520515255e-06	1.800004e+00
3.300296543539033e-06	1.800001e+00
3.300519672195789e-06	1.800000e+00
3.300785195096621e-06	1.800000e+00
3.301093899045361e-06	1.800000e+00
3.301450122748149e-06	1.800000e+00
3.301920166327512e-06	1.800000e+00
3.302552026535082e-06	1.800000e+00
3.303739438040056e-06	1.800000e+00
3.304924110170682e-06	1.800000e+00
3.306097092458892e-06	1.800000e+00
3.306857668334233e-06	1.800000e+00
3.307898148617905e-06	1.800000e+00
3.309009443029431e-06	1.800000e+00
3.310471137656083e-06	1.800000e+00
3.312024205790606e-06	1.800000e+00
3.314303250431634e-06	1.800000e+00
3.318133819130595e-06	1.800000e+00
3.323016631630595e-06	1.800000e+00
3.327899444130595e-06	1.800000e+00
3.332782256630595e-06	1.800000e+00
3.337665069130594e-06	1.800000e+00
3.342547881630594e-06	1.800000e+00
3.345117187500001e-06	1.800000e+00
3.350000000000001e-06	1.800015e+00
3.350001192092896e-06	1.800012e+00
3.350003576278687e-06	1.800000e+00
3.350004170792926e-06	1.799999e+00
3.350004889677792e-06	1.800000e+00
3.350006327447525e-06	1.800000e+00
3.350007886493189e-06	1.800000e+00
3.350011004584517e-06	1.800000e+00
3.350017240767172e-06	1.800000e+00
3.350029713132481e-06	1.800000e+00
3.350051961055349e-06	1.800000e+00
3.350078820315547e-06	1.800000e+00
3.350127108773892e-06	1.800000e+00
3.350223685690585e-06	1.800000e+00
3.350339918279713e-06	1.800000e+00
3.350520507118270e-06	1.800000e+00
3.350744897501747e-06	1.800000e+00
3.351021041010414e-06	1.800000e+00
3.351355888403276e-06	1.800000e+00
3.351845391607685e-06	1.800000e+00
3.352347157794070e-06	1.800000e+00
3.352893967663393e-06	1.800000e+00
3.353442405703166e-06	1.800000e+00
3.353951279382394e-06	1.800000e+00
3.354555740876491e-06	1.800000e+00
3.355212037087334e-06	1.800000e+00
3.355880267723696e-06	1.800000e+00
3.356681299675040e-06	1.800000e+00
3.357579746865186e-06	1.800000e+00
3.358390370107627e-06	1.800000e+00
3.359379194349641e-06	1.800000e+00
3.360513747976748e-06	1.800000e+00
3.361725634917864e-06	1.800000e+00
3.363188969845938e-06	1.800000e+00
3.364664411561351e-06	1.800000e+00
3.366671045163656e-06	1.800000e+00
3.368772748403737e-06	1.800000e+00
3.371817074914317e-06	1.800000e+00
3.374699407031489e-06	1.800000e+00
3.378959818249239e-06	1.800000e+00
3.383842630749239e-06	1.800000e+00
3.388725443249239e-06	1.800000e+00
3.393608255749238e-06	1.800000e+00
3.398491068249238e-06	1.800000e+00
3.403373880749238e-06	1.800000e+00
3.408256693249238e-06	1.800000e+00
3.413139505749238e-06	1.800000e+00
3.418022318249237e-06	1.800000e+00
3.422905130749237e-06	1.800000e+00
3.427787943249237e-06	1.800000e+00
3.432670755749237e-06	1.800000e+00
3.437553568249237e-06	1.800000e+00
3.442436380749236e-06	1.800000e+00
3.445117187500001e-06	1.800000e+00
3.450000000000001e-06	1.800000e+00
3.451211140446685e-06	1.800000e+00
3.451755218131295e-06	1.800000e+00
3.452139124849034e-06	1.800000e+00
3.452594708628116e-06	1.800000e+00
3.453153719540190e-06	1.800000e+00
3.453766674601195e-06	1.800000e+00
3.454534914146462e-06	1.800000e+00
3.455951260808044e-06	1.800000e+00
3.457079586945084e-06	1.800000e+00
3.457959405964783e-06	1.800000e+00
3.459019581756551e-06	1.800000e+00
3.460565885457696e-06	1.800000e+00
3.462057771086499e-06	1.800000e+00
3.463901499003401e-06	1.800000e+00
3.466168140808206e-06	1.800000e+00
3.470082585960738e-06	1.800000e+00
3.474965398460737e-06	1.800000e+00
3.479848210960737e-06	1.800000e+00
3.484731023460737e-06	1.800000e+00
3.489613835960737e-06	1.800000e+00
3.538441960960735e-06	1.800000e+00
3.543324773460735e-06	1.800000e+00
3.545117187600000e-06	1.800000e+00
3.546415171821469e-06	1.800000e+00
3.547404031657063e-06	1.800000e+00
3.548022280428811e-06	1.800000e+00
3.548763502556505e-06	1.800000e+00
3.550000000100000e-06	1.800000e+00
3.550353690044435e-06	1.800000e+00
3.550523640387821e-06	1.800000e+00
3.550641581681217e-06	1.800000e+00
3.550774275260700e-06	1.800000e+00
3.551039662419666e-06	1.800000e+00
3.551570436737598e-06	1.800000e+00
3.552631985373462e-06	1.800000e+00
3.554755082645190e-06	1.800000e+00
3.556022760112120e-06	1.800000e+00
3.557464645166140e-06	1.800000e+00
3.560000000100001e-06	1.800000e+00
3.560009536843165e-06	1.800000e+00
3.560028610329493e-06	1.800000e+00
3.560033071410101e-06	1.800000e+00
3.560038688523264e-06	1.800000e+00
3.560047634693211e-06	1.800000e+00
3.560056849623449e-06	1.800000e+00
3.560072557162634e-06	1.800000e+00
3.560093572291043e-06	1.800000e+00
3.560129692187870e-06	1.800000e+00
3.560201603707703e-06	1.800000e+00
3.560336133449652e-06	1.800000e+00
3.560605192933550e-06	1.800000e+00
3.561143311901345e-06	1.800000e+00
3.561748968322262e-06	1.800000e+00
3.562611885348016e-06	1.800000e+00
3.564098967647787e-06	1.800000e+00
3.565664463651851e-06	1.800000e+00
3.568450714799780e-06	1.800000e+00
3.571837883145216e-06	1.800000e+00
3.576720695645216e-06	1.800000e+00
3.586486320645216e-06	1.800000e+00
3.591369133145216e-06	1.800000e+00
3.596251945645215e-06	1.800000e+00
3.601134758145215e-06	1.800000e+00
3.606017570645215e-06	1.800000e+00
3.689025383145212e-06	1.800000e+00
3.693908195645211e-06	1.800000e+00
3.697535171209581e-06	1.800000e+00
3.700000000000001e-06	1.796684e+00
3.700006209933961e-06	1.797979e+00
3.700018629801880e-06	1.805061e+00
3.700021680752021e-06	1.803894e+00
3.700025401838231e-06	1.800333e+00
3.700029431990452e-06	1.799851e+00
3.700033883735355e-06	1.800097e+00
3.700039567556536e-06	1.799942e+00
3.700047939346109e-06	1.800006e+00
3.700060875515083e-06	1.799968e+00
3.700083153723146e-06	1.799988e+00
3.700113751679127e-06	1.799991e+00
3.700152288306882e-06	1.800002e+00
3.700208352432061e-06	1.800001e+00
3.700299497149707e-06	1.800003e+00
3.700481786584999e-06	1.800001e+00
3.700750367080715e-06	1.800001e+00
3.701036143667469e-06	1.800000e+00
3.701435264058363e-06	1.800000e+00
3.701971864126846e-06	1.800000e+00
3.702901123942165e-06	1.800000e+00
3.704495480147708e-06	1.800000e+00
3.707684192558793e-06	1.800000e+00
3.712567005058793e-06	1.800000e+00
3.717449817558793e-06	1.800000e+00
3.722332630058792e-06	1.800000e+00
3.727215442558792e-06	1.800000e+00
3.732098255058792e-06	1.800000e+00
3.736981067558792e-06	1.800000e+00
3.741863880058792e-06	1.800000e+00
3.746746692558791e-06	1.800000e+00
3.751629505058791e-06	1.800000e+00
3.756512317558791e-06	1.800000e+00
3.761395130058791e-06	1.800000e+00
3.766277942558791e-06	1.800000e+00
3.771160755058790e-06	1.800000e+00
3.776043567558790e-06	1.800000e+00
3.780926380058790e-06	1.800000e+00
3.785809192558790e-06	1.800000e+00
3.790692005058790e-06	1.800000e+00
3.795574817558789e-06	1.800000e+00
3.800000000100000e-06	1.800038e+00
3.800053431379537e-06	1.800043e+00
3.800145711232662e-06	1.800014e+00
3.800165925608549e-06	1.799998e+00
3.800197213770080e-06	1.799996e+00
3.800229658319311e-06	1.800000e+00
3.800264070320617e-06	1.799996e+00
3.800332894323229e-06	1.800001e+00
3.800418103809944e-06	1.799999e+00
3.800555533776412e-06	1.800001e+00
3.800780222212355e-06	1.800000e+00
3.801073452103298e-06	1.800000e+00
3.801499157253737e-06	1.800000e+00
3.802057870218252e-06	1.800000e+00
3.803129649145759e-06	1.800000e+00
3.804156077120822e-06	1.800000e+00
3.805598188284814e-06	1.800000e+00
3.807117681690262e-06	1.800000e+00
3.807938280677469e-06	1.800000e+00
3.808962003213385e-06	1.800000e+00
3.809434640032558e-06	1.800000e+00
3.810137160170093e-06	1.800000e+00
3.810871996728826e-06	1.800000e+00
3.811688015451313e-06	1.800000e+00
3.812817238267988e-06	1.800000e+00
3.814036770157681e-06	1.800000e+00
3.816468706165776e-06	1.800000e+00
3.819524025701523e-06	1.800000e+00
3.824406838201522e-06	1.800000e+00
3.829289650701522e-06	1.800000e+00
3.834172463201522e-06	1.800000e+00
3.839055275701522e-06	1.800000e+00
3.843938088201522e-06	1.800000e+00
3.847475386096958e-06	1.800000e+00
3.850000000000000e-06	1.799939e+00
3.850001192092896e-06	1.799953e+00
3.850003576278687e-06	1.799998e+00
3.850004171831460e-06	1.800001e+00
3.850004889035656e-06	1.800001e+00
3.850006323444047e-06	1.800000e+00
3.850007850116884e-06	1.800000e+00
3.850010903462557e-06	1.800000e+00
3.850017010153904e-06	1.800000e+00
3.850028209277655e-06	1.800000e+00
3.850039594417421e-06	1.800000e+00
3.850057093671685e-06	1.800000e+00
3.850081161874527e-06	1.800000e+00
3.850129298280211e-06	1.800000e+00
3.850225571091580e-06	1.800000e+00
3.850337931349254e-06	1.800000e+00
3.850482607877235e-06	1.800000e+00
3.850692865885146e-06	1.800000e+00
3.850929265635571e-06	1.800000e+00
3.851208503225111e-06	1.800000e+00
3.851482681654625e-06	1.800000e+00
3.851707576187736e-06	1.800000e+00
3.851961831944342e-06	1.800000e+00
3.852226531891345e-06	1.800000e+00
3.852459395425290e-06	1.800000e+00
3.852755641401312e-06	1.800000e+00
3.853085001136718e-06	1.800000e+00
3.853458487316066e-06	1.800000e+00
3.853844259529835e-06	1.800000e+00
3.854276590039659e-06	1.800000e+00
3.854727640112730e-06	1.800000e+00
3.855223707886812e-06	1.800000e+00
3.855889658878040e-06	1.800000e+00
3.856387602365950e-06	1.800000e+00
3.856985705175975e-06	1.800000e+00
3.857559060389524e-06	1.800000e+00
3.858209613329981e-06	1.800000e+00
3.858906845358711e-06	1.800000e+00
3.859654612183596e-06	1.800000e+00
3.860592497721599e-06	1.800000e+00
3.861671202386444e-06	1.800000e+00
3.862677055619541e-06	1.800000e+00
3.863817871359448e-06	1.800000e+00
3.865136386315361e-06	1.800000e+00
3.866712383045151e-06	1.800000e+00
3.868440453723603e-06	1.800000e+00
3.871246365106727e-06	1.800000e+00
3.873883863372964e-06	1.800000e+00
3.877930218015263e-06	1.800000e+00
3.882813030515262e-06	1.800000e+00
3.887695843015262e-06	1.800000e+00
3.892578655515262e-06	1.800000e+00
3.897461468015262e-06	1.800000e+00
3.902344280515262e-06	1.800000e+00
3.907227093015261e-06	1.800000e+00
3.912109905515261e-06	1.800000e+00
3.916992718015261e-06	1.800000e+00
3.921875530515261e-06	1.800000e+00
3.926758343015261e-06	1.800000e+00
3.931641155515260e-06	1.800000e+00
3.936523968015260e-06	1.800000e+00
3.941406780515260e-06	1.800000e+00
3.945117187500000e-06	1.800000e+00
3.950000000000000e-06	1.800000e+00
3.950014307439550e-06	1.800000e+00
3.950042922318648e-06	1.800000e+00
3.950049844555499e-06	1.800000e+00
3.950058635141586e-06	1.800000e+00
3.950070826251176e-06	1.800000e+00
3.950093105463646e-06	1.800000e+00
3.950121817651143e-06	1.800000e+00
3.950177315322247e-06	1.800000e+00
3.950288310664454e-06	1.800000e+00
3.950447159539278e-06	1.800000e+00
3.950601777918051e-06	1.800000e+00
3.950839273111444e-06	1.800000e+00
3.951091521544814e-06	1.800000e+00
3.951389486713368e-06	1.800000e+00
3.951780960292179e-06	1.800000e+00
3.952461946694526e-06	1.800000e+00
3.953135688138964e-06	1.800000e+00
3.953922281071726e-06	1.800000e+00
3.954746024081610e-06	1.800000e+00
3.955868774793352e-06	1.800000e+00
3.957017610240869e-06	1.800000e+00
3.957935405674915e-06	1.800000e+00
3.958471821617349e-06	1.800000e+00
3.959052883663414e-06	1.800000e+00
3.959571403571491e-06	1.800000e+00
3.959972964593346e-06	1.800000e+00
3.960430627796233e-06	1.800000e+00
3.961192485965274e-06	1.800000e+00
3.961885692764711e-06	1.800000e+00
3.962771604045746e-06	1.800000e+00
3.963721430227477e-06	1.800000e+00
3.965052514970601e-06	1.800000e+00
3.966949760612949e-06	1.800000e+00
3.969792100105939e-06	1.800000e+00
3.972391793687116e-06	1.800000e+00
3.977274606187116e-06	1.800000e+00
3.982157418687116e-06	1.800000e+00
3.987040231187116e-06	1.800000e+00
3.996805856187115e-06	1.800000e+00
4.045117187600000e-06	1.800000e+00
4.050000000100000e-06	1.800000e+00
4.054882812600000e-06	1.800000e+00
4.055117187600000e-06	1.800000e+00
4.055585937600001e-06	1.800000e+00
4.056523437600002e-06	1.800000e+00
4.058125000099998e-06	1.800000e+00
4.060000000100000e-06	1.800000e+00
4.060005021117285e-06	1.800000e+00
4.060015063151855e-06	1.800000e+00
4.060017522508915e-06	1.800000e+00
4.060020497381147e-06	1.800000e+00
4.060025775857997e-06	1.800000e+00
4.060031148268565e-06	1.800000e+00
4.060041784144218e-06	1.800000e+00
4.060059669543701e-06	1.800000e+00
4.060081403185419e-06	1.800000e+00
4.060124870468854e-06	1.800000e+00
4.060201038742669e-06	1.800000e+00
4.060353375290300e-06	1.800000e+00
4.060589621918001e-06	1.800000e+00
4.061062115173402e-06	1.800000e+00
4.061628894872082e-06	1.800000e+00
4.062396129231218e-06	1.800000e+00
4.063853712235486e-06	1.800000e+00
4.065221589048371e-06	1.800000e+00
4.067020763903220e-06	1.800000e+00
4.070161393800210e-06	1.800000e+00
4.073040822725557e-06	1.800000e+00
4.077923635225557e-06	1.800000e+00
4.082806447725557e-06	1.800000e+00
4.087689260225557e-06	1.800000e+00
4.092572072725556e-06	1.800000e+00
4.190228322725552e-06	1.800000e+00
4.195111135225552e-06	1.800000e+00
4.195117187500001e-06	1.800000e+00
4.195129292048897e-06	1.800000e+00
4.195153501146691e-06	1.800000e+00
4.195201919342277e-06	1.800000e+00
4.195298755733451e-06	1.800000e+00
4.195492428515798e-06	1.800000e+00
4.195879774080492e-06	1.800000e+00
4.196654465209881e-06	1.800000e+00
4.198203847468657e-06	1.800000e+00
4.200000000000000e-06	1.795643e+00
4.200004547813197e-06	1.796930e+00
4.200013643439589e-06	1.805923e+00
4.200015875635520e-06	1.805492e+00
4.200018614043603e-06	1.801537e+00
4.200021812541891e-06	1.799984e+00
4.200025298859505e-06	1.800074e+00
4.200029919310335e-06	1.799917e+00
4.200039065677366e-06	1.799942e+00
4.200053647827796e-06	1.799952e+00
4.200082812128654e-06	1.799990e+00
4.200112969202915e-06	1.800040e+00
4.200118533647431e-06	1.800034e+00
4.200129662536464e-06	1.800003e+00
4.200132444758722e-06	1.800003e+00
4.200138009203239e-06	1.800006e+00
4.200139400314368e-06	1.800006e+00
4.200142182536626e-06	1.800006e+00
4.200147051425578e-06	1.800006e+00
4.200152615870095e-06	1.800006e+00
4.200163744759128e-06	1.800006e+00
4.200186002537194e-06	1.800006e+00
4.200230518093327e-06	1.800005e+00
4.200319549205592e-06	1.800004e+00
4.200437207243696e-06	1.800003e+00
4.200564799327931e-06	1.800003e+00
4.200722254276851e-06	1.800002e+00
4.200941669355748e-06	1.800002e+00
4.201306531166100e-06	1.800001e+00
4.201996457413522e-06	1.800001e+00
4.203376309908368e-06	1.800000e+00
4.205216628593979e-06	1.800000e+00
4.206723164892301e-06	1.800000e+00
4.208268316462299e-06	1.800000e+00
4.210224206343024e-06	1.800000e+00
4.212425730870723e-06	1.800000e+00
4.215612587010680e-06	1.800000e+00
4.220340914437426e-06	1.800000e+00
4.225223726937425e-06	1.800000e+00
4.230106539437425e-06	1.800000e+00
4.230716890999925e-06	1.800000e+00
4.231937594124925e-06	1.800001e+00
4.232092047070588e-06	1.800002e+00
4.232400952961912e-06	1.800003e+00
4.232608548092779e-06	1.800007e+00
4.232787990850891e-06	1.800020e+00
4.232936147549688e-06	1.800059e+00
4.233085046190073e-06	1.798385e+00
4.233194476323704e-06	1.783578e+00
4.233264431758100e-06	1.739306e+00
4.233326846986909e-06	1.663924e+00
4.233369759256266e-06	1.610819e+00
4.233416296012981e-06	1.550029e+00
4.233435080310493e-06	1.492627e+00
4.233458344691701e-06	1.341221e+00
4.233480283032752e-06	1.085387e+00
4.233497307779495e-06	7.595907e-01
4.233516005897772e-06	3.047575e-01
4.233525176045162e-06	1.157563e-01
4.233533209893056e-06	3.237477e-02
4.233542505858567e-06	6.499260e-03
4.233552065317096e-06	2.280009e-03
4.233562210598875e-06	1.462098e-03
4.233582501162432e-06	8.002397e-04
4.233617705227813e-06	4.265860e-04
4.233653264575600e-06	3.037195e-04
4.233694012064392e-06	2.389281e-04
4.233768451249564e-06	1.778438e-04
4.233865372914249e-06	1.443551e-04
4.233878800132996e-06	1.351762e-04
4.233905654570493e-06	1.097555e-04
4.233912368179867e-06	1.046332e-04
4.233925795398614e-06	8.952298e-05
4.233952649836111e-06	5.340713e-05
4.233964398652515e-06	3.737621e-05
4.233971112261890e-06	2.915345e-05
4.233984539480637e-06	1.474356e-05
4.233987896285324e-06	1.175601e-05
4.233994609894699e-06	7.086561e-06
4.234008037113446e-06	3.377981e-07
4.234034891550942e-06	-6.726606e-06
4.234088600425934e-06	-1.100114e-05
4.234173038223144e-06	-1.110065e-05
4.234295787317114e-06	-9.490242e-06
4.234541285505055e-06	-6.867665e-06
4.234952552317988e-06	-3.785394e-06
4.235360059449229e-06	-2.049682e-06
4.235820130384905e-06	-1.079436e-06
4.236301389528895e-06	-5.637350e-07
4.237049201673253e-06	-1.885577e-07
4.237958569169853e-06	-4.475753e-09
4.239334819167032e-06	5.868932e-08
4.241071352825967e-06	4.355175e-08
4.243643606670724e-06	7.475969e-09
4.246768073779959e-06	-8.551379e-09
4.251299955942047e-06	-1.299034e-08
4.253436186410798e-06	-1.389960e-08
4.254046537973298e-06	-1.426657e-08
4.255267241098298e-06	-1.586936e-08
4.257708647348298e-06	-1.624676e-08
4.262591459848298e-06	-1.321641e-08
4.267474272348297e-06	-9.893976e-09
4.272357084848297e-06	-6.856467e-09
4.277239897348297e-06	-4.535377e-09
4.282122709848297e-06	-2.839132e-09
4.287005522348297e-06	-1.635772e-09
4.291888334848296e-06	-7.715955e-10
4.295117187600000e-06	-3.656566e-10
4.300000000100000e-06	-2.976254e-05
4.300009536843164e-06	-8.981621e-06
4.300028610329492e-06	2.849983e-05
4.300033397739861e-06	1.388876e-06
4.300039101242368e-06	-1.986413e-05
4.300050508247382e-06	-1.161266e-06
4.300064121856806e-06	-1.325328e-06
4.300091349075655e-06	-4.150455e-08
4.300120455334065e-06	-1.884439e-07
4.300159548388501e-06	-3.491373e-10
4.300196504289506e-06	-9.545492e-08
4.300248551222993e-06	1.978762e-08
4.300303803402671e-06	-5.416105e-08
4.300386171249656e-06	1.791898e-08
4.300483167357115e-06	-3.510561e-08
4.300661587101444e-06	9.240153e-10
4.300836937532706e-06	-7.710799e-09
4.301058531550304e-06	3.247868e-09
4.301294831254453e-06	-6.848500e-09
4.301619806127938e-06	5.983450e-09
4.302049093657918e-06	-4.919449e-09
4.302756585243575e-06	4.291250e-09
4.303867692823294e-06	-1.059837e-09
4.305609206048933e-06	2.663215e-09
4.308816178708194e-06	1.429216e-09
4.311452831181801e-06	1.349258e-09
4.314528694302600e-06	1.000153e-09
4.317613194861731e-06	1.420536e-09
4.321483724443432e-06	7.403424e-10
4.326120165362562e-06	1.076139e-09
4.331002977862561e-06	1.006811e-09
4.340768602862561e-06	1.163054e-09
4.345117187500001e-06	1.164446e-09
4.350000000000001e-06	1.758721e-06
4.350001192092897e-06	1.388942e-06
4.350003576278688e-06	1.800383e-07
4.350004172566698e-06	5.206488e-08
4.350004890775451e-06	3.242181e-08
4.350006327192957e-06	1.333739e-08
4.350008156143647e-06	4.422406e-09
4.350011814045026e-06	1.100892e-09
4.350017946119516e-06	6.194614e-10
4.350024720702201e-06	7.326736e-10
4.350034511166618e-06	8.926321e-10
4.350048461427543e-06	1.057630e-09
4.350069073899349e-06	1.103199e-09
4.350091743796257e-06	1.072683e-09
4.350126603497991e-06	1.034085e-09
4.350173649275690e-06	1.017822e-09
4.350251549353138e-06	1.010188e-09
4.350355262688917e-06	1.007499e-09
4.350511130408810e-06	1.006218e-09
4.350694187407098e-06	1.005696e-09
4.350923005809697e-06	1.005139e-09
4.351150923786069e-06	1.004736e-09
4.351446796844796e-06	1.004511e-09
4.351931556770079e-06	1.004741e-09
4.352494403928642e-06	1.004981e-09
4.353036313280469e-06	1.005103e-09
4.353660281386388e-06	1.005209e-09
4.354431586085850e-06	1.005238e-09
4.355159453517821e-06	1.005184e-09
4.355790692750312e-06	1.005113e-09
4.356413606773958e-06	1.005077e-09
4.357068551914542e-06	1.005098e-09
4.357827632658189e-06	1.005133e-09
4.358770108058094e-06	1.005164e-09
4.359646017983438e-06	1.005147e-09
4.360927614729308e-06	1.005126e-09
4.362126892827744e-06	1.005126e-09
4.363866143220175e-06	1.005142e-09
4.365432278434708e-06	1.005136e-09
4.367703993353533e-06	1.005136e-09
4.370076666866730e-06	1.005138e-09
4.373060715028350e-06	1.005140e-09
4.376959447443971e-06	1.005137e-09
4.381554095205034e-06	1.005139e-09
4.386436907705034e-06	1.005138e-09
4.391319720205034e-06	1.005138e-09
4.396202532705034e-06	1.005138e-09
4.401085345205033e-06	1.005138e-09
4.405968157705033e-06	1.005138e-09
4.410850970205033e-06	1.005138e-09
4.415733782705033e-06	1.005138e-09
4.420616595205033e-06	1.005138e-09
4.425499407705032e-06	1.005138e-09
4.430382220205032e-06	1.005138e-09
4.435265032705032e-06	1.005138e-09
4.440147845205032e-06	1.005138e-09
4.445030657705032e-06	1.005316e-09
4.445117187500001e-06	1.005231e-09
4.445290247089939e-06	1.005095e-09
4.445636366269816e-06	1.005159e-09
4.446328604629569e-06	1.005128e-09
4.447713081349076e-06	1.005142e-09
4.450000000000001e-06	1.003879e-09
4.450006985272986e-06	9.967456e-10
4.450020955818956e-06	9.657861e-10
4.450024323071734e-06	9.567979e-10
4.450028620342577e-06	9.474531e-10
4.450037214884263e-06	9.448112e-10
4.450052052639410e-06	9.649351e-10
4.450072595854349e-06	9.982051e-10
4.450102353040107e-06	1.021081e-09
4.450137870063631e-06	1.022020e-09
4.450188487877877e-06	1.015161e-09
4.450254046105024e-06	1.010464e-09
4.450333334513557e-06	1.007965e-09
4.450433364794188e-06	1.006608e-09
4.450567391303005e-06	1.005849e-09
4.450757706525285e-06	1.005394e-09
4.450990314092936e-06	1.005112e-09
4.451302422428247e-06	1.004923e-09
4.451708752825903e-06	1.004883e-09
4.452260789632575e-06	1.004983e-09
4.452849663719046e-06	1.005074e-09
4.453426722786392e-06	1.005124e-09
4.454047346262576e-06	1.005158e-09
4.454745364731049e-06	1.005165e-09
4.455554350992758e-06	1.005149e-09
4.456547510935983e-06	1.005132e-09
4.457733991802622e-06	1.005132e-09
4.458967513464234e-06	1.005140e-09
4.460248628219600e-06	1.005142e-09
4.461721266765201e-06	1.005139e-09
4.463170872756902e-06	1.005137e-09
4.464485068668824e-06	1.005138e-09
4.466337654969784e-06	1.005138e-09
4.468388835517205e-06	1.005138e-09
4.472491196612045e-06	1.005138e-09
4.477374009112044e-06	1.005138e-09
4.482256821612044e-06	1.005138e-09
4.492022446612044e-06	1.005138e-09
4.545117187600001e-06	1.005138e-09
4.550000000100000e-06	1.005138e-09
4.554882812600000e-06	1.005140e-09
4.555117187600000e-06	1.005139e-09
4.555585937600001e-06	1.005138e-09
4.556523437600002e-06	1.005137e-09
4.558125000099998e-06	1.005139e-09
4.560000000100000e-06	9.023739e-10
4.560004723703379e-06	8.892017e-10
4.560014170910135e-06	9.723413e-10
4.560016503427685e-06	1.045712e-09
4.560019246845115e-06	1.108666e-09
4.560022973306167e-06	1.110870e-09
4.560026940358164e-06	1.091790e-09
4.560033677648487e-06	1.062766e-09
4.560042955709648e-06	1.035936e-09
4.560060421784951e-06	1.014886e-09
4.560095353935557e-06	1.005928e-09
4.560151181302348e-06	1.005523e-09
4.560262836035932e-06	1.005643e-09
4.560486145503098e-06	1.005287e-09
4.560842536059661e-06	1.005170e-09
4.561274969087836e-06	1.005133e-09
4.561965357120804e-06	1.005133e-09
4.562875330506370e-06	1.005130e-09
4.563946608128452e-06	1.005134e-09
4.565488544932565e-06	1.005134e-09
4.568341830626505e-06	1.005138e-09
4.572597679703998e-06	1.005138e-09
4.577480492203997e-06	1.005138e-09
4.582363304703997e-06	1.005138e-09
4.587246117203997e-06	1.005138e-09
4.592128929703997e-06	1.005138e-09
4.597011742203997e-06	1.005138e-09
4.601894554703996e-06	1.005138e-09
4.612357724346853e-06	1.005138e-09
4.622820893989710e-06	1.005138e-09
4.633284063632566e-06	1.005138e-09
4.643747233275424e-06	1.005138e-09
4.654210402918280e-06	1.005138e-09
4.664673572561137e-06	1.005138e-09
4.675136742203993e-06	1.005138e-09
4.689785179703993e-06	1.005138e-09
4.694667992203993e-06	1.005133e-09
4.696015578092017e-06	1.005139e-09
4.697812359276050e-06	1.005138e-09
4.700000000000001e-06	2.233404e-04
4.700001068183948e-06	1.880593e-04
4.700003204551842e-06	-1.048896e-04
4.700003740673608e-06	-1.243088e-04
4.700004385282654e-06	-6.298135e-05
4.700005674500748e-06	-1.322886e-05
4.700008252936936e-06	2.437934e-05
4.700013409809312e-06	4.182997e-05
4.700018128259453e-06	3.511300e-05
4.700022622779801e-06	2.317512e-05
4.700028347846262e-06	1.203967e-05
4.700037649400418e-06	2.479048e-06
4.700052894265096e-06	-2.835927e-06
4.700068903700127e-06	-3.284141e-06
4.700092499016276e-06	-2.169460e-06
4.700123653343131e-06	-1.408612e-06
4.700185961996841e-06	-1.046907e-06
4.700310579304263e-06	-8.710286e-07
4.700559813919105e-06	-6.170549e-07
4.701003855310724e-06	-2.638590e-07
4.701069683759143e-06	-2.255964e-07
4.701201340655981e-06	-1.684121e-07
4.701234254880191e-06	-1.570871e-07
4.701357683220977e-06	-1.205617e-07
4.701374140333082e-06	-1.141411e-07
4.701407054557291e-06	-9.646988e-08
4.701415283113343e-06	-8.998428e-08
4.701444083059526e-06	-5.882352e-08
4.701460540171631e-06	-4.522503e-08
4.701493454395840e-06	-3.001151e-08
4.701559282844260e-06	-1.695071e-08
4.701690939741098e-06	-4.637546e-09
4.701954253534776e-06	8.328998e-09
4.702480881122131e-06	1.708806e-08
4.703534136296841e-06	1.446424e-08
4.705203599344882e-06	2.940275e-10
4.707133498989477e-06	-1.369571e-08
4.709153998190284e-06	-1.874545e-08
4.710722995036587e-06	-1.216419e-08
4.710833506887918e-06	-1.229805e-08
4.711054530590580e-06	-1.344670e-07
4.711496577995904e-06	-2.515907e-06
4.711719489239835e-06	-7.599512e-06
4.711863575020310e-06	-1.669289e-05
4.711983519032370e-06	-3.674116e-05
4.712076886832798e-06	-7.430838e-05
4.712177431722556e-06	-1.479255e-04
4.712296302180516e-06	-2.799364e-04
4.712378398021884e-06	2.218751e-03
4.712490105940156e-06	1.554423e-02
4.712503181465498e-06	2.610807e-02
4.712529332516181e-06	7.312427e-02
4.712535870278852e-06	9.619277e-02
4.712548945804194e-06	1.687972e-01
4.712552214685529e-06	1.955102e-01
4.712558752448200e-06	2.736753e-01
4.712571827973542e-06	4.715717e-01
4.712582983701074e-06	6.663048e-01
4.712595781146180e-06	9.069625e-01
4.712598647199523e-06	9.653931e-01
4.712604379306209e-06	1.094895e+00
4.712609234081792e-06	1.219735e+00
4.712614045598126e-06	1.368579e+00
4.712621353178502e-06	1.621063e+00
4.712624373825863e-06	1.709900e+00
4.712627243591305e-06	1.759042e+00
4.712630557984913e-06	1.782497e+00
4.712634562736541e-06	1.792663e+00
4.712638279906165e-06	1.796334e+00
4.712644619354452e-06	1.798689e+00
4.712651428317020e-06	1.799344e+00
4.712659277702295e-06	1.799522e+00
4.712670069388413e-06	1.799808e+00
4.712686780910207e-06	1.800078e+00
4.712710810963796e-06	1.800178e+00
4.712746868329392e-06	1.800183e+00
4.712810718572901e-06	1.800174e+00
4.712933506576010e-06	1.800151e+00
4.713136216186672e-06	1.800124e+00
4.713350632051196e-06	1.800101e+00
4.713600766841415e-06	1.800082e+00
4.713879730669675e-06	1.800067e+00
4.714177761474078e-06	1.800054e+00
4.714544909573398e-06	1.800043e+00
4.714589756586665e-06	1.800042e+00
4.714679450613201e-06	1.800041e+00
4.714701874119835e-06	1.800041e+00
4.714708881465657e-06	1.800041e+00
4.714728502033963e-06	1.800041e+00
4.714736910848951e-06	1.800040e+00
4.714748122602268e-06	1.800040e+00
4.714770546108902e-06	1.800040e+00
4.714815393122170e-06	1.800038e+00
4.714905087148705e-06	1.800034e+00
4.715084475201776e-06	1.800029e+00
4.715443251307919e-06	1.800023e+00
4.715950964893933e-06	1.800017e+00
4.716729794678589e-06	1.800011e+00
4.718096699088798e-06	1.800006e+00
4.720605749512112e-06	1.800002e+00
4.723438962749340e-06	1.800000e+00
4.727758649973016e-06	1.800000e+00
4.732641462473015e-06	1.800000e+00
4.737524274973015e-06	1.800000e+00
4.742407087473015e-06	1.800000e+00
4.747289899973015e-06	1.800000e+00
4.752172712473015e-06	1.800000e+00
4.757055524973014e-06	1.800000e+00
4.761938337473014e-06	1.800000e+00
4.766821149973014e-06	1.800000e+00
4.771703962473014e-06	1.800000e+00
4.776586774973014e-06	1.800000e+00
4.781469587473013e-06	1.800000e+00
4.786352399973013e-06	1.800000e+00
4.791235212473013e-06	1.800000e+00
4.795117187600001e-06	1.800000e+00
4.800000000100000e-06	1.799599e+00
4.800009536843164e-06	1.799766e+00
4.800028610329492e-06	1.800341e+00
4.800033378723927e-06	1.800228e+00
4.800038934909122e-06	1.800072e+00
4.800046076859403e-06	1.800097e+00
4.800053830771843e-06	1.800063e+00
4.800068010027339e-06	1.800053e+00
4.800086759446404e-06	1.800031e+00
4.800124258284534e-06	1.800015e+00
4.800179203172467e-06	1.800004e+00
4.800289092948332e-06	1.800001e+00
4.800496134127308e-06	1.800000e+00
4.800709647278018e-06	1.800000e+00
4.800987032414847e-06	1.800000e+00
4.801297671862638e-06	1.800000e+00
4.801770538663926e-06	1.800000e+00
4.802381965607036e-06	1.800000e+00
4.803457548977460e-06	1.800000e+00
4.804593899534494e-06	1.800000e+00
4.805584515649551e-06	1.800000e+00
4.806487387404304e-06	1.800000e+00
4.807468621780477e-06	1.800000e+00
4.808026613110767e-06	1.800000e+00
4.808835080963252e-06	1.800000e+00
4.809692669031406e-06	1.800000e+00
4.810903871786849e-06	1.800000e+00
4.812045764228289e-06	1.800000e+00
4.813698569002982e-06	1.800000e+00
4.816115122738015e-06	1.800000e+00
4.820948230208080e-06	1.800000e+00
4.825831042708080e-06	1.800000e+00
4.830713855208080e-06	1.800000e+00
4.840479480208079e-06	1.800000e+00
4.845362292708079e-06	1.800000e+00
4.850000000000001e-06	1.800015e+00
4.850001192092897e-06	1.800011e+00
4.850003576278688e-06	1.800000e+00
4.850004171454123e-06	1.799999e+00
4.850004889255543e-06	1.800000e+00
4.850006324858385e-06	1.800000e+00
4.850007857841464e-06	1.800000e+00
4.850010923807623e-06	1.800000e+00
4.850017055739941e-06	1.800000e+00
4.850029319604576e-06	1.800000e+00
4.850044416338544e-06	1.800000e+00
4.850066006588584e-06	1.800000e+00
4.850098486628715e-06	1.800000e+00
4.850163446708980e-06	1.800000e+00
4.850279743112030e-06	1.800000e+00
4.850399819898652e-06	1.800000e+00
4.850614446517712e-06	1.800000e+00
4.850855183767737e-06	1.800000e+00
4.851120252407349e-06	1.800000e+00
4.851491669918130e-06	1.800000e+00
4.851862226929051e-06	1.800000e+00
4.852269724860668e-06	1.800000e+00
4.852684913056961e-06	1.800000e+00
4.853123649483493e-06	1.800000e+00
4.853575336791687e-06	1.800000e+00
4.854030934912489e-06	1.800000e+00
4.854519698293232e-06	1.800000e+00
4.855020076057497e-06	1.800000e+00
4.855606426309841e-06	1.800000e+00
4.856279292636333e-06	1.800000e+00
4.856868572477920e-06	1.800000e+00
4.857529030214201e-06	1.800000e+00
4.858342338334898e-06	1.800000e+00
4.859092765381477e-06	1.800000e+00
4.859977666739172e-06	1.800000e+00
4.861145531633827e-06	1.800000e+00
4.862253756287769e-06	1.800000e+00
4.863486303007391e-06	1.800000e+00
4.864925901025294e-06	1.800000e+00
4.866443332026904e-06	1.800000e+00
4.868867826493560e-06	1.800000e+00
4.871103963148571e-06	1.800000e+00
4.873855109402288e-06	1.800000e+00
4.878278803480880e-06	1.800000e+00
4.882753962063681e-06	1.800000e+00
4.887636774563681e-06	1.800000e+00
4.892519587063681e-06	1.800000e+00
4.897402399563681e-06	1.800000e+00
4.902285212063681e-06	1.800000e+00
4.907168024563680e-06	1.800000e+00
4.912050837063680e-06	1.800000e+00
4.916933649563680e-06	1.800000e+00
4.921816462063680e-06	1.800000e+00
4.926699274563680e-06	1.800000e+00
4.931582087063679e-06	1.800000e+00
4.936464899563679e-06	1.800000e+00
4.941347712063679e-06	1.800000e+00
4.945117187500001e-06	1.800000e+00
4.950000000000001e-06	1.800000e+00
4.950014222730535e-06	1.800000e+00
4.950042668191602e-06	1.800000e+00
4.950049555751618e-06	1.800000e+00
4.950058290174438e-06	1.800000e+00
4.950075759020078e-06	1.800000e+00
4.950110696711357e-06	1.800000e+00
4.950160825567331e-06	1.800000e+00
4.950261083279278e-06	1.800000e+00
4.950389640517297e-06	1.800000e+00
4.950545965953724e-06	1.800000e+00
4.950807215882442e-06	1.800000e+00
4.951078121346106e-06	1.800000e+00
4.951382997478257e-06	1.800000e+00
4.951815784522088e-06	1.800000e+00
4.952506872585874e-06	1.800000e+00
4.953282754866141e-06	1.800000e+00
4.954143418449410e-06	1.800000e+00
4.955142812741271e-06	1.800000e+00
4.956067595829121e-06	1.800000e+00
4.956843471470033e-06	1.800000e+00
4.957723735384385e-06	1.800000e+00
4.958196892111959e-06	1.800000e+00
4.958953079632224e-06	1.800000e+00
4.959635234714452e-06	1.800000e+00
4.960522525537669e-06	1.800000e+00
4.961553838354239e-06	1.800000e+00
4.962800124689386e-06	1.800000e+00
4.964481793827551e-06	1.800000e+00
4.967240196691962e-06	1.800000e+00
4.970805744571434e-06	1.800000e+00
4.974902898220310e-06	1.800000e+00
4.979785710720310e-06	1.800000e+00
4.984668523220310e-06	1.800000e+00
4.989551335720310e-06	1.800000e+00
4.995117187500001e-06	1.800000e+00
4.996483266059383e-06	1.800000e+00
4.998430846356292e-06	1.800000e+00
5.000000000000000e-06	1.800000e+00
