time	V(comp_out)
0.000000000000000e+00	1.005148e-09
1.999999967550318e-17	1.005150e-09
2.776152414852956e-17	1.005151e-09
4.328457309458232e-17	1.005152e-09
7.433067098668784e-17	1.005156e-09
7.753933711335185e-17	1.005156e-09
7.853933711335186e-17	1.005156e-09
8.053933711335185e-17	1.005156e-09
1.583819886599444e-16	1.005173e-09
1.973033144332407e-16	1.005179e-09
2.051570048366116e-13	1.022605e-09
4.101167063587900e-13	1.037983e-09
6.150764078809684e-13	1.051313e-09
8.200361094031467e-13	1.062596e-09
1.024995810925325e-12	1.071832e-09
1.229955512447503e-12	1.079020e-09
1.434915213969681e-12	1.084160e-09
1.753758714704524e-12	1.089320e-09
2.391445716174211e-12	1.095600e-09
2.550867466541633e-12	1.096228e-09
2.869710967276476e-12	1.095880e-09
3.507397968746162e-12	1.093037e-09
4.782771971685535e-12	1.083606e-09
7.333519977564282e-12	1.063580e-09
1.243501598932177e-11	1.035238e-09
2.263800801283676e-11	1.009090e-09
3.975525156696326e-11	9.969887e-10
6.122993115477721e-11	9.962379e-10
9.132730454285366e-11	9.988032e-10
1.276027733041948e-10	1.001251e-09
1.757163601669748e-10	1.003186e-09
2.371422666163220e-10	1.004328e-09
3.357147335490168e-10	1.004937e-09
4.723886107045008e-10	1.005125e-09
6.844740036898471e-10	1.005148e-09
9.220626573223837e-10	1.005148e-09
1.197566089859227e-09	1.005148e-09
1.569466022228609e-09	1.005148e-09
2.192473799045962e-09	1.005148e-09
2.992072673455476e-09	1.005144e-09
3.105943026120984e-09	1.005147e-09
3.134410614287361e-09	1.005148e-09
3.305216143285623e-09	1.005148e-09
3.333683731452000e-09	1.005148e-09
3.340800628493594e-09	1.005148e-09
3.355034422576782e-09	1.005148e-09
3.390618907784753e-09	1.005148e-09
3.404852701867942e-09	1.005148e-09
3.433320290034319e-09	1.005148e-09
3.490255466367073e-09	1.005148e-09
3.604125819032580e-09	1.005148e-09
3.831866524363596e-09	1.005148e-09
4.287347935025628e-09	1.005148e-09
5.198310756349690e-09	1.005148e-09
6.018330407499837e-09	1.005148e-09
7.065046750617571e-09	1.005148e-09
7.925021978678492e-09	1.005148e-09
9.079859259014083e-09	1.005148e-09
1.039777876025242e-08	1.005148e-09
1.139122290513771e-08	1.005148e-09
1.150199090623051e-08	1.005148e-09
1.172352690841611e-08	1.005148e-09
1.177891090896251e-08	1.005148e-09
1.188967891005531e-08	1.005148e-09
1.191737091032851e-08	1.005148e-09
1.193813991053341e-08	1.005148e-09
1.196583191080661e-08	1.005148e-09
1.202121591135301e-08	1.005148e-09
1.213198391244581e-08	1.005148e-09
1.235351991463142e-08	1.005148e-09
1.279659191900262e-08	1.005148e-09
1.332474890960956e-08	1.005148e-09
1.418117841988996e-08	1.005148e-09
1.582967880721263e-08	1.005148e-09
1.823483745760753e-08	1.005148e-09
2.082033862930880e-08	1.005148e-09
2.388408538653864e-08	1.005148e-09
2.787604772329630e-08	1.005148e-09
3.191490264829320e-08	1.005148e-09
3.622864260337874e-08	1.005148e-09
4.111145510337874e-08	1.005148e-09
4.599426760337874e-08	1.005148e-09
5.087708010337874e-08	1.005148e-09
5.575989260337874e-08	1.005148e-09
6.064270510337874e-08	1.005148e-09
6.552551760337874e-08	1.005148e-09
7.040833010337874e-08	1.005148e-09
7.529114260337874e-08	1.005148e-09
8.017395510337874e-08	1.005148e-09
8.505676760337874e-08	1.005148e-09
8.993958010337874e-08	1.005148e-09
9.482239260337874e-08	1.005148e-09
9.534614151795255e-08	1.005148e-09
9.586989043252637e-08	1.005148e-09
9.639363934710019e-08	1.005148e-09
9.691738826167401e-08	1.005148e-09
9.744113717624782e-08	1.005148e-09
9.796488609082164e-08	1.005148e-09
9.848863500539546e-08	1.005148e-09
1.000000001000000e-07	1.005148e-09
1.003577885128625e-07	1.005148e-09
1.005230352080719e-07	1.005148e-09
1.007715542977168e-07	1.005148e-09
1.026626766930902e-07	1.005148e-09
1.091465249057990e-07	1.005148e-09
1.951171875000000e-07	1.005148e-09
2.000000000000000e-07	1.005148e-09
2.000000000100000e-07	4.227070e-05
2.000000000300000e-07	3.363313e-04
2.000000000700000e-07	1.286739e-03
2.000000001000000e-07	2.092917e-03
2.000000001037101e-07	2.092910e-03
2.010000001037101e-07	5.119241e-04
2.020000001037101e-07	-5.697506e-05
2.021250001037101e-07	-7.633537e-05
2.023750001037101e-07	-1.072691e-04
2.024375001037101e-07	7.586444e-05
2.025625001037102e-07	6.122617e-03
2.027560308116448e-07	3.315416e-02
2.027878870219276e-07	4.779585e-02
2.028515994424930e-07	1.036443e-01
2.028675275476344e-07	1.304495e-01
2.028993837579171e-07	2.153482e-01
2.029058036669698e-07	2.407682e-01
2.029186434850750e-07	3.118506e-01
2.029443231212855e-07	4.809303e-01
2.029680216957745e-07	6.535198e-01
2.029715725274696e-07	6.815239e-01
2.029786741908598e-07	7.474571e-01
2.029928775176402e-07	9.167134e-01
2.030012733710357e-07	1.058618e+00
2.030070339211261e-07	1.199700e+00
2.030116859880292e-07	1.355309e+00
2.030184506788743e-07	1.618494e+00
2.030211555782750e-07	1.707647e+00
2.030237653162127e-07	1.757251e+00
2.030267595682581e-07	1.781070e+00
2.030302714786527e-07	1.791343e+00
2.030337220982176e-07	1.795392e+00
2.030393834402151e-07	1.798129e+00
2.030470876032052e-07	1.799235e+00
2.030542351986225e-07	1.799469e+00
2.030657679235157e-07	1.799770e+00
2.030818283461622e-07	1.800050e+00
2.031063864003168e-07	1.800172e+00
2.031381497047104e-07	1.800181e+00
2.031976879270236e-07	1.800175e+00
2.033056030264567e-07	1.800155e+00
2.035214332253229e-07	1.800127e+00
2.039530936230553e-07	1.800078e+00
2.040503478395888e-07	1.800075e+00
2.040746613937222e-07	1.800075e+00
2.041232885019890e-07	1.800072e+00
2.042083859414558e-07	1.800067e+00
2.042235819127892e-07	1.800066e+00
2.042418170783892e-07	1.800065e+00
2.042722090210560e-07	1.800064e+00
2.043573064605228e-07	1.800060e+00
2.044545606770563e-07	1.800056e+00
2.046490691101233e-07	1.800048e+00
2.050380859762574e-07	1.800037e+00
2.054936327415422e-07	1.800027e+00
2.061772292328355e-07	1.800018e+00
2.073476449562892e-07	1.800010e+00
2.088045056801202e-07	1.800004e+00
2.105821306822048e-07	1.800002e+00
2.127088525886670e-07	1.800000e+00
2.147733280124623e-07	1.800000e+00
2.177053148839283e-07	1.800000e+00
2.219315382160506e-07	1.800000e+00
2.268143507160506e-07	1.800000e+00
2.316971632160507e-07	1.800000e+00
2.358268586641838e-07	1.800000e+00
2.364372102266838e-07	1.800000e+00
2.370693600592730e-07	1.800000e+00
2.377015098918623e-07	1.800000e+00
2.383336597244516e-07	1.800000e+00
2.389658095570409e-07	1.800000e+00
2.395979593896301e-07	1.800000e+00
2.402301092222194e-07	1.800000e+00
2.408622590548087e-07	1.800000e+00
2.428750151479565e-07	1.800000e+00
2.450827305397740e-07	1.800000e+00
2.494981613234091e-07	1.800000e+00
2.543809738234092e-07	1.800001e+00
2.592637863234092e-07	1.800000e+00
2.641465988234092e-07	1.800000e+00
2.690294113234092e-07	1.800000e+00
2.739122238234092e-07	1.800000e+00
2.787950363234092e-07	1.800000e+00
2.836778488234092e-07	1.800000e+00
2.885606613234092e-07	1.800000e+00
2.934434738234093e-07	1.800000e+00
2.951171876000000e-07	1.800000e+00
2.974825455254517e-07	1.800000e+00
3.000000001000000e-07	1.800000e+00
3.000000001010000e-07	1.799794e+00
3.000000001030000e-07	1.799383e+00
3.000000001070000e-07	1.798561e+00
3.000000001150000e-07	1.796917e+00
3.000000001170000e-07	1.796506e+00
3.000000001210000e-07	1.795687e+00
3.000000001290000e-07	1.794070e+00
3.000000001450000e-07	1.791421e+00
3.000000001770000e-07	1.788680e+00
3.000000002258750e-07	1.787688e+00
3.000000002316251e-07	1.787686e+00
3.001250002316251e-07	1.799329e+00
3.001406252316251e-07	1.800024e+00
3.001718752316251e-07	1.800029e+00
3.002050309119279e-07	1.800012e+00
3.002425657048717e-07	1.800005e+00
3.002823207247636e-07	1.800002e+00
3.003618307645474e-07	1.800000e+00
3.005208508441150e-07	1.800000e+00
3.008311418596616e-07	1.800000e+00
3.011332884098543e-07	1.800000e+00
3.015483570903365e-07	1.800000e+00
3.019491542087722e-07	1.800000e+00
3.025671630866096e-07	1.800000e+00
3.034755846744614e-07	1.800000e+00
3.043667195259852e-07	1.800000e+00
3.053235888651644e-07	1.800000e+00
3.065542022439482e-07	1.800000e+00
3.078395242171937e-07	1.800000e+00
3.089906983590754e-07	1.800000e+00
3.104058548955423e-07	1.800000e+00
3.125817356764021e-07	1.800000e+00
3.156014499365987e-07	1.800000e+00
3.186258644461538e-07	1.800000e+00
3.199922345960753e-07	1.800000e+00
3.210329749023293e-07	1.800000e+00
3.221200321104954e-07	1.800000e+00
3.232491191751499e-07	1.800000e+00
3.240656280337615e-07	1.800000e+00
3.246470309433721e-07	1.800000e+00
3.251713858540172e-07	1.800000e+00
3.258792692425686e-07	1.800000e+00
3.264075774751866e-07	1.800000e+00
3.268326800105602e-07	1.800000e+00
3.273293005898023e-07	1.800000e+00
3.279241250550836e-07	1.800000e+00
3.286715233557059e-07	1.800000e+00
3.293803900928985e-07	1.800000e+00
3.303687630272965e-07	1.800000e+00
3.314309804072204e-07	1.800000e+00
3.332595306726423e-07	1.800000e+00
3.357734962854856e-07	1.800000e+00
3.385375446881706e-07	1.800000e+00
3.426098387865040e-07	1.800000e+00
3.451171875000000e-07	1.800000e+00
3.500000000000000e-07	1.800003e+00
3.500000000012500e-07	1.800003e+00
3.500000003962501e-07	1.800003e+00
3.500000005937501e-07	1.800003e+00
3.500000077601796e-07	1.800003e+00
3.500000149266091e-07	1.800003e+00
3.500000220930386e-07	1.800003e+00
3.500000292594681e-07	1.800003e+00
3.500000364258976e-07	1.800003e+00
3.500000435923271e-07	1.800003e+00
3.500000507587566e-07	1.800003e+00
3.500001013187630e-07	1.800003e+00
3.500002024387760e-07	1.800002e+00
3.500004046788020e-07	1.800002e+00
3.500008091588538e-07	1.800002e+00
3.500015559581837e-07	1.800001e+00
3.500024527670276e-07	1.800000e+00
3.500040559348295e-07	1.800000e+00
3.500072622704332e-07	1.800000e+00
3.500136749416407e-07	1.800000e+00
3.500234405648674e-07	1.800000e+00
3.500354396901902e-07	1.800000e+00
3.500535587856740e-07	1.800000e+00
3.500859855358328e-07	1.800000e+00
3.501508390361504e-07	1.800000e+00
3.502388554491302e-07	1.800000e+00
3.503758491233928e-07	1.800000e+00
3.505591327440054e-07	1.800000e+00
3.508644375393572e-07	1.800000e+00
3.511789209538326e-07	1.800000e+00
3.517082689920868e-07	1.800000e+00
3.523504627602877e-07	1.800000e+00
3.529594376758312e-07	1.800000e+00
3.536681833196674e-07	1.800000e+00
3.545343006532825e-07	1.800000e+00
3.555412411415539e-07	1.800000e+00
3.566070108571860e-07	1.800000e+00
3.579424314830712e-07	1.800000e+00
3.597649171438586e-07	1.800000e+00
3.615800376817138e-07	1.800000e+00
3.650331214680917e-07	1.800000e+00
3.683050104088038e-07	1.800000e+00
3.731878229088038e-07	1.800000e+00
3.780706354088038e-07	1.800000e+00
3.829534479088038e-07	1.800000e+00
3.878362604088038e-07	1.800000e+00
3.927190729088038e-07	1.800000e+00
4.451171875000000e-07	1.800000e+00
4.500000000000000e-07	1.800000e+00
4.500000000010000e-07	1.800000e+00
4.500000000030000e-07	1.800000e+00
4.500000000070000e-07	1.800000e+00
4.500000000100000e-07	1.800000e+00
4.500000000140000e-07	1.800000e+00
4.500000000220000e-07	1.800000e+00
4.500000000380000e-07	1.800000e+00
4.500000000700000e-07	1.800000e+00
4.500000000737500e-07	1.800000e+00
4.500000000812500e-07	1.800000e+00
4.500000000831250e-07	1.800000e+00
4.500000000868751e-07	1.800000e+00
4.500000000943751e-07	1.800000e+00
4.500000000953750e-07	1.800000e+00
4.500000001010000e-07	1.800000e+00
4.510000001010001e-07	1.800000e+00
4.520000001010001e-07	1.800000e+00
4.530000001010001e-07	1.800000e+00
4.540000001010001e-07	1.800000e+00
4.541560947626520e-07	1.800000e+00
4.544682840859557e-07	1.800000e+00
4.550926627325631e-07	1.800000e+00
4.563414200257779e-07	1.800000e+00
4.572944571304555e-07	1.800000e+00
4.580389918884427e-07	1.800000e+00
4.586944166674413e-07	1.800000e+00
4.594200138798512e-07	1.800000e+00
4.602837342807753e-07	1.800000e+00
4.612600744739251e-07	1.800000e+00
4.617967670899783e-07	1.800000e+00
4.622596963414886e-07	1.800000e+00
4.626133450892107e-07	1.800000e+00
4.629800965881582e-07	1.800000e+00
4.633927567805456e-07	1.800000e+00
4.636527503031961e-07	1.800000e+00
4.639677172652497e-07	1.800000e+00
4.643028487234321e-07	1.800000e+00
4.647679381193607e-07	1.800000e+00
4.653220088185843e-07	1.800000e+00
4.659314129797105e-07	1.800000e+00
4.667039071420084e-07	1.800000e+00
4.676788215175719e-07	1.800000e+00
4.689836688312455e-07	1.800000e+00
4.709088692661107e-07	1.800000e+00
4.729124598525704e-07	1.800000e+00
4.753807613507721e-07	1.800000e+00
4.790599165777121e-07	1.800000e+00
4.839427290777121e-07	1.800000e+00
4.888255415777121e-07	1.800000e+00
4.937083540777122e-07	1.800000e+00
4.985911665777122e-07	1.800000e+00
5.034739790777122e-07	1.800000e+00
5.132396040777122e-07	1.800000e+00
5.451171876000001e-07	1.800000e+00
5.500000001000001e-07	1.800000e+00
5.500000001100001e-07	1.800000e+00
5.500000001125001e-07	1.800000e+00
5.500000001175001e-07	1.800000e+00
5.500000002103126e-07	1.800000e+00
5.500000002128907e-07	1.800000e+00
5.510000002283594e-07	1.800000e+00
5.520000002283594e-07	1.800000e+00
5.530000002283594e-07	1.800000e+00
5.549226793757460e-07	1.800000e+00
5.561546418052266e-07	1.800000e+00
5.575360752410387e-07	1.800000e+00
5.600000001000000e-07	1.800000e+00
5.600069482403151e-07	1.800000e+00
5.600208445209454e-07	1.800000e+00
5.600242215759704e-07	1.800000e+00
5.600284115542436e-07	1.800000e+00
5.600367915107900e-07	1.800000e+00
5.600489483970662e-07	1.800000e+00
5.600695769262841e-07	1.800000e+00
5.601068480093219e-07	1.800000e+00
5.601600259042661e-07	1.800000e+00
5.602663816941545e-07	1.800000e+00
5.604790932739312e-07	1.800000e+00
5.608433929516737e-07	1.800000e+00
5.614933494957273e-07	1.800000e+00
5.627932625838345e-07	1.800000e+00
5.640439128914851e-07	1.800000e+00
5.660241720665310e-07	1.800000e+00
5.682890424297286e-07	1.800000e+00
5.718580824023952e-07	1.800000e+00
5.767408949023953e-07	1.800000e+00
5.865065199023953e-07	1.800000e+00
6.890455824023956e-07	1.800000e+00
6.939283949023956e-07	1.800000e+00
6.974947726952090e-07	1.800000e+00
7.000000000000001e-07	1.790273e+00
7.000011920928955e-07	1.788361e+00
7.000035762786866e-07	1.792747e+00
7.000041690971150e-07	1.798614e+00
7.000048898709982e-07	1.804168e+00
7.000061758457303e-07	1.805551e+00
7.000073707407483e-07	1.804783e+00
7.000097605307844e-07	1.802925e+00
7.000139492891086e-07	1.801057e+00
7.000208090876750e-07	1.799816e+00
7.000283187415477e-07	1.799514e+00
7.000399363855895e-07	1.799603e+00
7.000534894733206e-07	1.799750e+00
7.000713078056031e-07	1.799893e+00
7.000956773558653e-07	1.800059e+00
7.000985266574130e-07	1.800080e+00
7.001042252605084e-07	1.800125e+00
7.001056499112823e-07	1.800135e+00
7.001084992128300e-07	1.800149e+00
7.001141978159255e-07	1.800170e+00
7.001156224666994e-07	1.800174e+00
7.001184717682471e-07	1.800180e+00
7.001206087444079e-07	1.800185e+00
7.001234580459556e-07	1.800191e+00
7.001291566490510e-07	1.800206e+00
7.001405538552419e-07	1.800241e+00
7.001633482676237e-07	1.800268e+00
7.001901959497358e-07	1.799770e+00
7.002201457852722e-07	1.796098e+00
7.002512168708387e-07	1.784216e+00
7.002688139640366e-07	1.766326e+00
7.002860054232027e-07	1.727307e+00
7.002999108322130e-07	1.661270e+00
7.003172127951118e-07	1.506866e+00
7.003358117123459e-07	1.226051e+00
7.003475642816871e-07	9.304239e-01
7.003563635766044e-07	6.120544e-01
7.003647631980943e-07	2.847495e-01
7.003707559923582e-07	1.166226e-01
7.003781072533280e-07	2.558001e-02
7.003851360059563e-07	3.384000e-03
7.003925306992510e-07	1.085223e-03
7.004006099433195e-07	7.755916e-04
7.004167684314565e-07	5.672342e-04
7.004490854077306e-07	3.819899e-04
7.004986007968477e-07	2.721000e-04
7.005645955805483e-07	1.973748e-04
7.006382469769207e-07	1.553362e-04
7.007317564973637e-07	9.830781e-05
7.007949866406502e-07	4.853787e-05
7.008815863123269e-07	-4.959862e-06
7.009459505030521e-07	-1.242014e-05
7.010258648395753e-07	-9.065204e-06
7.011087510432352e-07	-8.277181e-06
7.012745234505551e-07	-6.529095e-06
7.015261536324096e-07	-4.504762e-06
7.018909564725208e-07	-2.693426e-06
7.022725422877322e-07	-1.596999e-06
7.027609240989257e-07	-8.939531e-07
7.033382682178773e-07	-4.329095e-07
7.041698033966152e-07	-1.882782e-07
7.051628857281002e-07	-2.730536e-05
7.053493804865800e-07	-2.162249e-05
7.057223700035396e-07	2.158393e-08
7.058156173827795e-07	1.705103e-08
7.060021121412593e-07	-1.190953e-08
7.063751016582188e-07	-6.977197e-09
7.071210806921379e-07	-7.379135e-10
7.083229614285329e-07	4.233828e-09
7.097806938015360e-07	6.524021e-09
7.126961585475421e-07	7.964541e-09
7.175789710475421e-07	8.788187e-09
7.224617835475421e-07	8.293084e-09
7.273445960475422e-07	6.515284e-09
7.322274085475422e-07	4.479351e-09
7.371102210475422e-07	3.098980e-09
7.419930335475422e-07	2.326157e-09
7.468758460475422e-07	1.869690e-09
7.517586585475422e-07	1.581896e-09
7.566414710475422e-07	1.391777e-09
7.615242835475422e-07	1.265575e-09
7.664070960475423e-07	1.180552e-09
7.712899085475423e-07	1.123576e-09
7.761727210475423e-07	1.085042e-09
7.810555335475423e-07	1.059133e-09
7.859383460475423e-07	1.041593e-09
7.908211585475423e-07	1.029595e-09
7.951171876000000e-07	1.022419e-09
8.000000001000000e-07	-2.935566e-05
8.000095368431641e-07	-8.591925e-06
8.000286103294922e-07	2.840935e-05
8.000333971711030e-07	1.314773e-06
8.000391315081439e-07	-1.992747e-05
8.000506001822258e-07	-6.998709e-07
8.000735375303896e-07	-8.948964e-07
8.001194122267172e-07	2.436838e-08
8.001723649690494e-07	-8.937526e-08
8.002397996084711e-07	4.536307e-08
8.003180988292123e-07	-8.087547e-08
8.004425048770402e-07	5.316723e-08
8.006506875933447e-07	-2.092538e-08
8.009448542768138e-07	2.926200e-09
8.012478384170278e-07	-2.002559e-08
8.017799248432217e-07	6.401312e-09
8.024402280121620e-07	3.099335e-09
8.030402843484542e-07	8.880804e-09
8.039343765913296e-07	-3.411016e-09
8.051729195180915e-07	5.056100e-09
8.070909407867147e-07	5.763078e-10
8.091292397309451e-07	2.585307e-09
8.117681221235537e-07	-1.001866e-10
8.151102875392798e-07	2.268680e-09
8.198828735767269e-07	9.494583e-10
8.247656860767270e-07	1.018407e-09
8.394141235767270e-07	1.015223e-09
8.442969360767270e-07	-1.297497e-08
8.467576903465463e-07	5.154341e-09
8.500000000000001e-07	2.854430e-06
8.500095367431641e-07	1.934673e-06
8.500286102294923e-07	-1.252138e-07
8.500332127102723e-07	-7.883170e-08
8.500389746200672e-07	2.309465e-08
8.500492298947377e-07	-2.192729e-09
8.500622005108412e-07	3.428637e-09
8.500874740973827e-07	3.414102e-10
8.501270448519852e-07	1.327774e-09
8.501863634699886e-07	8.358098e-10
8.502715724576205e-07	1.140559e-09
8.504102011315613e-07	9.352491e-10
8.506225433040940e-07	1.044455e-09
8.509292584403511e-07	9.757963e-10
8.513953139212847e-07	1.014318e-09
8.519536797777182e-07	1.001585e-09
8.525557593131393e-07	1.001089e-09
8.531016781548372e-07	9.967851e-10
8.537685088169841e-07	1.004303e-09
8.544171761787168e-07	1.000924e-09
8.551448040264620e-07	1.007258e-09
8.559198450666021e-07	9.977396e-10
8.569338068406298e-07	1.006493e-09
8.580064970904488e-07	1.000915e-09
8.593292887906163e-07	1.008663e-09
8.609737338387297e-07	1.004807e-09
8.626540393067797e-07	1.009815e-09
8.651737160083615e-07	1.005245e-09
8.676618118851856e-07	1.007551e-09
8.710055413231455e-07	1.002960e-09
8.758608102980509e-07	1.005168e-09
8.807436227980509e-07	1.005135e-09
8.856264352980509e-07	1.005140e-09
8.905092477980509e-07	1.005135e-09
8.953920602980509e-07	1.005141e-09
9.002748727980509e-07	1.005135e-09
9.051576852980509e-07	1.005140e-09
9.100404977980510e-07	1.005135e-09
9.149233102980510e-07	1.005141e-09
9.198061227980510e-07	1.005136e-09
9.246889352980510e-07	1.005140e-09
9.295717477980510e-07	1.005135e-09
9.344545602980510e-07	1.005140e-09
9.393373727980510e-07	1.005135e-09
9.442201852980510e-07	9.842994e-10
9.451171875000001e-07	9.923532e-10
9.469111919038982e-07	1.010472e-09
9.500000000000001e-07	5.735769e-09
9.500092660417623e-07	4.210964e-09
9.500277981252865e-07	7.775108e-10
9.500322703192887e-07	8.517790e-10
9.500379684320463e-07	1.030673e-09
9.500490514716074e-07	9.915280e-10
9.500674585263678e-07	1.006367e-09
9.501041904164157e-07	1.006537e-09
9.501574399781290e-07	1.007808e-09
9.502068344865252e-07	1.006610e-09
9.502883839179592e-07	1.006491e-09
9.504072347570476e-07	1.005415e-09
9.506433688116714e-07	1.005240e-09
9.508792066565934e-07	1.005073e-09
9.511718387031560e-07	1.005112e-09
9.515380003893619e-07	1.004994e-09
9.522703237617736e-07	1.005082e-09
9.529438698190286e-07	1.005100e-09
9.538567581878826e-07	1.005159e-09
9.549939621688997e-07	1.005149e-09
9.562101610829829e-07	1.005138e-09
9.574591718914195e-07	1.005132e-09
9.587585850976479e-07	1.005146e-09
9.603943143461225e-07	1.005130e-09
9.627881240549911e-07	1.005143e-09
9.661044725407480e-07	1.005133e-09
9.709872850407480e-07	1.005138e-09
9.758700975407481e-07	1.005138e-09
9.807529100407481e-07	1.005138e-09
9.856357225407481e-07	1.005138e-09
9.905185350407481e-07	1.005138e-09
9.954013475407481e-07	1.005138e-09
1.000284160040748e-06	1.005138e-09
1.005166972540748e-06	1.005138e-09
1.046892617718504e-06	1.005127e-09
1.050000000100000e-06	1.005144e-09
1.054882812600000e-06	1.005327e-09
1.055117187600000e-06	1.005239e-09
1.055585937600000e-06	1.005089e-09
1.056523437599999e-06	1.005157e-09
1.058125000100001e-06	1.005134e-09
1.060000000100000e-06	8.785108e-10
1.060005180692664e-06	8.786938e-10
1.060015541877991e-06	1.037571e-09
1.060018068435159e-06	1.121090e-09
1.060021173704237e-06	1.167748e-09
1.060027384242393e-06	1.120259e-09
1.060034301936772e-06	1.070285e-09
1.060048137325529e-06	1.026944e-09
1.060075808103043e-06	1.004434e-09
1.060107865196032e-06	1.003276e-09
1.060171979382009e-06	1.004833e-09
1.060300207753962e-06	1.005055e-09
1.060556664497870e-06	1.005120e-09
1.060933500711216e-06	1.005142e-09
1.061622762411925e-06	1.005135e-09
1.062830612263885e-06	1.005135e-09
1.064109831885638e-06	1.005135e-09
1.065889448626583e-06	1.005137e-09
1.068080652666206e-06	1.005138e-09
1.071394731183324e-06	1.005138e-09
1.076015949693193e-06	1.005138e-09
1.085781574693193e-06	1.005138e-09
1.188320637193194e-06	1.005138e-09
1.193203449693194e-06	1.005139e-09
1.195117187500000e-06	1.005137e-09
1.196172524386387e-06	1.005137e-09
1.197889326227226e-06	1.005138e-09
1.200000000000000e-06	3.616414e-05
1.200006129364475e-06	2.306228e-05
1.200018388093425e-06	1.888632e-06
1.200021357859794e-06	2.045253e-05
1.200025109520951e-06	3.216858e-05
1.200032612843265e-06	1.102766e-05
1.200047157786685e-06	7.506480e-06
1.200076247673523e-06	3.094304e-06
1.200124297689309e-06	9.872060e-07
1.200181297976086e-06	-1.711461e-07
1.200264790925445e-06	-6.467808e-07
1.200375392586178e-06	-8.575135e-07
1.200540729923362e-06	-6.988000e-07
1.200788615901785e-06	-5.607000e-07
1.201284387858631e-06	-2.878009e-07
1.202090075672173e-06	-1.051539e-07
1.203271260049305e-06	-4.509681e-09
1.204666314029997e-06	4.785792e-09
1.206715239811276e-06	-1.222619e-09
1.210233158018552e-06	-1.145364e-08
1.215115970518552e-06	-9.467385e-09
1.219998783018552e-06	-6.946038e-09
1.224881595518552e-06	-4.939693e-09
1.229764408018552e-06	-3.312607e-09
1.234647220518552e-06	-2.119123e-09
1.239530033018552e-06	-1.233047e-09
1.244412845518552e-06	-6.061782e-10
1.249295658018552e-06	-1.580247e-10
1.254178470518552e-06	1.532499e-10
1.259061283018552e-06	3.706191e-10
1.263944095518552e-06	5.206857e-10
1.268826908018552e-06	6.236860e-10
1.273709720518552e-06	6.950813e-10
1.278592533018552e-06	7.428298e-10
1.283475345518552e-06	7.769358e-10
1.288358158018552e-06	7.989911e-10
1.293240970518552e-06	-2.916482e-09
1.296247565937104e-06	3.263603e-09
1.297739243425793e-06	-1.760469e-09
1.300000000100000e-06	-5.712349e-05
1.300006509989048e-06	-2.387536e-05
1.300019529767143e-06	7.264457e-05
1.300022687511104e-06	3.665646e-05
1.300026658658234e-06	-1.306461e-05
1.300034600952494e-06	-3.069233e-06
1.300049610724135e-06	-1.104444e-06
1.300078040069331e-06	-2.224268e-07
1.300118683011462e-06	-6.372689e-08
1.300167527059626e-06	2.393953e-09
1.300216966623611e-06	-1.068855e-08
1.300282666382741e-06	7.632945e-09
1.300365902247598e-06	-6.395111e-09
1.300495276365517e-06	6.202080e-09
1.300719932150985e-06	-2.541068e-10
1.300993868861529e-06	1.376485e-09
1.301285229797708e-06	-3.989914e-10
1.301690352094720e-06	2.286481e-09
1.302329815894732e-06	7.671686e-10
1.303045123113179e-06	1.724155e-09
1.304184432301890e-06	6.863720e-10
1.305733581489147e-06	1.262994e-09
1.307923515228581e-06	9.115196e-10
1.310501405759704e-06	1.081586e-09
1.313515291608642e-06	9.184681e-10
1.317251222770500e-06	1.049400e-09
1.321505378465401e-06	9.637960e-10
1.326388190965401e-06	1.003656e-09
1.331271003465401e-06	1.002917e-09
1.345117187500000e-06	1.057237e-09
1.350000000000000e-06	2.716169e-07
1.350009536743164e-06	1.843688e-07
1.350028610229492e-06	-1.064792e-08
1.350033382190021e-06	-6.182979e-09
1.350039010492182e-06	3.057218e-09
1.350048601091670e-06	6.669256e-10
1.350060962306747e-06	1.249849e-09
1.350082820231284e-06	9.574166e-10
1.350116648594607e-06	1.050893e-09
1.350167113721209e-06	9.937295e-10
1.350240661639771e-06	1.018559e-09
1.350345940912351e-06	9.990528e-10
1.350502537489069e-06	1.009133e-09
1.350708651430655e-06	1.001864e-09
1.351012557537035e-06	1.006602e-09
1.351411349679913e-06	1.003787e-09
1.351910910321115e-06	1.005460e-09
1.352481484446081e-06	1.005430e-09
1.352996801267006e-06	1.004906e-09
1.353474128832272e-06	1.005631e-09
1.353908728538879e-06	1.005779e-09
1.354399797067834e-06	1.004394e-09
1.355011453507322e-06	1.005322e-09
1.355666844484380e-06	1.005067e-09
1.356324242023634e-06	1.004937e-09
1.356940152981054e-06	1.004443e-09
1.357741949630194e-06	1.004970e-09
1.358479167579211e-06	1.004946e-09
1.359279241887899e-06	1.005454e-09
1.360210955946124e-06	1.004839e-09
1.361304397363581e-06	1.005135e-09
1.362391603162379e-06	1.004892e-09
1.363672714319907e-06	1.005197e-09
1.365009525007728e-06	1.004700e-09
1.367001785178524e-06	1.005055e-09
1.368818426047049e-06	1.004723e-09
1.372005856180026e-06	1.005277e-09
1.376277897494212e-06	1.005087e-09
1.381160709994212e-06	1.005138e-09
1.386043522494212e-06	1.005138e-09
1.390926334994212e-06	1.005138e-09
1.395809147494212e-06	1.005138e-09
1.400691959994212e-06	1.005138e-09
1.405574772494212e-06	1.005138e-09
1.410457584994212e-06	1.005138e-09
1.415340397494212e-06	1.005138e-09
1.420223209994212e-06	1.005138e-09
1.425106022494212e-06	1.005138e-09
1.429988834994212e-06	1.005138e-09
1.434871647494212e-06	1.005138e-09
1.439754459994212e-06	1.005138e-09
1.444637272494212e-06	1.008351e-09
1.446077017511577e-06	1.004253e-09
1.447996677534730e-06	1.005176e-09
1.450000000000000e-06	1.373593e-09
1.450005877801078e-06	1.254502e-09
1.450017633403233e-06	9.594869e-10
1.450020479815054e-06	9.599272e-10
1.450024088877457e-06	9.757635e-10
1.450031307002263e-06	9.745882e-10
1.450045743251875e-06	9.850745e-10
1.450061725777147e-06	9.984407e-10
1.450083600320849e-06	1.009485e-09
1.450108510962802e-06	1.013044e-09
1.450144848033164e-06	1.012136e-09
1.450188781877226e-06	1.010042e-09
1.450253069667477e-06	1.007993e-09
1.450333317884904e-06	1.006686e-09
1.450451162776542e-06	1.005845e-09
1.450605170672551e-06	1.005416e-09
1.450853017510558e-06	1.005163e-09
1.451165436547652e-06	1.005036e-09
1.451713490506857e-06	1.005003e-09
1.452270490486615e-06	1.005048e-09
1.452948580058217e-06	1.005101e-09
1.453623356351108e-06	1.005133e-09
1.454699563212441e-06	1.005158e-09
1.455852497262486e-06	1.005150e-09
1.456911582898960e-06	1.005134e-09
1.458267744353642e-06	1.005134e-09
1.459772469751091e-06	1.005140e-09
1.461447911217806e-06	1.005139e-09
1.464669617550348e-06	1.005138e-09
1.467914558389373e-06	1.005138e-09
1.472797370889373e-06	1.005138e-09
1.477680183389373e-06	1.005138e-09
1.482562995889373e-06	1.005138e-09
1.492328620889373e-06	1.005138e-09
1.497211433389373e-06	1.005138e-09
1.502094245889373e-06	1.005138e-09
1.506977058389373e-06	1.005138e-09
1.511859870889373e-06	1.005138e-09
1.545117187600000e-06	1.005138e-09
1.550000000100000e-06	1.005138e-09
1.554882812600000e-06	1.005144e-09
1.555117187600000e-06	1.005142e-09
1.555585937600000e-06	1.005137e-09
1.556523437599999e-06	1.005137e-09
1.558125000100001e-06	1.005139e-09
1.560000000100000e-06	8.906939e-10
1.560005003979502e-06	8.837600e-10
1.560015011738506e-06	1.013053e-09
1.560017463758485e-06	1.095831e-09
1.560020426110086e-06	1.151339e-09
1.560025616388809e-06	1.124433e-09
1.560030909155191e-06	1.086277e-09
1.560041298441753e-06	1.042539e-09
1.560058616672567e-06	1.012131e-09
1.560081712528704e-06	1.004107e-09
1.560127904240979e-06	1.004516e-09
1.560217130093686e-06	1.005211e-09
1.560395581799101e-06	1.005173e-09
1.560705770748154e-06	1.005155e-09
1.561157514360112e-06	1.005138e-09
1.561905413909659e-06	1.005135e-09
1.562902103758075e-06	1.005133e-09
1.564187526684022e-06	1.005135e-09
1.565850816123589e-06	1.005137e-09
1.567504627568718e-06	1.005138e-09
1.570812250458977e-06	1.005138e-09
1.573897825562868e-06	1.005138e-09
1.578780638062868e-06	1.005138e-09
1.593429075562868e-06	1.005138e-09
1.607955948696744e-06	1.005138e-09
1.622482821830620e-06	1.005138e-09
1.637009694964496e-06	1.005138e-09
1.651536568098372e-06	1.005138e-09
1.666063441232248e-06	1.005138e-09
1.680590314366124e-06	1.005138e-09
1.695117187500000e-06	1.005138e-09
1.700000000000000e-06	2.761602e-05
1.700009536743164e-06	4.730087e-05
1.700009674740535e-06	4.086056e-05
1.700009950735277e-06	1.927217e-05
1.700010502724761e-06	-1.969368e-06
1.700011606703729e-06	-9.785499e-06
1.700013814661664e-06	1.494549e-07
1.700018230577535e-06	1.265383e-05
1.700027062409277e-06	1.104681e-05
1.700041699086477e-06	2.276508e-06
1.700057496455105e-06	-6.478428e-07
1.700080030600292e-06	-8.060135e-07
1.700115451316232e-06	-6.146534e-07
1.700178728091444e-06	-4.576543e-07
1.700286841911524e-06	-4.773250e-07
1.700503069551685e-06	-4.127469e-07
1.700779609766016e-06	-2.751320e-07
1.701182250311100e-06	-1.281416e-07
1.701811859518807e-06	-2.093684e-08
1.703071077934221e-06	3.780635e-08
1.704886799311596e-06	2.660515e-08
1.707439197770684e-06	-3.636844e-09
1.710952395382478e-06	-1.510091e-08
1.714533171042813e-06	-6.283690e-08
1.715040159629555e-06	-4.994772e-08
1.716054136803039e-06	-9.900318e-09
1.716814619683153e-06	-9.953633e-09
1.716941366829838e-06	-1.056181e-08
1.717701849709952e-06	-1.654077e-08
1.718715826883436e-06	-1.722436e-08
1.720743781230405e-06	-1.522931e-08
1.724799689924344e-06	-1.259428e-08
1.729682502424344e-06	-9.352172e-09
1.734565314924344e-06	-6.439097e-09
1.739448127424344e-06	-4.235020e-09
1.744330939924344e-06	-2.622773e-09
1.749213752424344e-06	-1.491664e-09
1.754096564924344e-06	-6.983454e-10
1.758979377424344e-06	-1.548290e-10
1.763862189924344e-06	2.200485e-10
1.768745002424344e-06	4.735756e-10
1.773627814924344e-06	6.470586e-10
1.778510627424344e-06	7.633379e-10
1.783393439924344e-06	8.427380e-10
1.788276252424344e-06	8.955429e-10
1.793159064924344e-06	9.318313e-10
1.796083754748687e-06	9.501263e-10
1.798016889046061e-06	9.567594e-10
1.800000000100000e-06	-6.276711e-05
1.800005667244880e-06	-2.707894e-05
1.800017001534641e-06	9.175371e-05
1.800019753320455e-06	5.458047e-05
1.800023202741081e-06	-5.227790e-06
1.800030101582332e-06	-2.387488e-06
1.800040213705946e-06	-1.239982e-06
1.800060437953174e-06	-5.271968e-07
1.800099047121187e-06	-1.142659e-07
1.800135628412142e-06	-1.028752e-08
1.800173400666615e-06	-5.304973e-10
1.800213984938592e-06	1.427545e-09
1.800267431769667e-06	7.250445e-10
1.800332205215279e-06	1.297519e-09
1.800418510437257e-06	8.070997e-10
1.800534212263660e-06	1.231742e-09
1.800732824816985e-06	1.008921e-09
1.800926908059817e-06	1.088160e-09
1.801193167809145e-06	1.020269e-09
1.801439390381540e-06	1.088217e-09
1.801827031840397e-06	9.788015e-10
1.802302139702677e-06	1.060293e-09
1.803224984475844e-06	9.890648e-10
1.804502171066863e-06	1.025743e-09
1.807031016578085e-06	1.000219e-09
1.810331466978503e-06	1.001427e-09
1.813009439066688e-06	1.003279e-09
1.815963612741552e-06	1.005966e-09
1.819059338349984e-06	1.003229e-09
1.822544791393195e-06	1.009452e-09
1.827427603893195e-06	1.005132e-09
1.832310416393195e-06	1.005142e-09
1.845117187500000e-06	9.986604e-10
1.850000000000000e-06	-1.393558e-08
1.850001192092896e-06	-1.075544e-08
1.850003576278687e-06	-3.794092e-10
1.850004172489110e-06	6.959743e-10
1.850004890798604e-06	8.117993e-10
1.850006327417592e-06	8.632660e-10
1.850008149391218e-06	8.214567e-10
1.850011793338468e-06	7.041135e-10
1.850017904918762e-06	6.300458e-10
1.850024697006482e-06	6.982748e-10
1.850034498547021e-06	8.874450e-10
1.850048516146747e-06	1.063615e-09
1.850068679196478e-06	1.114276e-09
1.850091185595000e-06	1.078647e-09
1.850125265067854e-06	1.037132e-09
1.850171680956223e-06	1.018701e-09
1.850247268438093e-06	1.010690e-09
1.850349313653186e-06	1.007630e-09
1.850502009409086e-06	1.006331e-09
1.850678122934023e-06	1.005769e-09
1.850905837835364e-06	1.005224e-09
1.851124339204202e-06	1.004781e-09
1.851411953684376e-06	1.004517e-09
1.851873704269468e-06	1.004676e-09
1.852404990242956e-06	1.004958e-09
1.852938567420767e-06	1.005082e-09
1.853526331165974e-06	1.005186e-09
1.854229514409840e-06	1.005231e-09
1.855034832628653e-06	1.005186e-09
1.855860175161989e-06	1.005128e-09
1.856566960354530e-06	1.005099e-09
1.857320140265424e-06	1.005105e-09
1.858163742418628e-06	1.005138e-09
1.859124403995837e-06	1.005157e-09
1.860125170569653e-06	1.005146e-09
1.861586628204523e-06	1.005131e-09
1.862974308000062e-06	1.005134e-09
1.864869616904983e-06	1.005141e-09
1.866815939165530e-06	1.005138e-09
1.869832610000066e-06	1.005138e-09
1.872972947732518e-06	1.005139e-09
1.876974649057770e-06	1.005138e-09
1.881857461557770e-06	1.005138e-09
1.886740274057770e-06	1.005138e-09
1.891623086557770e-06	1.005138e-09
1.896505899057770e-06	1.005138e-09
1.901388711557770e-06	1.005138e-09
1.906271524057770e-06	1.005138e-09
1.911154336557769e-06	1.005138e-09
1.916037149057769e-06	1.005138e-09
1.920919961557769e-06	1.005138e-09
1.925802774057769e-06	1.005138e-09
1.930685586557769e-06	1.005138e-09
1.935568399057768e-06	1.005138e-09
1.940451211557768e-06	1.005138e-09
1.945334024057768e-06	1.005138e-09
1.950000000000000e-06	9.969042e-10
1.950013763717211e-06	9.872932e-10
1.950041291151632e-06	9.493628e-10
1.950047959405478e-06	9.461927e-10
1.950056408674676e-06	9.579351e-10
1.950069639988278e-06	9.893281e-10
1.950082923207674e-06	1.010967e-09
1.950109489646468e-06	1.022914e-09
1.950156988080493e-06	1.019762e-09
1.950215266283180e-06	1.013153e-09
1.950286032593687e-06	1.009355e-09
1.950369157572618e-06	1.007429e-09
1.950481220457138e-06	1.006304e-09
1.950629534660526e-06	1.005687e-09
1.950847622875242e-06	1.005282e-09
1.951105900476545e-06	1.005027e-09
1.951465717280578e-06	1.004881e-09
1.951925116780526e-06	1.004907e-09
1.952523278878169e-06	1.005026e-09
1.953066821455265e-06	1.005094e-09
1.953685796683067e-06	1.005140e-09
1.954338244391696e-06	1.005166e-09
1.955011541649477e-06	1.005163e-09
1.955888936384762e-06	1.005142e-09
1.956895742200644e-06	1.005130e-09
1.958063367490307e-06	1.005134e-09
1.959371934575189e-06	1.005141e-09
1.960593527049017e-06	1.005142e-09
1.962123258680583e-06	1.005138e-09
1.963625730623090e-06	1.005138e-09
1.965031756607481e-06	1.005138e-09
1.966899994584615e-06	1.005138e-09
1.969178359820459e-06	1.005138e-09
1.973735090292146e-06	1.005138e-09
1.978617902792146e-06	1.005138e-09
1.983500715292146e-06	1.005138e-09
1.992303068478982e-06	1.005138e-09
2.001105421665819e-06	1.005138e-09
2.009907774852655e-06	1.005138e-09
2.018710128039491e-06	1.005138e-09
2.027512481226328e-06	1.005138e-09
2.036314834413164e-06	1.005138e-09
2.045117187600000e-06	1.005138e-09
2.050000000100000e-06	1.005138e-09
2.054882812600000e-06	1.005141e-09
2.055117187600001e-06	1.005140e-09
2.055585937600002e-06	1.005138e-09
2.056523437600005e-06	1.005138e-09
2.058125000099995e-06	1.005138e-09
2.060000000100000e-06	9.030888e-10
2.060004701796591e-06	8.893432e-10
2.060014105189771e-06	9.685394e-10
2.060016428223187e-06	1.041063e-09
2.060019154981752e-06	1.104516e-09
2.060022798994138e-06	1.108603e-09
2.060026690225965e-06	1.091119e-09
2.060033243841010e-06	1.063699e-09
2.060042265806888e-06	1.037470e-09
2.060059054996173e-06	1.016131e-09
2.060092633374743e-06	1.006331e-09
2.060146806279335e-06	1.005588e-09
2.060255152088519e-06	1.005717e-09
2.060471843706886e-06	1.005318e-09
2.060827147788739e-06	1.005175e-09
2.061241519411925e-06	1.005133e-09
2.061898910488678e-06	1.005132e-09
2.062781563842386e-06	1.005130e-09
2.063815641772604e-06	1.005134e-09
2.065282833940106e-06	1.005134e-09
2.067878334776492e-06	1.005137e-09
2.072341922778293e-06	1.005138e-09
2.077224735278293e-06	1.005138e-09
2.082107547778293e-06	1.005138e-09
2.086990360278293e-06	1.005138e-09
2.091873172778292e-06	1.005138e-09
2.096755985278292e-06	1.005138e-09
2.189529422778288e-06	1.005138e-09
2.194412235278288e-06	1.005135e-09
2.195117187500000e-06	1.005136e-09
2.196527091943425e-06	1.005136e-09
2.197180191113151e-06	1.005136e-09
2.198486389452605e-06	1.005138e-09
2.200000000000000e-06	9.025558e-05
2.200003121834798e-06	6.765054e-05
2.200009365504393e-06	-2.344810e-05
2.200010932653379e-06	7.382298e-06
2.200012815312459e-06	5.471225e-05
2.200016580630617e-06	4.295168e-05
2.200020839379606e-06	3.096635e-05
2.200026004933424e-06	1.804867e-05
2.200031829235216e-06	9.111956e-06
2.200043477838800e-06	3.424596e-07
2.200058541666345e-06	-3.017820e-06
2.200077908488882e-06	-2.866335e-06
2.200102403328431e-06	-1.917472e-06
2.200141607939580e-06	-1.275639e-06
2.200212257777065e-06	-1.007454e-06
2.200353557452033e-06	-8.383839e-07
2.200636156801969e-06	-5.646363e-07
2.201201355501842e-06	-6.900027e-08
2.201265730906224e-06	-7.084244e-08
2.201394481714986e-06	-1.194756e-07
2.201426669417177e-06	-1.106258e-07
2.201491044821559e-06	-9.502907e-08
2.201507138672654e-06	-8.931035e-08
2.201539326374845e-06	-7.196789e-08
2.201547373300392e-06	-6.553139e-08
2.201563467151488e-06	-4.906605e-08
2.201595654853679e-06	-1.802194e-08
2.201603701779226e-06	-1.357423e-08
2.201619795630322e-06	-1.000653e-08
2.201651983332513e-06	-4.596997e-09
2.201716358736894e-06	1.374402e-09
2.201845109545657e-06	7.024557e-09
2.202102611163183e-06	1.171218e-08
2.202617614398235e-06	1.328921e-08
2.203316503361560e-06	1.017434e-08
2.204549743224419e-06	1.678440e-09
2.206593507452395e-06	-1.174992e-08
2.207950881873549e-06	-1.796045e-08
2.208139593988971e-06	-1.833547e-08
2.208517018219816e-06	-4.314492e-07
2.209049051774243e-06	-3.414521e-06
2.209128725913629e-06	-6.474269e-06
2.209288074192401e-06	-2.114110e-05
2.209378867307200e-06	-4.118477e-05
2.209473505688896e-06	-8.841982e-05
2.209576964441784e-06	-1.807072e-04
2.209690351000761e-06	-3.268392e-04
2.209771849969139e-06	1.026985e-02
2.209874222299910e-06	5.326785e-02
2.209881639360838e-06	6.717239e-02
2.209896473482694e-06	1.226264e-01
2.209900182013158e-06	1.453147e-01
2.209907599074086e-06	2.216861e-01
2.209922433195942e-06	4.383882e-01
2.209933445220704e-06	6.378651e-01
2.209946276709426e-06	8.949502e-01
2.209948253044372e-06	9.367576e-01
2.209952205714264e-06	1.027723e+00
2.209959283079860e-06	1.210948e+00
2.209965310146250e-06	1.394592e+00
2.209972569670072e-06	1.637517e+00
2.209975516372434e-06	1.718194e+00
2.209978601341597e-06	1.764547e+00
2.209982034732363e-06	1.785192e+00
2.209985768970688e-06	1.793219e+00
2.209989878809881e-06	1.796820e+00
2.209995708438920e-06	1.798793e+00
2.210002870273028e-06	1.799359e+00
2.210010644906471e-06	1.799540e+00
2.210022052918641e-06	1.799835e+00
2.210039059173337e-06	1.800093e+00
2.210063285134429e-06	1.800181e+00
2.210100928442738e-06	1.800183e+00
2.210170222873015e-06	1.800173e+00
2.210302714785074e-06	1.800148e+00
2.210486571193944e-06	1.800123e+00
2.210691795621880e-06	1.800102e+00
2.210928443800553e-06	1.800084e+00
2.211236165210469e-06	1.800066e+00
2.211516367733697e-06	1.800055e+00
2.211888149187303e-06	1.800046e+00
2.211918242529392e-06	1.800045e+00
2.211978429213571e-06	1.800042e+00
2.211993475884616e-06	1.800042e+00
2.212031092562228e-06	1.800042e+00
2.212038615897750e-06	1.800042e+00
2.212046139233273e-06	1.800041e+00
2.212053662568795e-06	1.800041e+00
2.212061185904317e-06	1.800041e+00
2.212068709239840e-06	1.800041e+00
2.212076232575363e-06	1.800041e+00
2.212083755910885e-06	1.800041e+00
2.212089398412527e-06	1.800041e+00
2.212096921748049e-06	1.800040e+00
2.212111968419094e-06	1.800040e+00
2.212142061761183e-06	1.800039e+00
2.212202248445362e-06	1.800037e+00
2.212322621813720e-06	1.800033e+00
2.212563368550436e-06	1.800027e+00
2.213044862023868e-06	1.800020e+00
2.213625173533804e-06	1.800014e+00
2.214587834498028e-06	1.800009e+00
2.216513156426477e-06	1.800004e+00
2.218725057557601e-06	1.800001e+00
2.222256484741655e-06	1.800000e+00
2.226248886937322e-06	1.800000e+00
2.231131699437321e-06	1.800000e+00
2.240897324437321e-06	1.800000e+00
2.250662949437321e-06	1.800000e+00
2.260428574437320e-06	1.800000e+00
2.265311386937320e-06	1.800000e+00
2.270194199437320e-06	1.800000e+00
2.275077011937320e-06	1.800000e+00
2.279959824437319e-06	1.800000e+00
2.284842636937319e-06	1.800000e+00
2.289725449437319e-06	1.800000e+00
2.296135038925364e-06	1.800000e+00
2.297964297449274e-06	1.800000e+00
2.300000000100000e-06	1.799230e+00
2.300005104872823e-06	1.799466e+00
2.300015314418470e-06	1.800599e+00
2.300017825373756e-06	1.800485e+00
2.300020870288530e-06	1.800162e+00
2.300024992684257e-06	1.800164e+00
2.300029494368780e-06	1.800139e+00
2.300038497737827e-06	1.800109e+00
2.300054702008218e-06	1.800072e+00
2.300079687227970e-06	1.800039e+00
2.300109691247995e-06	1.800020e+00
2.300168340857238e-06	1.800006e+00
2.300285640075724e-06	1.800001e+00
2.300492805732457e-06	1.800000e+00
2.300712612877116e-06	1.800000e+00
2.300984991500127e-06	1.800000e+00
2.301297929217033e-06	1.800000e+00
2.301746086592301e-06	1.800000e+00
2.302331301634630e-06	1.800000e+00
2.303425380108050e-06	1.800000e+00
2.304664250584362e-06	1.800000e+00
2.305894061374553e-06	1.800000e+00
2.307143944414312e-06	1.800000e+00
2.307927373662200e-06	1.800000e+00
2.308840361014173e-06	1.800000e+00
2.309867417893604e-06	1.800000e+00
2.311112574149597e-06	1.800000e+00
2.312733674856513e-06	1.800000e+00
2.314876756626231e-06	1.800000e+00
2.319162920165665e-06	1.800000e+00
2.324045732665665e-06	1.800000e+00
2.328928545165665e-06	1.800000e+00
2.333811357665665e-06	1.800000e+00
2.345117187500001e-06	1.800000e+00
2.346919590331328e-06	1.800000e+00
2.350000000000000e-06	1.799999e+00
2.350001192092896e-06	1.799999e+00
2.350003576278687e-06	1.800000e+00
2.350004171270482e-06	1.800000e+00
2.350004889385687e-06	1.800000e+00
2.350006325616097e-06	1.800000e+00
2.350007865401525e-06	1.800000e+00
2.350010944972379e-06	1.800000e+00
2.350017104114088e-06	1.800000e+00
2.350029422397506e-06	1.800000e+00
2.350047222709927e-06	1.800000e+00
2.350070938719014e-06	1.800000e+00
2.350109673185607e-06	1.800000e+00
2.350187142118793e-06	1.800000e+00
2.350300145931313e-06	1.800000e+00
2.350440737173536e-06	1.800000e+00
2.350668393950039e-06	1.800000e+00
2.350921194392459e-06	1.800000e+00
2.351214891779170e-06	1.800000e+00
2.351628357319825e-06	1.800000e+00
2.352103789982623e-06	1.800000e+00
2.352542991982040e-06	1.800000e+00
2.352995843324312e-06	1.800000e+00
2.353445230683621e-06	1.800000e+00
2.353971460376843e-06	1.800000e+00
2.354537549504718e-06	1.800000e+00
2.355099086493102e-06	1.800000e+00
2.355754536262616e-06	1.800000e+00
2.356555002497319e-06	1.800000e+00
2.357364015977955e-06	1.800000e+00
2.358098878618931e-06	1.800000e+00
2.359098789144380e-06	1.800000e+00
2.360058166618431e-06	1.800000e+00
2.361238786341054e-06	1.800000e+00
2.362482421440137e-06	1.800000e+00
2.363787108274127e-06	1.800000e+00
2.365437792045308e-06	1.800000e+00
2.367133244841824e-06	1.800000e+00
2.369629134737320e-06	1.800000e+00
2.372190961575796e-06	1.800000e+00
2.375254407270615e-06	1.800000e+00
2.380137219770614e-06	1.800000e+00
2.384923507258783e-06	1.800000e+00
2.389806319758783e-06	1.800000e+00
2.394689132258783e-06	1.800000e+00
2.399571944758782e-06	1.800000e+00
2.404454757258782e-06	1.800000e+00
2.409337569758782e-06	1.800000e+00
2.414220382258782e-06	1.800000e+00
2.419103194758782e-06	1.800000e+00
2.423986007258781e-06	1.800000e+00
2.428868819758781e-06	1.800000e+00
2.433751632258781e-06	1.800000e+00
2.438634444758781e-06	1.800000e+00
2.443517257258781e-06	1.800000e+00
2.445117187500000e-06	1.800000e+00
2.446800139517561e-06	1.800000e+00
2.450000000000000e-06	1.800000e+00
2.450009740804996e-06	1.800000e+00
2.450029222414986e-06	1.800000e+00
2.450033912326258e-06	1.800000e+00
2.450039909276416e-06	1.800000e+00
2.450051903176731e-06	1.800000e+00
2.450075890977361e-06	1.800000e+00
2.450123866578621e-06	1.800000e+00
2.450219817781141e-06	1.800000e+00
2.450332370500302e-06	1.800000e+00
2.450474132852359e-06	1.800000e+00
2.450680270734531e-06	1.800000e+00
2.450928847310922e-06	1.800000e+00
2.451210048846653e-06	1.800000e+00
2.451598329065087e-06	1.800000e+00
2.452258509711002e-06	1.800000e+00
2.453083331029293e-06	1.800000e+00
2.453946459552346e-06	1.800000e+00
2.454996171265398e-06	1.800000e+00
2.455946577212667e-06	1.800000e+00
2.457024113210375e-06	1.800000e+00
2.457606157491079e-06	1.800000e+00
2.458375320707540e-06	1.800000e+00
2.459177773369487e-06	1.800000e+00
2.460184767258882e-06	1.800000e+00
2.461390321075212e-06	1.800000e+00
2.462769193592157e-06	1.800000e+00
2.464745196451493e-06	1.800000e+00
2.468135806142483e-06	1.800000e+00
2.471662143680363e-06	1.800000e+00
2.476544956180363e-06	1.800000e+00
2.481427768680363e-06	1.800000e+00
2.486310581180363e-06	1.800000e+00
2.496076206180362e-06	1.800000e+00
2.540021518680360e-06	1.800000e+00
2.545117187600000e-06	1.800000e+00
2.548097177474961e-06	1.800000e+00
2.550000000100000e-06	1.800000e+00
2.553805645350077e-06	1.800000e+00
2.555117187600001e-06	1.800000e+00
2.557376915600153e-06	1.800000e+00
2.560000000100000e-06	1.800000e+00
2.560006800815568e-06	1.800000e+00
2.560020402246704e-06	1.800000e+00
2.560023746054554e-06	1.800000e+00
2.560027709888180e-06	1.800000e+00
2.560034114028118e-06	1.800000e+00
2.560040709717396e-06	1.800000e+00
2.560052236479380e-06	1.800000e+00
2.560068647239387e-06	1.800000e+00
2.560095016413006e-06	1.800000e+00
2.560147754760242e-06	1.800000e+00
2.560239352628055e-06	1.800000e+00
2.560422548363681e-06	1.800000e+00
2.560716313829965e-06	1.800000e+00
2.561303844762534e-06	1.800000e+00
2.561925072977654e-06	1.800000e+00
2.563036954478533e-06	1.800000e+00
2.564681750551495e-06	1.800000e+00
2.566593395279826e-06	1.800000e+00
2.568822404539346e-06	1.800000e+00
2.573280423058386e-06	1.800000e+00
2.577493859626187e-06	1.800000e+00
2.582376672126187e-06	1.800000e+00
2.592142297126187e-06	1.800000e+00
2.597025109626187e-06	1.800000e+00
2.601907922126186e-06	1.800000e+00
2.606790734626186e-06	1.800000e+00
2.611673547126186e-06	1.800000e+00
2.689798547126183e-06	1.800000e+00
2.694681359626183e-06	1.800000e+00
2.695117187500001e-06	1.800000e+00
2.695988843247636e-06	1.800000e+00
2.697732154742908e-06	1.800000e+00
2.700000000000000e-06	1.796434e+00
2.700005719983487e-06	1.797730e+00
2.700017159950460e-06	1.805263e+00
2.700019969887697e-06	1.804234e+00
2.700023400970602e-06	1.800447e+00
2.700026795874675e-06	1.799796e+00
2.700030524264278e-06	1.800079e+00
2.700035668055180e-06	1.799925e+00
2.700043314129106e-06	1.799980e+00
2.700056431341298e-06	1.799959e+00
2.700080816821453e-06	1.799983e+00
2.700118344372372e-06	1.799994e+00
2.700159600635247e-06	1.800003e+00
2.700225412943797e-06	1.800054e+00
2.700237021350057e-06	1.800043e+00
2.700260238162577e-06	1.800000e+00
2.700266042365707e-06	1.800002e+00
2.700267493416489e-06	1.800002e+00
2.700270395518054e-06	1.800003e+00
2.700277650771967e-06	1.800003e+00
2.700280552873532e-06	1.800003e+00
2.700286357076661e-06	1.800003e+00
2.700297965482921e-06	1.800002e+00
2.700321182295441e-06	1.800002e+00
2.700367615920481e-06	1.800002e+00
2.700460483170560e-06	1.800002e+00
2.700646217670720e-06	1.800001e+00
2.700846748320557e-06	1.800001e+00
2.701101633223864e-06	1.800001e+00
2.701437710888534e-06	1.800000e+00
2.702109866217873e-06	1.800000e+00
2.703454176876552e-06	1.800000e+00
2.705681180063512e-06	1.800000e+00
2.707980126330850e-06	1.800000e+00
2.711237302346007e-06	1.800000e+00
2.714322995797235e-06	1.800000e+00
2.714726471586140e-06	1.800000e+00
2.715533423163951e-06	1.800000e+00
2.717651671055705e-06	1.800000e+00
2.719063836316874e-06	1.800000e+00
2.720677739472496e-06	1.800000e+00
2.722844559524362e-06	1.800000e+00
2.726764047703558e-06	1.800000e+00
2.731646860203558e-06	1.800000e+00
2.736529672703558e-06	1.800000e+00
2.741412485203558e-06	1.800000e+00
2.746295297703557e-06	1.800000e+00
2.751178110203557e-06	1.800000e+00
2.756060922703557e-06	1.800000e+00
2.760943735203557e-06	1.800000e+00
2.765826547703557e-06	1.800000e+00
2.770709360203556e-06	1.800000e+00
2.775592172703556e-06	1.800000e+00
2.780474985203556e-06	1.800000e+00
2.785357797703556e-06	1.800000e+00
2.790240610203556e-06	1.800000e+00
2.795123422703555e-06	1.800000e+00
2.800000000100001e-06	1.799687e+00
2.800012052742893e-06	1.799828e+00
2.800036158028677e-06	1.800261e+00
2.800042104972962e-06	1.800165e+00
2.800049155121474e-06	1.800044e+00
2.800059255957680e-06	1.800066e+00
2.800069810203025e-06	1.800037e+00
2.800086447435755e-06	1.800035e+00
2.800112114045790e-06	1.800016e+00
2.800146347695032e-06	1.800010e+00
2.800211292957967e-06	1.800002e+00
2.800302085635392e-06	1.800001e+00
2.800468209512054e-06	1.800000e+00
2.800671570304670e-06	1.800000e+00
2.800950193063338e-06	1.800000e+00
2.801315202548189e-06	1.800000e+00
2.801922246104501e-06	1.800000e+00
2.802959194649613e-06	1.800000e+00
2.803943104685477e-06	1.800000e+00
2.805248488478657e-06	1.800000e+00
2.806765811200035e-06	1.800000e+00
2.808181559225201e-06	1.800000e+00
2.809486251128423e-06	1.800000e+00
2.810534628700496e-06	1.800000e+00
2.811124799652545e-06	1.800000e+00
2.811604054180761e-06	1.800000e+00
2.812231915868734e-06	1.800000e+00
2.812595679815817e-06	1.800000e+00
2.812993691543749e-06	1.800000e+00
2.813424302893995e-06	1.800000e+00
2.814042358844989e-06	1.800000e+00
2.814739451045035e-06	1.800000e+00
2.815542676222321e-06	1.800000e+00
2.816525277883136e-06	1.800000e+00
2.817919745522928e-06	1.800000e+00
2.820108311994193e-06	1.800000e+00
2.823421414512293e-06	1.800000e+00
2.827289622159461e-06	1.800000e+00
2.832172434659461e-06	1.800000e+00
2.837055247159461e-06	1.800000e+00
2.841938059659461e-06	1.800000e+00
2.845117187500001e-06	1.800000e+00
2.850000000000001e-06	1.800020e+00
2.850009536743165e-06	1.800013e+00
2.850028610229493e-06	1.799999e+00
2.850033259344739e-06	1.800000e+00
2.850038832930862e-06	1.800000e+00
2.850049619040251e-06	1.800000e+00
2.850059388814936e-06	1.800000e+00
2.850078268632524e-06	1.800000e+00
2.850106146809710e-06	1.800000e+00
2.850150153136120e-06	1.800000e+00
2.850238165788940e-06	1.800000e+00
2.850378567644175e-06	1.800000e+00
2.850512374393030e-06	1.800000e+00
2.850759001523766e-06	1.800000e+00
2.851002229903754e-06	1.800000e+00
2.851238126733232e-06	1.800000e+00
2.851437806177235e-06	1.800000e+00
2.851663429657076e-06	1.800000e+00
2.851913254646825e-06	1.800000e+00
2.852130784003593e-06	1.800000e+00
2.852405922661031e-06	1.800000e+00
2.852698520816713e-06	1.800000e+00
2.853043550707410e-06	1.800000e+00
2.853409268172828e-06	1.800000e+00
2.853737875513387e-06	1.800000e+00
2.854093727389036e-06	1.800000e+00
2.854579738404707e-06	1.800000e+00
2.855022199910937e-06	1.800000e+00
2.855556394980138e-06	1.800000e+00
2.856142243827410e-06	1.800000e+00
2.856765222731244e-06	1.800000e+00
2.857387297928092e-06	1.800000e+00
2.858071628519100e-06	1.800000e+00
2.858829088990375e-06	1.800000e+00
2.859745231382530e-06	1.800000e+00
2.860883936141488e-06	1.800000e+00
2.861914045208931e-06	1.800000e+00
2.863354222147655e-06	1.800000e+00
2.864772757008892e-06	1.800000e+00
2.866740340785361e-06	1.800000e+00
2.868755513511694e-06	1.800000e+00
2.872127340270735e-06	1.800000e+00
2.875394972048616e-06	1.800000e+00
2.880111735338659e-06	1.800000e+00
2.884994547838659e-06	1.800000e+00
2.889877360338659e-06	1.800000e+00
2.894760172838658e-06	1.800000e+00
2.899642985338658e-06	1.800000e+00
2.904525797838658e-06	1.800000e+00
2.909408610338658e-06	1.800000e+00
2.914291422838658e-06	1.800000e+00
2.919174235338658e-06	1.800000e+00
2.924057047838657e-06	1.800000e+00
2.928939860338657e-06	1.800000e+00
2.938705485338657e-06	1.800000e+00
2.943588297838657e-06	1.800000e+00
2.945117187500001e-06	1.800000e+00
2.946942220677312e-06	1.800000e+00
2.950000000000001e-06	1.800000e+00
2.950007460655505e-06	1.800000e+00
2.950022381966515e-06	1.800000e+00
2.950026084086225e-06	1.800000e+00
2.950030619309713e-06	1.800000e+00
2.950037602963250e-06	1.800000e+00
2.950051570270322e-06	1.800000e+00
2.950075793840569e-06	1.800000e+00
2.950109016391514e-06	1.800000e+00
2.950171007938762e-06	1.800000e+00
2.950294991033258e-06	1.800000e+00
2.950497769324725e-06	1.800000e+00
2.950681885956161e-06	1.800000e+00
2.950896868500000e-06	1.800000e+00
2.951137071962486e-06	1.800000e+00
2.951441399033378e-06	1.800000e+00
2.951789732839902e-06	1.800000e+00
2.952320064814726e-06	1.800000e+00
2.953109126993786e-06	1.800000e+00
2.954120522314386e-06	1.800000e+00
2.955196225238706e-06	1.800000e+00
2.956688187800382e-06	1.800000e+00
2.957607272399846e-06	1.800000e+00
2.958416800444100e-06	1.800000e+00
2.959338245343584e-06	1.800000e+00
2.960310061911031e-06	1.800000e+00
2.960847744541773e-06	1.800000e+00
2.961261136101839e-06	1.800000e+00
2.961602556140987e-06	1.800000e+00
2.962037693113248e-06	1.800000e+00
2.962474949073482e-06	1.800000e+00
2.962791889626866e-06	1.800000e+00
2.963142337292338e-06	1.800000e+00
2.963626895233672e-06	1.800000e+00
2.964205051272307e-06	1.800000e+00
2.964793935356725e-06	1.800000e+00
2.965579053556788e-06	1.800000e+00
2.966547718887301e-06	1.800000e+00
2.967876687404604e-06	1.800000e+00
2.969749192644559e-06	1.800000e+00
2.971753047987242e-06	1.800000e+00
2.974290758093395e-06	1.800000e+00
2.977847765989738e-06	1.800000e+00
2.982730578489738e-06	1.800000e+00
2.987613390989738e-06	1.800000e+00
2.992496203489738e-06	1.800000e+00
2.997379015989737e-06	1.800000e+00
3.002261828489737e-06	1.800000e+00
3.045117187600001e-06	1.800000e+00
3.050000000100000e-06	1.800000e+00
3.054882812600000e-06	1.800000e+00
3.055117187600001e-06	1.800000e+00
3.055585937600002e-06	1.800000e+00
3.056523437600005e-06	1.800000e+00
3.058125000099995e-06	1.800000e+00
3.060000000100001e-06	1.800000e+00
3.060005203567979e-06	1.800000e+00
3.060015610503938e-06	1.800000e+00
3.060018146779919e-06	1.800000e+00
3.060021269509968e-06	1.800000e+00
3.060027514970064e-06	1.800000e+00
3.060034675323558e-06	1.800000e+00
3.060048996030546e-06	1.800000e+00
3.060075253298959e-06	1.800000e+00
3.060104489614791e-06	1.800000e+00
3.060162962246453e-06	1.800000e+00
3.060279907509778e-06	1.800000e+00
3.060491325039108e-06	1.800000e+00
3.060825128054364e-06	1.800000e+00
3.061334339838421e-06	1.800000e+00
3.061893116604241e-06	1.800000e+00
3.062896906917096e-06	1.800000e+00
3.064238343758752e-06	1.800000e+00
3.065658197290515e-06	1.800000e+00
3.067747565424123e-06	1.800000e+00
3.071155450462002e-06	1.800000e+00
3.075553258374565e-06	1.800000e+00
3.080436070874565e-06	1.800000e+00
3.085318883374565e-06	1.800000e+00
3.187857945874560e-06	1.800000e+00
3.192740758374560e-06	1.800000e+00
3.195117187500001e-06	1.800000e+00
3.195247141749119e-06	1.800000e+00
3.195507050247357e-06	1.800000e+00
3.196026867243831e-06	1.800000e+00
3.197066501236779e-06	1.800000e+00
3.197920732014104e-06	1.800000e+00
3.198291538445352e-06	1.800000e+00
3.199033151307849e-06	1.800000e+00
3.200000000000001e-06	1.793032e+00
3.200002484578848e-06	1.793702e+00
3.200007453736544e-06	1.805079e+00
3.200008668626657e-06	1.807707e+00
3.200010180370244e-06	1.805916e+00
3.200011925120572e-06	1.802674e+00
3.200013794298560e-06	1.801370e+00
3.200017532654536e-06	1.800483e+00
3.200024818263292e-06	1.799940e+00
3.200036820424582e-06	1.799829e+00
3.200053085970074e-06	1.799914e+00
3.200072963259099e-06	1.799971e+00
3.200095396700616e-06	1.799988e+00
3.200099086438251e-06	1.799990e+00
3.200106465913523e-06	1.799991e+00
3.200108310782341e-06	1.799992e+00
3.200112000519977e-06	1.799993e+00
3.200114767823203e-06	1.799993e+00
3.200119379995248e-06	1.799994e+00
3.200121224864066e-06	1.799994e+00
3.200124914601702e-06	1.799995e+00
3.200132294076973e-06	1.799996e+00
3.200147053027516e-06	1.799997e+00
3.200176570928602e-06	1.799999e+00
3.200235606730775e-06	1.800003e+00
3.200341478866364e-06	1.800006e+00
3.200453453390979e-06	1.800007e+00
3.200587178970623e-06	1.800007e+00
3.200748900834906e-06	1.800007e+00
3.201008573721348e-06	1.800006e+00
3.201418846464839e-06	1.800004e+00
3.202239391951821e-06	1.800003e+00
3.203880482925785e-06	1.800001e+00
3.205754266661266e-06	1.800001e+00
3.207754890657527e-06	1.800000e+00
3.208001344325046e-06	1.800001e+00
3.208494251660085e-06	1.800001e+00
3.209480066330164e-06	1.800002e+00
3.209601103143348e-06	1.800002e+00
3.209843176769717e-06	1.800004e+00
3.210121800367477e-06	1.800009e+00
3.210191456266917e-06	1.800015e+00
3.210330768065797e-06	1.800051e+00
3.210462956872451e-06	1.799900e+00
3.210565423613319e-06	1.793135e+00
3.210665647086690e-06	1.756171e+00
3.210729583163312e-06	1.694811e+00
3.210804437362511e-06	1.587515e+00
3.210863741120807e-06	1.466838e+00
3.210890135970064e-06	1.341822e+00
3.210911665897143e-06	1.113864e+00
3.210926741341749e-06	8.210215e-01
3.210944544649112e-06	3.564027e-01
3.210953895120260e-06	1.367887e-01
3.210961260327007e-06	4.176008e-02
3.210970208571767e-06	7.597276e-03
3.210978114813337e-06	2.239203e-03
3.210987617198478e-06	1.460183e-03
3.211005113551335e-06	8.512654e-04
3.211039153907217e-06	4.559162e-04
3.211079243081560e-06	3.046905e-04
3.211116990877665e-06	2.417731e-04
3.211185927358764e-06	1.824410e-04
3.211280294982737e-06	1.281541e-04
3.211366594244095e-06	6.782683e-05
3.211440392636095e-06	1.234708e-05
3.211520832251317e-06	-1.174532e-05
3.211583158172954e-06	-1.151582e-05
3.211660254029105e-06	-1.033571e-05
3.211814445741408e-06	-8.469439e-06
3.212067111807530e-06	-6.035796e-06
3.212494570598932e-06	-3.332480e-06
3.212946449586219e-06	-1.757659e-06
3.213393188007392e-06	1.231727e-05
3.213401777136216e-06	8.067766e-06
3.213418955393866e-06	-1.260466e-06
3.213423249958278e-06	-1.150939e-06
3.213431839087103e-06	-7.932635e-07
3.213449017344752e-06	-8.457532e-07
3.213453311909164e-06	-8.339049e-07
3.213461901037989e-06	-7.953153e-07
3.213513435810936e-06	-7.457990e-07
3.213582148841532e-06	-6.827932e-07
3.213719574902725e-06	-5.745094e-07
3.213994427025111e-06	-4.064155e-07
3.214362040645933e-06	-2.521816e-07
3.214847888030994e-06	-1.342405e-07
3.215619550914964e-06	-4.891477e-08
3.217162876682902e-06	5.515367e-09
3.219297069910937e-06	1.768211e-08
3.222854168281219e-06	9.921913e-09
3.227736980781219e-06	7.863304e-10
3.232619793281219e-06	-1.064717e-09
3.237502605781218e-06	-2.973537e-10
3.242385418281218e-06	5.022527e-11
3.247268230781218e-06	3.633998e-10
3.252151043281218e-06	5.559381e-10
3.257033855781218e-06	6.969377e-10
3.261916668281217e-06	7.940331e-10
3.266799480781217e-06	8.589935e-10
3.271682293281217e-06	9.060011e-10
3.276565105781217e-06	9.362755e-10
3.281447918281217e-06	9.586005e-10
3.286330730781216e-06	9.727908e-10
3.291213543281216e-06	9.831128e-10
3.295117187600001e-06	9.885750e-10
3.300000000100000e-06	-1.513615e-05
3.300014314971848e-06	-3.087360e-06
3.300042944715543e-06	3.589681e-06
3.300049868058183e-06	-1.012164e-05
3.300058590969704e-06	-1.357934e-05
3.300076036792748e-06	6.971168e-07
3.300097428969316e-06	-1.398168e-06
3.300140213322453e-06	5.652161e-09
3.300181406726482e-06	-3.816342e-07
3.300247329741186e-06	7.669007e-09
3.300311445646571e-06	-2.251699e-07
3.300423770841023e-06	6.088455e-08
3.300564887998175e-06	-8.657278e-08
3.300805513487164e-06	1.071307e-08
3.301064782249000e-06	-2.380384e-08
3.301398990445552e-06	2.737710e-08
3.301888023598187e-06	-1.005283e-08
3.302496901076215e-06	1.207177e-08
3.303306148534020e-06	-9.211488e-09
3.304479284105921e-06	8.627393e-09
3.306242654792816e-06	-1.532453e-09
3.308370795283553e-06	4.472339e-09
3.311311573027556e-06	1.630753e-09
3.314069272725598e-06	3.882539e-09
3.317996953627781e-06	3.780011e-11
3.322623618698036e-06	1.346547e-09
3.327506431198036e-06	1.044100e-09
3.337272056198036e-06	1.043645e-09
3.345117187500001e-06	-2.405555e-09
3.350000000000001e-06	-7.370732e-06
3.350001192092896e-06	-5.818766e-06
3.350003576278687e-06	-7.460029e-07
3.350004173555773e-06	-2.085682e-07
3.350004891278206e-06	-1.269112e-07
3.350006326723073e-06	-4.974526e-08
3.350008466597639e-06	-1.079654e-08
3.350012746346771e-06	1.053957e-09
3.350019727794048e-06	1.302807e-09
3.350027710112680e-06	9.586856e-10
3.350039408101935e-06	1.011336e-09
3.350057470031265e-06	1.008739e-09
3.350083482355552e-06	1.022942e-09
3.350115605920354e-06	1.013601e-09
3.350164860883980e-06	1.011814e-09
3.350237216744907e-06	1.006941e-09
3.350351293871869e-06	1.006583e-09
3.350508320979204e-06	1.005264e-09
3.350740847631270e-06	1.005342e-09
3.351059317280158e-06	1.004831e-09
3.351498923233898e-06	1.004955e-09
3.352053277166178e-06	1.004997e-09
3.352607936250825e-06	1.005133e-09
3.353201353164189e-06	1.005245e-09
3.353726112196157e-06	1.005256e-09
3.354290649574164e-06	1.005160e-09
3.354917671963394e-06	1.005132e-09
3.355610155877949e-06	1.005074e-09
3.356385304603357e-06	1.005121e-09
3.357153931188075e-06	1.005107e-09
3.358215320311990e-06	1.005155e-09
3.359293098689973e-06	1.005112e-09
3.360648690751924e-06	1.005136e-09
3.362078199171866e-06	1.005119e-09
3.364023969821227e-06	1.005143e-09
3.366085504837897e-06	1.005119e-09
3.369063918030908e-06	1.005149e-09
3.373134938406486e-06	1.005138e-09
3.377261474494124e-06	1.005142e-09
3.382144286994124e-06	1.005138e-09
3.387027099494124e-06	1.005138e-09
3.391909911994124e-06	1.005138e-09
3.396792724494124e-06	1.005138e-09
3.401675536994123e-06	1.005138e-09
3.406558349494123e-06	1.005138e-09
3.411441161994123e-06	1.005138e-09
3.416323974494123e-06	1.005138e-09
3.421206786994123e-06	1.005138e-09
3.426089599494122e-06	1.005138e-09
3.430972411994122e-06	1.005138e-09
3.435855224494122e-06	1.005138e-09
3.440738036994122e-06	1.005141e-09
3.445117187500001e-06	1.005141e-09
3.450000000000001e-06	1.022938e-09
3.450013765369412e-06	1.011432e-09
3.450041296108235e-06	9.818946e-10
3.450047998676985e-06	9.831046e-10
3.450056431892241e-06	9.909790e-10
3.450067873932343e-06	1.001007e-09
3.450084814091801e-06	1.008606e-09
3.450118694410717e-06	1.011647e-09
3.450164202629498e-06	1.010490e-09
3.450214326303414e-06	1.008642e-09
3.450284735984515e-06	1.007152e-09
3.450381673941574e-06	1.006146e-09
3.450528235163740e-06	1.005548e-09
3.450748609476338e-06	1.005227e-09
3.451020974025958e-06	1.005080e-09
3.451387159995541e-06	1.005010e-09
3.451781041401953e-06	1.005015e-09
3.452361212817304e-06	1.005064e-09
3.453003798227227e-06	1.005108e-09
3.453810439660835e-06	1.005140e-09
3.454833036283536e-06	1.005159e-09
3.455895123245839e-06	1.005149e-09
3.457013394184080e-06	1.005134e-09
3.458424367135379e-06	1.005135e-09
3.459999973307199e-06	1.005139e-09
3.461556558204119e-06	1.005139e-09
3.464669727997957e-06	1.005138e-09
3.468141121176511e-06	1.005138e-09
3.473023933676511e-06	1.005138e-09
3.477906746176511e-06	1.005138e-09
3.482789558676511e-06	1.005138e-09
3.487672371176511e-06	1.005138e-09
3.497437996176510e-06	1.005138e-09
3.502320808676510e-06	1.005138e-09
3.507203621176510e-06	1.005138e-09
3.512086433676510e-06	1.005138e-09
3.526734871176509e-06	1.005138e-09
3.545117187600000e-06	1.005138e-09
3.550000000100000e-06	1.005138e-09
3.554882812600000e-06	1.005145e-09
3.555117187600001e-06	1.005142e-09
3.555585937600002e-06	1.005136e-09
3.556523437600005e-06	1.005138e-09
3.558125000099995e-06	1.005138e-09
3.560000000100001e-06	8.894642e-10
3.560005039085292e-06	8.833929e-10
3.560015117055877e-06	1.018267e-09
3.560017583892511e-06	1.101815e-09
3.560020574334169e-06	1.155329e-09
3.560026555217485e-06	1.119692e-09
3.560032010935285e-06	1.080529e-09
3.560042922370885e-06	1.038194e-09
3.560062554917214e-06	1.009394e-09
3.560087391286476e-06	1.003483e-09
3.560137064025002e-06	1.004589e-09
3.560236409502052e-06	1.005172e-09
3.560435100456152e-06	1.005148e-09
3.560755953713651e-06	1.005151e-09
3.561254375266406e-06	1.005136e-09
3.562115380435361e-06	1.005135e-09
3.563354392674591e-06	1.005134e-09
3.564641490320962e-06	1.005136e-09
3.566548720084309e-06	1.005137e-09
3.569044482610272e-06	1.005138e-09
3.572550353668152e-06	1.005138e-09
3.577433166168151e-06	1.005138e-09
3.582315978668151e-06	1.005138e-09
3.587198791168151e-06	1.005138e-09
3.689737853668147e-06	1.005138e-09
3.694620666168147e-06	1.005134e-09
3.696110230163710e-06	1.005139e-09
3.698096315491129e-06	1.005138e-09
3.700000000000001e-06	4.469627e-05
3.700005525998170e-06	3.021517e-05
3.700016577994509e-06	-1.727234e-06
3.700019255569576e-06	1.745542e-05
3.700022638105334e-06	3.189093e-05
3.700029403176850e-06	8.736866e-06
3.700040659938727e-06	3.916809e-06
3.700063173462481e-06	3.583739e-07
3.700091656650759e-06	-1.328450e-07
3.700138814171306e-06	-3.771905e-07
3.700207416337814e-06	-3.405046e-07
3.700338667501113e-06	-5.396499e-07
3.700594743713827e-06	-4.306826e-07
3.700867196653386e-06	-3.085176e-07
3.701349331316709e-06	-1.255767e-07
3.702095177699711e-06	-2.558856e-08
3.703586870465716e-06	3.169109e-08
3.705381877694134e-06	1.589007e-08
3.708178713754626e-06	-6.419877e-09
3.711794112051267e-06	-1.567103e-08
3.716676924551266e-06	-1.578030e-08
3.721559737051266e-06	-1.340754e-08
3.726442549551266e-06	-9.949190e-09
3.731325362051266e-06	-6.958658e-09
3.736208174551266e-06	-4.615799e-09
3.741090987051265e-06	-2.920842e-09
3.745973799551265e-06	-1.718604e-09
3.750856612051265e-06	-8.820962e-10
3.755739424551265e-06	-3.072955e-10
3.760622237051265e-06	8.685674e-11
3.765505049551264e-06	3.535661e-10
3.770387862051264e-06	5.347829e-10
3.775270674551264e-06	6.566552e-10
3.780153487051264e-06	7.389644e-10
3.785036299551264e-06	7.942162e-10
3.789919112051263e-06	8.312782e-10
3.794801924551263e-06	-2.614733e-08
3.795747713697475e-06	8.262607e-09
3.797477895710102e-06	1.056719e-08
3.798416155345460e-06	-3.056128e-09
3.800000000100000e-06	-8.840893e-05
3.800004529237180e-06	-4.469061e-05
3.800013587511540e-06	1.262069e-04
3.800015786520805e-06	9.084315e-05
3.800018547905762e-06	1.527389e-05
3.800024070675678e-06	2.151053e-06
3.800032984065519e-06	-3.414092e-07
3.800050810845201e-06	-6.842674e-07
3.800075080353477e-06	-2.872732e-07
3.800109695376089e-06	-6.240789e-08
3.800147755581751e-06	-8.007670e-09
3.800186642248491e-06	3.701582e-10
3.800234270557321e-06	9.400543e-10
3.800292364688117e-06	9.457413e-10
3.800368672849051e-06	1.080110e-09
3.800469016116208e-06	9.170115e-10
3.800624762935026e-06	1.043908e-09
3.800825589300319e-06	9.773530e-10
3.801081306022269e-06	9.996285e-10
3.801323480359743e-06	9.724416e-10
3.801668879523970e-06	1.023677e-09
3.802122368500692e-06	9.784492e-10
3.802959205000756e-06	1.013001e-09
3.804069248810637e-06	9.943829e-10
3.806096612142150e-06	1.009533e-09
3.809157876059172e-06	1.006658e-09
3.811757381050744e-06	1.005937e-09
3.814579346544490e-06	1.004408e-09
3.817639523503478e-06	1.006018e-09
3.821047032466840e-06	1.002800e-09
3.825929844966839e-06	1.005139e-09
3.830812657466839e-06	1.005138e-09
3.840578282466839e-06	1.005138e-09
3.845461094966839e-06	1.004731e-09
3.850000000000000e-06	9.757834e-09
3.850001192092896e-06	7.877426e-09
3.850003576278687e-06	1.740172e-09
3.850004172713501e-06	1.090046e-09
3.850004890782103e-06	9.775500e-10
3.850006326919306e-06	8.366318e-10
3.850008179770513e-06	7.396074e-10
3.850011885472925e-06	6.650128e-10
3.850018065636511e-06	6.600988e-10
3.850024874447121e-06	7.463953e-10
3.850034719566150e-06	9.102082e-10
3.850048797253870e-06	1.051488e-09
3.850069684638369e-06	1.091727e-09
3.850092840927531e-06	1.063852e-09
3.850128571334067e-06	1.030801e-09
3.850177115770972e-06	1.016218e-09
3.850257509091752e-06	1.009689e-09
3.850363937037652e-06	1.007185e-09
3.850521596906750e-06	1.006111e-09
3.850711353714421e-06	1.005565e-09
3.850945774628056e-06	1.005041e-09
3.851193059974117e-06	1.004662e-09
3.851507617928300e-06	1.004571e-09
3.852017867253026e-06	1.004813e-09
3.852542274775423e-06	1.004994e-09
3.853105043898596e-06	1.005120e-09
3.853757865061206e-06	1.005249e-09
3.854386052960533e-06	1.005263e-09
3.855009368394219e-06	1.005194e-09
3.855582362042355e-06	1.005105e-09
3.856207983628413e-06	1.005061e-09
3.856792536518988e-06	1.005082e-09
3.857461220660318e-06	1.005132e-09
3.858299087746359e-06	1.005174e-09
3.859077668278596e-06	1.005164e-09
3.860057265459511e-06	1.005127e-09
3.861068343869118e-06	1.005121e-09
3.862265843116438e-06	1.005141e-09
3.863535002783489e-06	1.005146e-09
3.864993157337438e-06	1.005136e-09
3.866767477110100e-06	1.005135e-09
3.868751947597862e-06	1.005141e-09
3.871147691809846e-06	1.005138e-09
3.874382249826940e-06	1.005138e-09
3.877720239534532e-06	1.005139e-09
3.882603052034532e-06	1.005138e-09
3.887485864534532e-06	1.005138e-09
3.892368677034532e-06	1.005138e-09
3.897251489534532e-06	1.005138e-09
3.902134302034531e-06	1.005138e-09
3.907017114534531e-06	1.005138e-09
3.911899927034531e-06	1.005138e-09
3.916782739534531e-06	1.005138e-09
3.921665552034531e-06	1.005138e-09
3.926548364534530e-06	1.005138e-09
3.931431177034530e-06	1.005138e-09
3.936313989534530e-06	1.005138e-09
3.941196802034530e-06	1.005138e-09
3.945117187500000e-06	1.005138e-09
3.950000000000000e-06	9.960411e-10
3.950014680540104e-06	9.870116e-10
3.950044041620311e-06	9.534463e-10
3.950051134484071e-06	9.532728e-10
3.950060157803224e-06	9.688690e-10
3.950074588334704e-06	1.000553e-09
3.950088552297292e-06	1.017385e-09
3.950116480222467e-06	1.022725e-09
3.950166535128666e-06	1.017307e-09
3.950222761585327e-06	1.011917e-09
3.950299650037259e-06	1.008636e-09
3.950384850635535e-06	1.007017e-09
3.950510316668659e-06	1.006037e-09
3.950660662332744e-06	1.005533e-09
3.950861899221637e-06	1.005224e-09
3.951100561006065e-06	1.005015e-09
3.951432299182727e-06	1.004896e-09
3.951886028241980e-06	1.004920e-09
3.952466059433463e-06	1.005028e-09
3.953009661358078e-06	1.005095e-09
3.953576308903417e-06	1.005137e-09
3.954153224759536e-06	1.005160e-09
3.954983724386424e-06	1.005159e-09
3.955970227441391e-06	1.005140e-09
3.957002742767477e-06	1.005131e-09
3.958358539508386e-06	1.005137e-09
3.959630062460267e-06	1.005143e-09
3.960903330528468e-06	1.005140e-09
3.962251220334988e-06	1.005137e-09
3.963485038886904e-06	1.005138e-09
3.965276995063402e-06	1.005139e-09
3.966973737585935e-06	1.005138e-09
3.970367222631002e-06	1.005138e-09
3.975250035131002e-06	1.005138e-09
3.980132847631002e-06	1.005138e-09
3.985015660131002e-06	1.005138e-09
3.999664097631001e-06	1.005138e-09
4.046984445161998e-06	1.005138e-09
4.050000000100000e-06	1.005138e-09
4.054882812600000e-06	1.005141e-09
4.055165450502102e-06	1.005140e-09
4.055730726306306e-06	1.005137e-09
4.056861277914715e-06	1.005138e-09
4.057738896883182e-06	1.005139e-09
4.058244762163066e-06	1.005139e-09
4.058988269540234e-06	1.005138e-09
4.060000000100000e-06	8.917497e-10
4.060002634463220e-06	8.440028e-10
4.060007903189662e-06	7.703238e-10
4.060009197119527e-06	8.295600e-10
4.060010756303016e-06	9.406182e-10
4.060012897915780e-06	1.035413e-09
4.060015207098118e-06	1.080008e-09
4.060019825462794e-06	1.099180e-09
4.060028981796237e-06	1.079624e-09
4.060045863856629e-06	1.036694e-09
4.060079627977412e-06	1.007712e-09
4.060127428430789e-06	1.004681e-09
4.060223029337542e-06	1.005755e-09
4.060414231151049e-06	1.005294e-09
4.060744881444575e-06	1.005189e-09
4.061151451728728e-06	1.005130e-09
4.061768371149435e-06	1.005138e-09
4.062687064135096e-06	1.005130e-09
4.063724281019849e-06	1.005136e-09
4.065160210507303e-06	1.005132e-09
4.067809065076245e-06	1.005138e-09
4.070979755562014e-06	1.005137e-09
4.075862568062014e-06	1.005138e-09
4.080745380562014e-06	1.005138e-09
4.085628193062013e-06	1.005138e-09
4.090511005562013e-06	1.005138e-09
4.095393818062013e-06	1.005138e-09
4.100276630562013e-06	1.005138e-09
4.112832434133441e-06	1.005138e-09
4.125388237704869e-06	1.005138e-09
4.137944041276297e-06	1.005138e-09
4.150499844847725e-06	1.005138e-09
4.163055648419153e-06	1.005138e-09
4.175611451990581e-06	1.005138e-09
4.188167255562009e-06	1.005138e-09
4.193050068062009e-06	1.005136e-09
4.195117187500001e-06	1.005144e-09
4.197362908372050e-06	1.005136e-09
4.200000000000000e-06	4.595408e-05
4.200006895506980e-06	3.779224e-05
4.200020686520939e-06	2.015244e-05
4.200024075430159e-06	2.861689e-05
4.200028270536352e-06	2.749206e-05
4.200036660748740e-06	1.883743e-06
4.200049929860685e-06	-2.849961e-06
4.200065484859950e-06	-3.897987e-06
4.200086351732002e-06	-2.172186e-06
4.200116311851579e-06	-1.697550e-06
4.200173874278848e-06	-9.334423e-07
4.200288999133386e-06	-9.174070e-07
4.200519248842460e-06	-6.046509e-07
4.200848317040964e-06	3.907391e-06
4.200906466799488e-06	3.037815e-06
4.201022766316535e-06	-2.330800e-07
4.201255365350630e-06	-8.648647e-08
4.201262634070445e-06	-9.853138e-08
4.201277171510076e-06	-1.211036e-07
4.201313515109153e-06	-7.870178e-08
4.201328052548784e-06	-6.854100e-08
4.201357127428046e-06	-5.169559e-08
4.201415277186570e-06	-3.426507e-08
4.201531576703617e-06	-1.542683e-08
4.201764175737712e-06	7.422773e-09
4.202229373805902e-06	2.820143e-08
4.203052201507003e-06	3.304603e-08
4.204117753913574e-06	2.077730e-08
4.206248858726717e-06	-6.377960e-09
4.208130517958170e-06	-1.947250e-08
4.210264877847144e-06	-2.027520e-08
4.211899523091176e-06	-1.462830e-08
4.213580199176964e-06	-7.949431e-09
4.215540186423842e-06	-1.449351e-09
4.215863190525585e-06	-2.139449e-08
4.216509198729072e-06	-1.116197e-06
4.216785978509100e-06	-4.113655e-06
4.216979760368107e-06	-1.036392e-05
4.217120086000694e-06	-2.223012e-05
4.217232546701473e-06	-4.728615e-05
4.217332105994767e-06	-9.505144e-05
4.217479648088473e-06	-2.124193e-04
4.217595512206315e-06	8.021346e-05
4.217700973021221e-06	8.402778e-03
4.217755836375773e-06	2.813529e-02
4.217767686609214e-06	4.332672e-02
4.217791387076096e-06	9.980178e-02
4.217797312192817e-06	1.247792e-01
4.217809162426258e-06	1.994037e-01
4.217812124984618e-06	2.251175e-01
4.217818050101339e-06	2.948158e-01
4.217829900334780e-06	4.619885e-01
4.217841782675823e-06	6.491756e-01
4.217854983090197e-06	8.692898e-01
4.217857558672008e-06	9.152344e-01
4.217862709835630e-06	1.016974e+00
4.217868875076705e-06	1.157107e+00
4.217873999246503e-06	1.300578e+00
4.217879314479654e-06	1.478051e+00
4.217885061781230e-06	1.671300e+00
4.217887987278341e-06	1.739676e+00
4.217891856178417e-06	1.779461e+00
4.217894995782035e-06	1.790798e+00
4.217898692826563e-06	1.795300e+00
4.217903430187519e-06	1.797949e+00
4.217910181409119e-06	1.799133e+00
4.217917239902471e-06	1.799421e+00
4.217927590242318e-06	1.799699e+00
4.217941425692789e-06	1.799992e+00
4.217963433396776e-06	1.800161e+00
4.217990892819645e-06	1.800185e+00
4.218041016204412e-06	1.800180e+00
4.218134730007748e-06	1.800162e+00
4.218322157614420e-06	1.800133e+00
4.218523731131572e-06	1.800110e+00
4.218803059363285e-06	1.800087e+00
4.219147314880638e-06	1.800066e+00
4.219471704136147e-06	1.800059e+00
4.219515969618849e-06	1.800056e+00
4.219604500584253e-06	1.800050e+00
4.219626633325604e-06	1.800049e+00
4.219670898808306e-06	1.800048e+00
4.219681965178982e-06	1.800048e+00
4.219684731771651e-06	1.800048e+00
4.219694414845992e-06	1.800048e+00
4.219699948031330e-06	1.800047e+00
4.219711014402005e-06	1.800047e+00
4.219733147143357e-06	1.800046e+00
4.219777412626059e-06	1.800045e+00
4.219865943591463e-06	1.800041e+00
4.220043005522271e-06	1.800035e+00
4.220397129383888e-06	1.800027e+00
4.220919942083185e-06	1.800019e+00
4.221680565334132e-06	1.800012e+00
4.222947150854046e-06	1.800007e+00
4.225348805445350e-06	1.800002e+00
4.227936643356786e-06	1.800001e+00
4.232005369844963e-06	1.800000e+00
4.236888182344963e-06	1.800000e+00
4.241770994844963e-06	1.800000e+00
4.246653807344963e-06	1.800000e+00
4.251536619844963e-06	1.800000e+00
4.256419432344962e-06	1.800000e+00
4.261302244844962e-06	1.800000e+00
4.266185057344962e-06	1.800000e+00
4.271067869844962e-06	1.800000e+00
4.275950682344962e-06	1.800000e+00
4.280833494844961e-06	1.800000e+00
4.285716307344961e-06	1.800000e+00
4.290599119844961e-06	1.800000e+00
4.295481932344961e-06	1.800000e+00
4.300000000100000e-06	1.799665e+00
4.300011173573466e-06	1.799814e+00
4.300033520520398e-06	1.800289e+00
4.300039035012604e-06	1.800187e+00
4.300045565143804e-06	1.800056e+00
4.300054275414983e-06	1.800078e+00
4.300063575824707e-06	1.800047e+00
4.300079232402218e-06	1.800042e+00
4.300101283760538e-06	1.800022e+00
4.300136374969351e-06	1.800012e+00
4.300197509432249e-06	1.800002e+00
4.300293535274699e-06	1.800001e+00
4.300473680806266e-06	1.800000e+00
4.300688023410497e-06	1.800000e+00
4.300956912689904e-06	1.800000e+00
4.301277217848582e-06	1.800000e+00
4.301754226614560e-06	1.800000e+00
4.302432675111978e-06	1.800000e+00
4.303461406702330e-06	1.800000e+00
4.304598312102554e-06	1.800000e+00
4.306094901620806e-06	1.800000e+00
4.307186026840069e-06	1.800000e+00
4.307883464675600e-06	1.800000e+00
4.308845718313861e-06	1.800000e+00
4.309325859800496e-06	1.800000e+00
4.309890775979345e-06	1.800000e+00
4.310482233387365e-06	1.800000e+00
4.311360201779074e-06	1.800000e+00
4.312288322418587e-06	1.800000e+00
4.313421426062664e-06	1.800000e+00
4.314960566895685e-06	1.800000e+00
4.317432131482505e-06	1.800000e+00
4.322314943982505e-06	1.800000e+00
4.327197756482504e-06	1.800000e+00
4.332080568982504e-06	1.800000e+00
4.336963381482504e-06	1.800000e+00
4.341846193982504e-06	1.800000e+00
4.345117187500001e-06	1.800000e+00
4.350000000000001e-06	1.800022e+00
4.350001192092897e-06	1.800017e+00
4.350003576278688e-06	1.800001e+00
4.350004171743203e-06	1.799999e+00
4.350004889081646e-06	1.800000e+00
4.350006323758532e-06	1.800000e+00
4.350007851038645e-06	1.800000e+00
4.350010905598872e-06	1.800000e+00
4.350017014719325e-06	1.800000e+00
4.350029085160896e-06	1.800000e+00
4.350040997288031e-06	1.800000e+00
4.350059832454930e-06	1.800000e+00
4.350085249997518e-06	1.800000e+00
4.350136085082694e-06	1.800000e+00
4.350237755253044e-06	1.800000e+00
4.350349180201004e-06	1.800000e+00
4.350505822222552e-06	1.800000e+00
4.350704059489011e-06	1.800000e+00
4.350947294242338e-06	1.800000e+00
4.351234705069975e-06	1.800000e+00
4.351519406705459e-06	1.800000e+00
4.351770702414343e-06	1.800000e+00
4.352079791588354e-06	1.800000e+00
4.352375452020728e-06	1.800000e+00
4.352637371717932e-06	1.800000e+00
4.352947659966230e-06	1.800000e+00
4.353315907664889e-06	1.800000e+00
4.353680314271556e-06	1.800000e+00
4.354086638959074e-06	1.800000e+00
4.354501599867410e-06	1.800000e+00
4.354955450862308e-06	1.800000e+00
4.355471208340367e-06	1.800000e+00
4.355940228902956e-06	1.800000e+00
4.356372304168603e-06	1.800000e+00
4.356908279219238e-06	1.800000e+00
4.357481744145109e-06	1.800000e+00
4.358095431344427e-06	1.800000e+00
4.358721625218008e-06	1.800000e+00
4.359422473695591e-06	1.800000e+00
4.360353361738516e-06	1.800000e+00
4.361195232617835e-06	1.800000e+00
4.362135392158145e-06	1.800000e+00
4.363155423177658e-06	1.800000e+00
4.364385924533634e-06	1.800000e+00
4.365880932108778e-06	1.800000e+00
4.367569329947125e-06	1.800000e+00
4.369740000596828e-06	1.800000e+00
4.371897449492412e-06	1.800000e+00
4.376212347283579e-06	1.800000e+00
4.380625897447749e-06	1.800000e+00
4.385508709947748e-06	1.800000e+00
4.390391522447748e-06	1.800000e+00
4.395274334947748e-06	1.800000e+00
4.400157147447748e-06	1.800000e+00
4.405039959947748e-06	1.800000e+00
4.409922772447747e-06	1.800000e+00
4.414805584947747e-06	1.800000e+00
4.419688397447747e-06	1.800000e+00
4.424571209947747e-06	1.800000e+00
4.429454022447747e-06	1.800000e+00
4.439219647447746e-06	1.800000e+00
4.444102459947746e-06	1.800000e+00
4.445117187500001e-06	1.800000e+00
4.447146642604510e-06	1.800000e+00
4.450000000000001e-06	1.800000e+00
4.450008300742387e-06	1.800000e+00
4.450024902227159e-06	1.800000e+00
4.450028923101299e-06	1.800000e+00
4.450034020545720e-06	1.800000e+00
4.450044215434562e-06	1.800000e+00
4.450064605212247e-06	1.800000e+00
4.450097995832902e-06	1.800000e+00
4.450148686092438e-06	1.800000e+00
4.450250066611509e-06	1.800000e+00
4.450393275852268e-06	1.800000e+00
4.450540379476830e-06	1.800000e+00
4.450744672463899e-06	1.800000e+00
4.450968726378634e-06	1.800000e+00
4.451257823258593e-06	1.800000e+00
4.451605732700266e-06	1.800000e+00
4.452179286019852e-06	1.800000e+00
4.452874676334813e-06	1.800000e+00
4.453613212036998e-06	1.800000e+00
4.454426541923126e-06	1.800000e+00
4.455430130170683e-06	1.800000e+00
4.456713236886855e-06	1.800000e+00
4.457509645047718e-06	1.800000e+00
4.458075761061359e-06	1.800000e+00
4.458849328203577e-06	1.800000e+00
4.459258338644896e-06	1.800000e+00
4.459724835271728e-06	1.800000e+00
4.460223774986994e-06	1.800000e+00
4.460922200860909e-06	1.800000e+00
4.461756175570792e-06	1.800000e+00
4.462661529818085e-06	1.800000e+00
4.463854968860994e-06	1.800000e+00
4.465373658296148e-06	1.800000e+00
4.468228231404126e-06	1.800000e+00
4.471176340247798e-06	1.800000e+00
4.474720405623741e-06	1.800000e+00
4.479603218123740e-06	1.800000e+00
4.484486030623740e-06	1.800000e+00
4.489368843123740e-06	1.800000e+00
4.547541183242423e-06	1.800000e+00
4.550000000100000e-06	1.800000e+00
4.554882812600000e-06	1.800000e+00
4.555117187600000e-06	1.800000e+00
4.555585937600001e-06	1.800000e+00
4.556523437600002e-06	1.800000e+00
4.558125000099998e-06	1.800000e+00
4.560000000100000e-06	1.800000e+00
4.560004992850100e-06	1.800000e+00
4.560014978350298e-06	1.800000e+00
4.560017425781721e-06	1.800000e+00
4.560020378101572e-06	1.800000e+00
4.560025455230257e-06	1.800000e+00
4.560030647694583e-06	1.800000e+00
4.560040732847507e-06	1.800000e+00
4.560057241242363e-06	1.800000e+00
4.560077889366676e-06	1.800000e+00
4.560119185615302e-06	1.800000e+00
4.560189343186749e-06	1.800000e+00
4.560329658329643e-06	1.800000e+00
4.560556867752416e-06	1.800000e+00
4.561011286597963e-06	1.800000e+00
4.561620303718915e-06	1.800000e+00
4.562340652537830e-06	1.800000e+00
4.563556088886613e-06	1.800000e+00
4.565062157342073e-06	1.800000e+00
4.566466720209325e-06	1.800000e+00
4.568710437876227e-06	1.800000e+00
4.571514833059088e-06	1.800000e+00
4.576397645559088e-06	1.800000e+00
4.581280458059088e-06	1.800000e+00
4.586163270559088e-06	1.800000e+00
4.688702333059084e-06	1.800000e+00
4.693585145559083e-06	1.800000e+00
4.696935916118165e-06	1.800000e+00
4.700000000000001e-06	1.797490e+00
4.700007702846876e-06	1.798544e+00
4.700023108540627e-06	1.803342e+00
4.700026900083033e-06	1.801956e+00
4.700031482933759e-06	1.799395e+00
4.700036434392521e-06	1.799672e+00
4.700041962573258e-06	1.799950e+00
4.700049219225091e-06	1.799888e+00
4.700058362233968e-06	1.799995e+00
4.700071997233037e-06	1.799965e+00
4.700092174790861e-06	1.800004e+00
4.700124036441201e-06	1.800161e+00
4.700130467109022e-06	1.800060e+00
4.700132074775977e-06	1.800019e+00
4.700135290109888e-06	1.800003e+00
4.700136093943366e-06	1.800003e+00
4.700137701610321e-06	1.800004e+00
4.700140916944232e-06	1.800005e+00
4.700147347612052e-06	1.800005e+00
4.700152170612918e-06	1.800005e+00
4.700158601280739e-06	1.800005e+00
4.700171462616381e-06	1.800005e+00
4.700197185287665e-06	1.800005e+00
4.700248630630233e-06	1.800005e+00
4.700351521315370e-06	1.800004e+00
4.700472352740636e-06	1.800003e+00
4.700608825291462e-06	1.800002e+00
4.700777081442699e-06	1.800002e+00
4.701033498780622e-06	1.800002e+00
4.701462947844996e-06	1.800001e+00
4.702321845973744e-06	1.800001e+00
4.704039642231240e-06	1.800000e+00
4.706335448712735e-06	1.800000e+00
4.708164493501502e-06	1.800000e+00
4.710142245199504e-06	1.800000e+00
4.712251647400705e-06	1.800000e+00
4.715812831174477e-06	1.800000e+00
4.720695643674477e-06	1.800000e+00
4.725578456174477e-06	1.800000e+00
4.730461268674477e-06	1.800000e+00
4.733364026051273e-06	1.800000e+00
4.733602732465301e-06	1.800000e+00
4.734080145293357e-06	1.800000e+00
4.735034970949469e-06	1.800001e+00
4.735147880672282e-06	1.800001e+00
4.735373700117909e-06	1.800001e+00
4.735430154979315e-06	1.800001e+00
4.735543064702129e-06	1.800002e+00
4.735768884147755e-06	1.800003e+00
4.736220523039008e-06	1.800008e+00
4.736309356745829e-06	1.800015e+00
4.736487024159470e-06	1.800058e+00
4.736638095567247e-06	1.798309e+00
4.736754277836892e-06	1.783030e+00
4.736831129936605e-06	1.739787e+00
4.736900048689948e-06	1.668571e+00
4.736954997819337e-06	1.600726e+00
4.737002832433959e-06	1.513819e+00
4.737025211377995e-06	1.417518e+00
4.737053748170595e-06	1.171407e+00
4.737071147390433e-06	8.969012e-01
4.737092758947860e-06	4.056320e-01
4.737102849656127e-06	1.722956e-01
4.737110101423776e-06	6.490779e-02
4.737120470884063e-06	1.080737e-02
4.737127668840309e-06	2.676256e-03
4.737138043890127e-06	1.796160e-03
4.737151031128809e-06	1.095080e-03
4.737177005606172e-06	5.805588e-04
4.737207302739975e-06	3.781484e-04
4.737245240279708e-06	2.825532e-04
4.737292029849207e-06	2.212741e-04
4.737385608988206e-06	1.570160e-04
4.737474138609566e-06	1.059865e-04
4.737537768439945e-06	5.453434e-05
4.737618304244065e-06	5.092700e-07
4.737698394736626e-06	-1.279187e-05
4.737770978158972e-06	-1.061999e-05
4.737856326359891e-06	-9.843856e-06
4.738027022761728e-06	-7.814187e-06
4.738368415565404e-06	-4.867734e-06
4.738784189218474e-06	-2.627911e-06
4.739241898682369e-06	-1.354668e-06
4.739695060068752e-06	-7.210876e-07
4.740324402855765e-06	-3.017165e-07
4.741178168348509e-06	-4.850433e-08
4.742338325808118e-06	4.802454e-08
4.743914657386264e-06	5.250822e-08
4.746097582782359e-06	1.887242e-08
4.749271626658743e-06	-3.905145e-09
4.753053607468135e-06	3.918537e-06
4.753663959030635e-06	9.026760e-07
4.753816546921260e-06	-9.831788e-09
4.753930987839229e-06	-5.397222e-09
4.754083575729854e-06	-4.776081e-09
4.754999103073604e-06	-1.302527e-08
4.756219806198604e-06	-1.702636e-08
4.758661212448604e-06	-1.601537e-08
4.763544024948604e-06	-1.932468e-09
4.764154376511104e-06	5.226501e-09
4.764306964401729e-06	5.986901e-09
4.764688434128291e-06	2.128469e-09
4.764879168991573e-06	-1.246372e-09
4.765108050827510e-06	-1.011966e-08
4.765413226608761e-06	-1.603478e-08
4.766023578171260e-06	-1.737319e-08
4.767244281296261e-06	-1.493714e-08
4.769685687546261e-06	-1.295089e-08
4.774568500046260e-06	-1.027536e-08
4.779451312546260e-06	-7.274962e-09
4.784334125046260e-06	-4.843494e-09
4.789216937546260e-06	-3.073480e-09
4.794099750046260e-06	-1.727420e-09
4.795117187600001e-06	-1.513322e-09
4.797152062707483e-06	-1.167624e-09
4.800000000100000e-06	-3.831251e-05
4.800008128465906e-06	-1.331770e-05
4.800024385197716e-06	4.500681e-05
4.800028332745820e-06	1.406279e-05
4.800033266836780e-06	-1.883407e-05
4.800043135018698e-06	-2.134952e-06
4.800055606627722e-06	-1.218358e-06
4.800080549845770e-06	-1.042880e-07
4.800111973461380e-06	-9.571388e-08
4.800147268826709e-06	1.154068e-08
4.800183881229804e-06	-3.751214e-08
4.800229169396459e-06	2.182821e-08
4.800282278147150e-06	-2.190204e-08
4.800352412041624e-06	1.377767e-08
4.800439406586731e-06	-1.431800e-08
4.800570208128266e-06	1.344681e-08
4.800804408317329e-06	5.109622e-10
4.801043891469071e-06	9.918296e-10
4.801280436759638e-06	-1.269064e-09
4.801559376120540e-06	4.559097e-09
4.801955861772292e-06	-1.851328e-09
4.802563150182543e-06	3.166601e-09
4.803589872283276e-06	-3.867514e-11
4.805136885068413e-06	2.029140e-09
4.808230910638685e-06	9.019444e-10
4.811672977230573e-06	8.532962e-10
4.814620740682807e-06	9.713566e-10
4.817664007188819e-06	1.122138e-09
4.821091736551291e-06	9.191252e-10
4.824875448783179e-06	1.192262e-09
4.829758261283178e-06	1.005390e-09
4.834641073783178e-06	1.006100e-09
4.839523886283178e-06	1.005418e-09
4.844406698783178e-06	-2.724966e-09
4.845117187500001e-06	-1.182305e-09
4.847158045132707e-06	-1.473571e-09
4.848397805530826e-06	1.563164e-09
4.850000000000001e-06	9.162776e-07
4.850000782321519e-06	7.613197e-07
4.850002346964555e-06	2.229710e-07
4.850002737651504e-06	1.458333e-07
4.850003210517892e-06	1.056493e-07
4.850004156250667e-06	5.918560e-08
4.850006002404535e-06	2.110696e-08
4.850009694712272e-06	2.773339e-09
4.850014788683295e-06	4.368779e-10
4.850020927959543e-06	6.919231e-10
4.850028747685051e-06	7.515725e-10
4.850040444061531e-06	9.784983e-10
4.850060494042375e-06	1.112590e-09
4.850079540833479e-06	1.108178e-09
4.850109644115425e-06	1.051603e-09
4.850146473479450e-06	1.026880e-09
4.850212925058371e-06	1.013166e-09
4.850296585599524e-06	1.008993e-09
4.850433719812035e-06	1.006725e-09
4.850590124458617e-06	1.006108e-09
4.850815603223640e-06	1.005475e-09
4.851020208813752e-06	1.005037e-09
4.851285822257080e-06	1.004545e-09
4.851649180389609e-06	1.004575e-09
4.852281660611745e-06	1.004894e-09
4.852918302608931e-06	1.005100e-09
4.853646140803399e-06	1.005179e-09
4.854433241891931e-06	1.005223e-09
4.855305968573017e-06	1.005162e-09
4.856202075143800e-06	1.005115e-09
4.856909647787442e-06	1.005109e-09
4.857688985271468e-06	1.005125e-09
4.858639530150777e-06	1.005135e-09
4.859739095432040e-06	1.005152e-09
4.860914327955575e-06	1.005131e-09
4.862615914899473e-06	1.005136e-09
4.864450422697214e-06	1.005133e-09
4.866931306741593e-06	1.005141e-09
4.869752057512467e-06	1.005133e-09
4.874107881616886e-06	1.005139e-09
4.878990694116886e-06	1.005138e-09
4.883873506616886e-06	1.005138e-09
4.888756319116886e-06	1.005138e-09
4.893639131616885e-06	1.005138e-09
4.898521944116885e-06	1.005138e-09
4.903404756616885e-06	1.005138e-09
4.908287569116885e-06	1.005138e-09
4.913170381616885e-06	1.005138e-09
4.918053194116884e-06	1.005138e-09
4.922936006616884e-06	1.005138e-09
4.927818819116884e-06	1.005138e-09
4.932701631616884e-06	1.005138e-09
4.937584444116884e-06	1.005138e-09
4.942467256616883e-06	1.005132e-09
4.945117187500001e-06	1.005132e-09
4.950000000000001e-06	9.894617e-10
4.950014407029647e-06	9.826790e-10
4.950043221088941e-06	9.518242e-10
4.950050201121452e-06	9.493722e-10
4.950059045293605e-06	9.619676e-10
4.950072670922637e-06	9.929345e-10
4.950086233844532e-06	1.012867e-09
4.950113359688323e-06	1.022662e-09
4.950162793975188e-06	1.018792e-09
4.950222994939204e-06	1.012554e-09
4.950296482044471e-06	1.009039e-09
4.950382328051828e-06	1.007252e-09
4.950498978394282e-06	1.006210e-09
4.950652558989402e-06	1.005635e-09
4.950878698049538e-06	1.005250e-09
4.951154866823700e-06	1.005001e-09
4.951534578293828e-06	1.004877e-09
4.952020542183303e-06	1.004927e-09
4.952556324800709e-06	1.005031e-09
4.953175387394814e-06	1.005102e-09
4.953781372442765e-06	1.005146e-09
4.954403445793770e-06	1.005167e-09
4.955066117222909e-06	1.005162e-09
4.955932849228650e-06	1.005142e-09
4.956973966295181e-06	1.005130e-09
4.958090526341072e-06	1.005134e-09
4.959401644664473e-06	1.005142e-09
4.960585355966900e-06	1.005142e-09
4.962135382597616e-06	1.005138e-09
4.963674455113661e-06	1.005138e-09
4.965143712309142e-06	1.005138e-09
4.967038105526283e-06	1.005138e-09
4.969458070904424e-06	1.005138e-09
4.974298001660705e-06	1.005138e-09
4.979180814160705e-06	1.005138e-09
4.984063626660705e-06	1.005138e-09
4.988946439160704e-06	1.005138e-09
4.995117187500001e-06	1.005138e-09
4.997424128321408e-06	1.005138e-09
5.000000000000000e-06	1.005138e-09
