time	V(comp_out)
0.000000000000000e+00	1.005148e-09
2.000000000000000e-18	1.005148e-09
4.000000000000000e-18	1.005149e-09
8.000000000000001e-18	1.005149e-09
3.760000000000000e-16	1.005228e-09
5.600000000000000e-16	1.005258e-09
2.158400000000000e-13	1.023328e-09
4.311200000000001e-13	1.039183e-09
6.464000000000002e-13	1.052824e-09
8.616800000000002e-13	1.064251e-09
1.076960000000000e-12	1.073463e-09
1.292240000000000e-12	1.080461e-09
1.507520000000000e-12	1.085244e-09
1.695936000000000e-12	1.089421e-09
2.072768000000000e-12	1.093089e-09
2.826432000000000e-12	1.096185e-09
3.014848000000000e-12	1.096019e-09
3.391680000000000e-12	1.094195e-09
4.145344000000000e-12	1.088920e-09
5.652671999999999e-12	1.076406e-09
8.667328000000000e-12	1.054201e-09
1.469664000000000e-11	1.026621e-09
2.675526400000000e-11	1.003975e-09
4.467715263510495e-11	9.961533e-10
6.871469622228590e-11	9.968673e-10
9.988463463888346e-11	9.994655e-10
1.392776677310793e-10	1.001844e-09
1.891868973444699e-10	1.003533e-09
2.583425179352609e-10	1.004539e-09
3.624943732884970e-10	1.005004e-09
5.240234476436621e-10	1.005137e-09
7.413938305289283e-10	1.005149e-09
9.860193518609834e-10	1.005148e-09
1.276248228471258e-09	1.005148e-09
1.697050401352530e-09	1.005148e-09
2.387680287162474e-09	1.005148e-09
3.181046010724128e-09	1.005151e-09
3.323832183615393e-09	1.005149e-09
3.359528726838210e-09	1.005148e-09
3.368452862643914e-09	1.005148e-09
3.390763202158174e-09	1.005148e-09
3.399687337963878e-09	1.005148e-09
3.430921813283842e-09	1.005148e-09
3.448770084895250e-09	1.005148e-09
3.484466628118067e-09	1.005148e-09
3.555859714563699e-09	1.005148e-09
3.698645887454965e-09	1.005148e-09
3.984218233237495e-09	1.005148e-09
4.555362924802557e-09	1.005148e-09
5.266137100414134e-09	1.005148e-09
6.232472202801970e-09	1.005148e-09
7.175743409256408e-09	1.005148e-09
8.154271489051110e-09	1.005148e-09
9.247004354398497e-09	1.005148e-09
1.053401535825577e-08	1.005148e-09
1.166721993883355e-08	1.005148e-09
1.176353931470098e-08	1.005148e-09
1.195617806643584e-08	1.005148e-09
1.200433775436955e-08	1.005148e-09
1.210065713023698e-08	1.005148e-09
1.212473697420383e-08	1.005148e-09
1.217289666213755e-08	1.005148e-09
1.218493658412098e-08	1.005148e-09
1.221503638907955e-08	1.005148e-09
1.222707631106298e-08	1.005148e-09
1.225115615502983e-08	1.005148e-09
1.229931584296355e-08	1.005148e-09
1.239563521883097e-08	1.005148e-09
1.258827397056583e-08	1.005148e-09
1.297355147403554e-08	1.005148e-09
1.351344219365715e-08	1.005148e-09
1.430449661214163e-08	1.005148e-09
1.581759658594156e-08	1.005148e-09
1.813785864753275e-08	1.005148e-09
2.073118562795010e-08	1.005148e-09
2.371245813673580e-08	1.005148e-09
2.745824809356509e-08	1.005148e-09
3.138059071478443e-08	1.005148e-09
3.548459785114768e-08	1.005148e-09
4.036741035114768e-08	1.005148e-09
4.525022285114768e-08	1.005148e-09
5.013303535114768e-08	1.005148e-09
5.501584785114768e-08	1.005148e-09
5.989866035114768e-08	1.005148e-09
6.478147285114768e-08	1.005148e-09
6.966428535114768e-08	1.005148e-09
7.454709785114768e-08	1.005148e-09
7.942991035114768e-08	1.005148e-09
8.431272285114768e-08	1.005148e-09
9.407834785114768e-08	1.005147e-09
9.719486709770465e-08	1.005148e-09
1.000000001000000e-07	1.005148e-09
1.006992002197388e-07	1.005148e-09
1.010150889392141e-07	1.005148e-09
1.022084449279787e-07	1.005148e-09
1.034018009167433e-07	1.005148e-09
1.045951569055079e-07	1.005148e-09
1.057885128942725e-07	1.005148e-09
1.069818688830371e-07	1.005148e-09
1.081752248718017e-07	1.005148e-09
1.093685808605663e-07	1.005148e-09
1.951171875000000e-07	1.005148e-09
2.000000000000000e-07	1.005148e-09
2.000000000100000e-07	1.813580e-05
2.000000003700000e-07	1.055351e-03
2.000000005500000e-07	1.265736e-03
2.000000136642863e-07	1.232881e-03
2.000000267785725e-07	1.200866e-03
2.000000398928587e-07	1.169692e-03
2.000000530071449e-07	1.139357e-03
2.000000661214312e-07	1.109863e-03
2.000000792357174e-07	1.081209e-03
2.000000923500036e-07	1.053396e-03
2.000001845100072e-07	8.767659e-04
2.000003688300144e-07	6.054231e-04
2.000007374700287e-07	2.710527e-04
2.000014747500574e-07	-1.017868e-05
2.000029493101148e-07	-1.165946e-04
2.000058984302296e-07	-6.994650e-05
2.000105073919232e-07	-1.555487e-05
2.000197253153103e-07	3.976248e-06
2.000381611620847e-07	3.306227e-06
2.000750328556333e-07	2.190290e-07
2.001162101556068e-07	-3.076690e-07
2.001830046931253e-07	-9.718283e-07
2.002930833018013e-07	-2.239356e-06
2.005026034336181e-07	-3.878450e-06
2.007063796432751e-07	-5.430721e-06
2.010297149155764e-07	-1.320603e-05
2.012616192742252e-07	-3.036920e-05
2.014667102293181e-07	-5.922707e-05
2.017205202320077e-07	-1.028184e-04
2.018774054249936e-07	-9.928670e-05
2.021032892253013e-07	4.207631e-03
2.023110820653255e-07	1.978548e-02
2.023389839720037e-07	2.972147e-02
2.023947877853600e-07	6.987717e-02
2.024087387386990e-07	8.783650e-02
2.024366406453772e-07	1.565204e-01
2.024665016541649e-07	2.929580e-01
2.024964630302894e-07	4.980788e-01
2.025013320295508e-07	5.383244e-01
2.025110700280737e-07	6.280631e-01
2.025305460251194e-07	8.302845e-01
2.025392620840290e-07	9.402207e-01
2.025414410987564e-07	9.753137e-01
2.025457991282112e-07	1.061815e+00
2.025507523982614e-07	1.184189e+00
2.025553691099237e-07	1.334509e+00
2.025609038174816e-07	1.552075e+00
2.025640909813690e-07	1.672371e+00
2.025664426921776e-07	1.733358e+00
2.025694696016034e-07	1.772302e+00
2.025719997482656e-07	1.785767e+00
2.025757259331735e-07	1.793031e+00
2.025795325173471e-07	1.796518e+00
2.025854629198925e-07	1.798621e+00
2.025927015825054e-07	1.799304e+00
2.026006093215371e-07	1.799519e+00
2.026125794708512e-07	1.799831e+00
2.026299796987291e-07	1.800091e+00
2.026544318007652e-07	1.800178e+00
2.026924683505195e-07	1.800181e+00
2.027613649630622e-07	1.800172e+00
2.028974872082832e-07	1.800149e+00
2.031697316987253e-07	1.800117e+00
2.037142206796096e-07	1.800074e+00
2.038054283571313e-07	1.800065e+00
2.038282302765117e-07	1.800063e+00
2.038738341152726e-07	1.800060e+00
2.038872709606218e-07	1.800060e+00
2.039007078059709e-07	1.800059e+00
2.039141446513201e-07	1.800059e+00
2.039275814966693e-07	1.800058e+00
2.039410183420185e-07	1.800057e+00
2.039544551873676e-07	1.800057e+00
2.039678920327168e-07	1.800056e+00
2.041047035489994e-07	1.800051e+00
2.042871189040428e-07	1.800045e+00
2.046519496141296e-07	1.800035e+00
2.051210290470978e-07	1.800026e+00
2.057842216375359e-07	1.800017e+00
2.069552746823156e-07	1.800009e+00
2.084439809442132e-07	1.800004e+00
2.102622406440692e-07	1.800002e+00
2.123301920061371e-07	1.800000e+00
2.144964763180402e-07	1.800000e+00
2.175068757916674e-07	1.800000e+00
2.221141095374008e-07	1.800000e+00
2.269969220374008e-07	1.800000e+00
2.318797345374008e-07	1.800000e+00
2.352374624894705e-07	1.800000e+00
2.358020373970093e-07	1.800000e+00
2.363666123045481e-07	1.800000e+00
2.369311872120870e-07	1.800000e+00
2.374957621196258e-07	1.800000e+00
2.380603370271646e-07	1.800000e+00
2.386249119347035e-07	1.800000e+00
2.391894868422423e-07	1.800000e+00
2.411085290905316e-07	1.800000e+00
2.431652103628088e-07	1.800000e+00
2.472785729073634e-07	1.800000e+00
2.521613854073634e-07	1.800001e+00
2.570441979073634e-07	1.800000e+00
2.619270104073634e-07	1.800000e+00
2.668098229073634e-07	1.800000e+00
2.716926354073634e-07	1.800000e+00
2.765754479073635e-07	1.800000e+00
2.814582604073635e-07	1.800000e+00
2.863410729073635e-07	1.800000e+00
2.912238854073635e-07	1.800000e+00
2.951171876000000e-07	1.800000e+00
3.000000001000000e-07	1.799691e+00
3.000121254611647e-07	1.799832e+00
3.000363761834940e-07	1.800263e+00
3.000423410442241e-07	1.800168e+00
3.000495439607865e-07	1.800043e+00
3.000609919226897e-07	1.800066e+00
3.000744643513999e-07	1.800035e+00
3.000941519315279e-07	1.800032e+00
3.001333879446749e-07	1.800011e+00
3.001780383795337e-07	1.800006e+00
3.002673392492514e-07	1.800000e+00
3.004053740836634e-07	1.800000e+00
3.006677761220970e-07	1.800000e+00
3.009652621102433e-07	1.800000e+00
3.013121621989446e-07	1.800000e+00
3.017095452209892e-07	1.800000e+00
3.022073439066029e-07	1.800000e+00
3.028989556431460e-07	1.800000e+00
3.037255642363080e-07	1.800000e+00
3.046889523117618e-07	1.800000e+00
3.056722737354688e-07	1.800000e+00
3.067928864999939e-07	1.800000e+00
3.080468122987966e-07	1.800000e+00
3.092881953066820e-07	1.800000e+00
3.107257421206105e-07	1.800000e+00
3.129510640777885e-07	1.800000e+00
3.154512865663578e-07	1.800000e+00
3.181020576406499e-07	1.800000e+00
3.196479868509307e-07	1.800000e+00
3.206819798631786e-07	1.800000e+00
3.218047069392459e-07	1.800000e+00
3.229280150916222e-07	1.800000e+00
3.236901251803004e-07	1.800000e+00
3.242405453540567e-07	1.800000e+00
3.247384867676706e-07	1.800000e+00
3.253625237700035e-07	1.800000e+00
3.257824628123186e-07	1.800000e+00
3.261912873900778e-07	1.800000e+00
3.266575002207521e-07	1.800000e+00
3.272531805757393e-07	1.800000e+00
3.279648440866991e-07	1.800000e+00
3.286639840634256e-07	1.800000e+00
3.296040553036060e-07	1.800000e+00
3.306601515269388e-07	1.800000e+00
3.324244235843819e-07	1.800000e+00
3.350045572259093e-07	1.800000e+00
3.376985674384908e-07	1.800000e+00
3.418154393395489e-07	1.800000e+00
3.451171875000000e-07	1.800000e+00
3.500000000000000e-07	1.799952e+00
3.500000000012500e-07	1.799952e+00
3.500000003962501e-07	1.799952e+00
3.500000005937501e-07	1.799952e+00
3.500000077601796e-07	1.799952e+00
3.500000149266091e-07	1.799953e+00
3.500000220930386e-07	1.799953e+00
3.500000292594681e-07	1.799953e+00
3.500000364258976e-07	1.799954e+00
3.500000435923271e-07	1.799954e+00
3.500000507587566e-07	1.799954e+00
3.500001013187630e-07	1.799956e+00
3.500002024387760e-07	1.799960e+00
3.500004046788020e-07	1.799967e+00
3.500008091588538e-07	1.799977e+00
3.500015568585981e-07	1.799988e+00
3.500024539766242e-07	1.799994e+00
3.500040578419394e-07	1.799998e+00
3.500072655725697e-07	1.800000e+00
3.500136810338303e-07	1.800000e+00
3.500227918714902e-07	1.800000e+00
3.500343003101741e-07	1.800000e+00
3.500510095961688e-07	1.800000e+00
3.500812460643336e-07	1.800000e+00
3.501417190006630e-07	1.800000e+00
3.502220564999630e-07	1.800000e+00
3.503468513957936e-07	1.800000e+00
3.505292536144246e-07	1.800000e+00
3.508189128710601e-07	1.800000e+00
3.511370145982821e-07	1.800000e+00
3.516321926327506e-07	1.800000e+00
3.522978791465383e-07	1.800000e+00
3.529288850991459e-07	1.800000e+00
3.536485920807437e-07	1.800000e+00
3.545147377933853e-07	1.800000e+00
3.555140149407225e-07	1.800000e+00
3.565877960357419e-07	1.800000e+00
3.578729123615254e-07	1.800000e+00
3.595605783569433e-07	1.800000e+00
3.613035149705811e-07	1.800000e+00
3.642447581767678e-07	1.800000e+00
3.670724804953944e-07	1.800000e+00
3.716565637560175e-07	1.800000e+00
3.765393762560175e-07	1.800000e+00
3.814221887560175e-07	1.800000e+00
3.863050012560175e-07	1.800000e+00
3.960706262560175e-07	1.800000e+00
4.009534387560175e-07	1.800000e+00
4.058362512560176e-07	1.800000e+00
4.107190637560176e-07	1.800000e+00
4.400159387560176e-07	1.800000e+00
4.451171875000000e-07	1.800000e+00
4.464278049638942e-07	1.800000e+00
4.481752949157531e-07	1.800000e+00
4.500000000000000e-07	1.800000e+00
4.500000000012500e-07	1.800000e+00
4.500000000037501e-07	1.800000e+00
4.500000000087500e-07	1.800000e+00
4.500000000187501e-07	1.800000e+00
4.500000000387500e-07	1.800000e+00
4.500000000755746e-07	1.800000e+00
4.500000001000001e-07	1.800000e+00
4.500000001010000e-07	1.800000e+00
4.510000001010001e-07	1.800000e+00
4.520000001010001e-07	1.800000e+00
4.530000001010001e-07	1.800000e+00
4.540000001010001e-07	1.800000e+00
4.541523080837822e-07	1.800000e+00
4.544569240493465e-07	1.800000e+00
4.550661559804749e-07	1.800000e+00
4.562846198427317e-07	1.800000e+00
4.572516106585094e-07	1.800000e+00
4.580011469631648e-07	1.800000e+00
4.586640695859407e-07	1.800000e+00
4.593982178748552e-07	1.800000e+00
4.602662336927241e-07	1.800000e+00
4.612803888603699e-07	1.800000e+00
4.618051849115263e-07	1.800000e+00
4.622343520598905e-07	1.800000e+00
4.625768742503237e-07	1.800000e+00
4.629656869831050e-07	1.800000e+00
4.633758284397312e-07	1.800000e+00
4.636581292890851e-07	1.800000e+00
4.640091468416068e-07	1.800000e+00
4.643859650515858e-07	1.800000e+00
4.648392992903526e-07	1.800000e+00
4.654061845228503e-07	1.800000e+00
4.660745457190506e-07	1.800000e+00
4.669159484147424e-07	1.800000e+00
4.679945744449972e-07	1.800000e+00
4.694442323382033e-07	1.800000e+00
4.714106106252886e-07	1.800000e+00
4.737780181424907e-07	1.800000e+00
4.762935754346722e-07	1.800000e+00
4.811763879346722e-07	1.800000e+00
4.860592004346722e-07	1.800000e+00
4.909420129346722e-07	1.800000e+00
4.958248254346722e-07	1.800000e+00
5.007076379346723e-07	1.800000e+00
5.153560754346723e-07	1.800000e+00
5.479026105919664e-07	1.800000e+00
5.500000001000001e-07	1.800000e+00
5.500000001100001e-07	1.800000e+00
5.500000001300001e-07	1.800000e+00
5.500000001700001e-07	1.800000e+00
5.500000002037501e-07	1.800000e+00
5.500000002112500e-07	1.800000e+00
5.510000002300000e-07	1.800000e+00
5.520000002300000e-07	1.800000e+00
5.530000002300000e-07	1.800000e+00
5.547829002678011e-07	1.800000e+00
5.564342000243978e-07	1.800000e+00
5.566974005868066e-07	1.800000e+00
5.572238017116243e-07	1.800000e+00
5.582766039612597e-07	1.800000e+00
5.600000001000000e-07	1.800000e+00
5.600048485700962e-07	1.800000e+00
5.600145455102886e-07	1.800000e+00
5.600169047201498e-07	1.800000e+00
5.600198316041654e-07	1.800000e+00
5.600256853721966e-07	1.800000e+00
5.600334268698831e-07	1.800000e+00
5.600487420022814e-07	1.800000e+00
5.600731151657219e-07	1.800000e+00
5.601050573555221e-07	1.800000e+00
5.601689417351227e-07	1.800000e+00
5.602967104943238e-07	1.800000e+00
5.605522480127259e-07	1.800000e+00
5.609198940562689e-07	1.800000e+00
5.616551861433548e-07	1.800000e+00
5.630652716364327e-07	1.800000e+00
5.644075055289038e-07	1.800000e+00
5.665315209124335e-07	1.800000e+00
5.689203910172049e-07	1.800000e+00
5.728668195850412e-07	1.800000e+00
5.777496320850412e-07	1.800000e+00
5.875152570850412e-07	1.800000e+00
6.900543195850415e-07	1.800000e+00
6.949371320850415e-07	1.800000e+00
6.951171875000001e-07	1.800000e+00
6.954772983299172e-07	1.800000e+00
6.961975199897514e-07	1.800000e+00
6.976379633094199e-07	1.800000e+00
7.000000000000001e-07	1.790198e+00
7.000011533382279e-07	1.788131e+00
7.000034600146836e-07	1.791898e+00
7.000040337209771e-07	1.797791e+00
7.000047309122218e-07	1.803616e+00
7.000060043024641e-07	1.805476e+00
7.000071930849863e-07	1.804880e+00
7.000095706500308e-07	1.803041e+00
7.000134668826241e-07	1.801234e+00
7.000205276964255e-07	1.799864e+00
7.000276808765614e-07	1.799533e+00
7.000393408277590e-07	1.799627e+00
7.000516064435966e-07	1.799758e+00
7.000710860658635e-07	1.799883e+00
7.000931820541013e-07	1.799976e+00
7.000962008942602e-07	1.799987e+00
7.001022385745780e-07	1.800008e+00
7.001037479946574e-07	1.800014e+00
7.001067668348163e-07	1.800027e+00
7.001128045151340e-07	1.800055e+00
7.001143139352134e-07	1.800063e+00
7.001173327753723e-07	1.800081e+00
7.001195969054915e-07	1.800095e+00
7.001226157456504e-07	1.800115e+00
7.001286534259682e-07	1.800148e+00
7.001407287866036e-07	1.800192e+00
7.001648795078747e-07	1.800248e+00
7.001958027390209e-07	1.800074e+00
7.002332168869985e-07	1.796806e+00
7.002726974033300e-07	1.779448e+00
7.003028258930589e-07	1.737888e+00
7.003188960690057e-07	1.680190e+00
7.003339360413424e-07	1.567263e+00
7.003533192548443e-07	1.320052e+00
7.003658317237117e-07	1.054337e+00
7.003757413542224e-07	7.313157e-01
7.003867131724289e-07	3.081603e-01
7.003924452907412e-07	1.317486e-01
7.003985074372243e-07	3.843092e-02
7.004049978502212e-07	7.527192e-03
7.004120596988490e-07	1.611113e-03
7.004194372348681e-07	8.879647e-04
7.004341792781077e-07	6.243003e-04
7.004636633645868e-07	4.211334e-04
7.005226315375450e-07	2.753551e-04
7.006088924917072e-07	1.862989e-04
7.006992290528208e-07	1.353419e-04
7.007730583646242e-07	8.412418e-05
7.008360055435405e-07	3.018351e-05
7.009135876521061e-07	-8.098817e-06
7.009659827109384e-07	-1.170774e-05
7.010445474082505e-07	-9.440108e-06
7.011512238842776e-07	-8.149203e-06
7.013645768363319e-07	-6.031564e-06
7.016640485569812e-07	-3.881966e-06
7.020162401031607e-07	-2.342685e-06
7.024326713076385e-07	-1.345454e-06
7.029304262942082e-07	-7.265863e-07
7.035817522873661e-07	-3.368156e-07
7.044386264194174e-07	1.331007e-07
7.045810935563056e-07	1.024572e-07
7.048660278300823e-07	-5.583873e-08
7.054358963776354e-07	-2.541356e-08
7.056285127999910e-07	-2.071148e-08
7.059587123811721e-07	-1.331940e-08
7.063989784894135e-07	-6.851374e-09
7.072795107058965e-07	4.361361e-10
7.085537983211988e-07	4.906392e-09
7.108457784519522e-07	7.271088e-09
7.154297387134590e-07	8.590248e-09
7.203125512134590e-07	8.595207e-09
7.251953637134590e-07	7.207666e-09
7.300781762134590e-07	5.141745e-09
7.349609887134590e-07	3.516222e-09
7.398438012134590e-07	2.572061e-09
7.447266137134590e-07	2.026708e-09
7.496094262134591e-07	1.687082e-09
7.544922387134591e-07	1.464414e-09
7.593750512134591e-07	1.315818e-09
7.642578637134591e-07	1.215673e-09
7.691406762134591e-07	1.148020e-09
7.740234887134591e-07	1.102153e-09
7.789063012134591e-07	1.071065e-09
7.837891137134592e-07	1.049932e-09
7.886719262134592e-07	1.035601e-09
7.951171876000000e-07	1.023030e-09
7.968751023269183e-07	1.020292e-09
8.000000001000000e-07	-2.932419e-05
8.000095368431641e-07	-8.592338e-06
8.000286103294922e-07	2.939746e-05
8.000332001815066e-07	3.215313e-06
8.000390388600438e-07	-1.949061e-05
8.000507162171184e-07	-8.305401e-07
8.000740709312674e-07	-8.450434e-07
8.001207803595657e-07	5.820314e-09
8.001722907250580e-07	-9.380986e-08
8.002394993115867e-07	3.869852e-08
8.003157652389203e-07	-8.166003e-08
8.004390566825847e-07	4.804584e-08
8.006362438512571e-07	-2.473355e-08
8.009356320623922e-07	1.800143e-09
8.012373930742411e-07	-2.074589e-08
8.018007652508040e-07	3.862166e-09
8.024350819003010e-07	1.026283e-09
8.030664857840075e-07	7.296431e-09
8.039539036765121e-07	-4.148383e-09
8.052922788056438e-07	4.832865e-09
8.074444773687041e-07	1.336663e-09
8.094888703811843e-07	2.821031e-09
8.123072644373024e-07	1.786332e-10
8.157265819147325e-07	2.187837e-09
8.206093944147325e-07	1.014314e-09
8.254922069147326e-07	1.017270e-09
8.401406444147326e-07	1.014200e-09
8.450234569147326e-07	-1.339232e-07
8.451171875000001e-07	-6.872946e-08
8.453046486705351e-07	3.420928e-08
8.456795710116051e-07	-1.517878e-08
8.464294156937451e-07	9.010743e-09
8.479291050580251e-07	-1.183871e-09
8.500000000000001e-07	-2.615048e-06
8.500057841887614e-07	-1.800108e-06
8.500173525662840e-07	1.750044e-07
8.500201653454727e-07	1.397176e-07
8.500236562356361e-07	-2.116050e-09
8.500306380159627e-07	1.121841e-09
8.500399829988715e-07	9.194172e-10
8.500586729646891e-07	1.021248e-09
8.500858923701518e-07	1.001029e-09
8.501230256243626e-07	1.012962e-09
8.501761745131019e-07	1.004172e-09
8.502571059368049e-07	1.008379e-09
8.503921306693426e-07	1.004600e-09
8.505963988208726e-07	1.005794e-09
8.508792603117578e-07	1.004600e-09
8.513276247686334e-07	1.005156e-09
8.518753362599690e-07	1.005060e-09
8.524087777857172e-07	1.005183e-09
8.529868285083747e-07	1.005154e-09
8.535991208288980e-07	1.005228e-09
8.542469346646166e-07	1.005124e-09
8.549242388773379e-07	1.005171e-09
8.556861270808089e-07	1.005017e-09
8.566560234651172e-07	1.005198e-09
8.578169637863437e-07	1.005161e-09
8.589310975883460e-07	1.005232e-09
8.605361611076240e-07	1.005155e-09
8.619920554126636e-07	1.005212e-09
8.641148863693846e-07	1.005135e-09
8.662830232048114e-07	1.005197e-09
8.698656003169209e-07	1.005138e-09
8.734748692628803e-07	1.005162e-09
8.783576817628803e-07	1.005138e-09
8.832404942628803e-07	1.005138e-09
8.881233067628803e-07	1.005138e-09
8.930061192628803e-07	1.005138e-09
8.978889317628803e-07	1.005138e-09
9.027717442628803e-07	1.005138e-09
9.076545567628803e-07	1.005138e-09
9.125373692628804e-07	1.005138e-09
9.174201817628804e-07	1.005138e-09
9.223029942628804e-07	1.005138e-09
9.271858067628804e-07	1.005138e-09
9.320686192628804e-07	1.005138e-09
9.369514317628804e-07	1.005138e-09
9.451171875000001e-07	1.005105e-09
9.500000000000001e-07	9.374398e-10
9.500145221869703e-07	9.565504e-10
9.500435665609107e-07	9.958478e-10
9.500505842010617e-07	9.961504e-10
9.500595105171301e-07	9.990894e-10
9.500727510262345e-07	1.004688e-09
9.500889213359458e-07	1.007112e-09
9.501212619553685e-07	1.008225e-09
9.501859431942140e-07	1.007595e-09
9.502450050515180e-07	1.006789e-09
9.503499404054453e-07	1.005917e-09
9.504924151497384e-07	1.005440e-09
9.507230690386319e-07	1.005188e-09
9.509716084216958e-07	1.005103e-09
9.512869313879079e-07	1.005063e-09
9.517222753180247e-07	1.005061e-09
9.523876581888708e-07	1.005090e-09
9.531063732249878e-07	1.005125e-09
9.540031888920401e-07	1.005151e-09
9.551407769714033e-07	1.005151e-09
9.563383082400528e-07	1.005136e-09
9.576159858598174e-07	1.005134e-09
9.589543615277305e-07	1.005139e-09
9.605919708238455e-07	1.005139e-09
9.632286357311639e-07	1.005137e-09
9.664906757398478e-07	1.005138e-09
9.713734882398479e-07	1.005138e-09
9.762563007398479e-07	1.005138e-09
9.811391132398479e-07	1.005138e-09
9.860219257398479e-07	1.005138e-09
9.909047382398479e-07	1.005138e-09
9.957875507398479e-07	1.005138e-09
1.000670363239848e-06	1.005138e-09
1.005553175739848e-06	1.005138e-09
1.015318800739848e-06	1.005138e-09
1.046120211320304e-06	1.005139e-09
1.048126258760913e-06	1.005138e-09
1.050000000100000e-06	1.005138e-09
1.053747482778175e-06	1.005139e-09
1.055117187600000e-06	1.005138e-09
1.057260590456349e-06	1.005138e-09
1.060000000100000e-06	9.149308e-10
1.060007548732359e-06	9.293077e-10
1.060022645997077e-06	1.110217e-09
1.060026325727525e-06	1.155943e-09
1.060030833500741e-06	1.138503e-09
1.060039849047173e-06	1.056537e-09
1.060050527616157e-06	1.019684e-09
1.060071278456596e-06	1.005614e-09
1.060112780137474e-06	1.003679e-09
1.060169270580147e-06	1.004935e-09
1.060282251465493e-06	1.005015e-09
1.060508213236186e-06	1.005130e-09
1.060893967986862e-06	1.005132e-09
1.061515898890166e-06	1.005142e-09
1.062759760696773e-06	1.005135e-09
1.064012245811580e-06	1.005137e-09
1.065757528053676e-06	1.005136e-09
1.068006458186468e-06	1.005139e-09
1.071200167537748e-06	1.005137e-09
1.075903500943737e-06	1.005138e-09
1.091947027729451e-06	1.005138e-09
1.107990554515165e-06	1.005138e-09
1.124034081300880e-06	1.005138e-09
1.140077608086594e-06	1.005138e-09
1.156121134872308e-06	1.005138e-09
1.172164661658023e-06	1.005138e-09
1.188208188443737e-06	1.005138e-09
1.193091000943737e-06	1.005136e-09
1.195117187500000e-06	1.005143e-09
1.195947626887474e-06	1.005143e-09
1.197608505662421e-06	1.005137e-09
1.200000000000000e-06	3.151643e-05
1.200007096846889e-06	2.113726e-05
1.200021290540666e-06	9.123395e-06
1.200024719058655e-06	2.300286e-05
1.200029068219397e-06	2.801760e-05
1.200037766540882e-06	8.155873e-06
1.200054067611197e-06	6.158758e-06
1.200086669751828e-06	2.221441e-06
1.200136278401390e-06	6.944280e-07
1.200199267147832e-06	-3.523610e-07
1.200290578448043e-06	-6.932567e-07
1.200417326454245e-06	-8.497000e-07
1.200602109193997e-06	-6.469687e-07
1.200902063318802e-06	-4.974020e-07
1.201500343674783e-06	-2.190737e-07
1.202471768520951e-06	-5.571030e-08
1.203701101531632e-06	8.744498e-09
1.205311940785088e-06	1.524887e-09
1.207626293511013e-06	-3.983577e-09
1.212111022880070e-06	-1.149607e-08
1.216993835380070e-06	-9.145879e-09
1.221876647880070e-06	-6.704795e-09
1.226759460380070e-06	-4.750518e-09
1.231642272880070e-06	-3.183231e-09
1.236525085380070e-06	-2.035222e-09
1.241407897880070e-06	-1.186208e-09
1.246290710380070e-06	-5.893526e-10
1.251173522880070e-06	-1.641638e-10
1.256056335380070e-06	1.293756e-10
1.260939147880070e-06	3.333298e-10
1.265821960380070e-06	4.736194e-10
1.270704772880070e-06	5.688889e-10
1.275587585380070e-06	6.352820e-10
1.280470397880070e-06	6.787104e-10
1.285353210380070e-06	7.105427e-10
1.290236022880070e-06	7.303242e-10
1.295118835380070e-06	7.450381e-10
1.300000000100000e-06	-2.291621e-05
1.300009536843164e-06	-4.316597e-06
1.300028610329492e-06	2.815607e-05
1.300033397446851e-06	1.203678e-06
1.300039121227245e-06	-1.982000e-05
1.300050568788033e-06	-8.569396e-07
1.300069309315434e-06	-1.041909e-06
1.300106790370238e-06	-3.273615e-08
1.300145496916926e-06	-1.419142e-07
1.300197557801593e-06	2.000627e-08
1.300250587637373e-06	-9.400159e-08
1.300330137864987e-06	3.124855e-08
1.300424981578950e-06	-5.843147e-08
1.300597703215526e-06	2.086020e-08
1.300838889906218e-06	-4.581045e-09
1.301109648800719e-06	7.635224e-09
1.301429314839338e-06	-1.041244e-08
1.301905157731709e-06	7.344853e-09
1.302561315179711e-06	-3.048819e-09
1.303431211439895e-06	5.125905e-09
1.304737571020884e-06	-1.583301e-09
1.306654560936849e-06	1.771235e-09
1.308874782944136e-06	-2.614708e-10
1.311905274511808e-06	1.001156e-09
1.314923753631876e-06	2.514504e-10
1.318783312522877e-06	1.582856e-09
1.323666125022877e-06	1.010790e-09
1.328548937522877e-06	1.013063e-09
1.338314562522877e-06	1.012950e-09
1.343197375022877e-06	4.301588e-09
1.345117187500000e-06	-3.520296e-09
1.347913624908494e-06	1.958768e-09
1.350000000000000e-06	2.268534e-06
1.350005706699629e-06	1.563216e-06
1.350017120098887e-06	-1.505138e-07
1.350019901320988e-06	-1.203459e-07
1.350023320416691e-06	2.769646e-09
1.350030158608097e-06	8.690691e-10
1.350037441062171e-06	1.042961e-09
1.350052005970320e-06	1.010818e-09
1.350073914791716e-06	1.034553e-09
1.350103021559517e-06	1.021163e-09
1.350144765208826e-06	1.016127e-09
1.350204929041775e-06	1.008523e-09
1.350300545222243e-06	1.007476e-09
1.350428725133246e-06	1.005583e-09
1.350614784724778e-06	1.005580e-09
1.350849369258405e-06	1.004870e-09
1.351203530035558e-06	1.004993e-09
1.351763549082514e-06	1.004939e-09
1.352230089748996e-06	1.004992e-09
1.352672831916177e-06	1.005085e-09
1.353146519876444e-06	1.005145e-09
1.353513753577748e-06	1.005250e-09
1.353898156528841e-06	1.005299e-09
1.354337587723425e-06	1.005135e-09
1.354886366658236e-06	1.005149e-09
1.355536243212137e-06	1.005116e-09
1.356080353139161e-06	1.005118e-09
1.356673565897204e-06	1.005122e-09
1.357306738521969e-06	1.005142e-09
1.357870953111401e-06	1.005131e-09
1.358540448028873e-06	1.005154e-09
1.359248068523715e-06	1.005105e-09
1.360061713499979e-06	1.005154e-09
1.361059663004482e-06	1.005143e-09
1.362027220640156e-06	1.005169e-09
1.363252802416809e-06	1.005144e-09
1.364398390001991e-06	1.005173e-09
1.366294215585729e-06	1.005142e-09
1.368095972121198e-06	1.005169e-09
1.371645906368191e-06	1.005135e-09
1.375429609320150e-06	1.005145e-09
1.380312421820150e-06	1.005138e-09
1.385195234320150e-06	1.005138e-09
1.390078046820150e-06	1.005138e-09
1.394960859320150e-06	1.005138e-09
1.399843671820150e-06	1.005138e-09
1.404726484320150e-06	1.005138e-09
1.409609296820150e-06	1.005138e-09
1.414492109320150e-06	1.005138e-09
1.419374921820150e-06	1.005138e-09
1.424257734320150e-06	1.005138e-09
1.429140546820150e-06	1.005138e-09
1.434023359320150e-06	1.005138e-09
1.438906171820150e-06	1.005138e-09
1.443788984320150e-06	1.005079e-09
1.445117187500000e-06	1.005105e-09
1.447343593640300e-06	1.005146e-09
1.450000000000000e-06	1.026607e-09
1.450006121930925e-06	1.015225e-09
1.450018365792774e-06	9.800437e-10
1.450021431513012e-06	9.753464e-10
1.450025136729520e-06	9.722206e-10
1.450032547162536e-06	9.721161e-10
1.450047368028568e-06	9.843875e-10
1.450063343693667e-06	9.989386e-10
1.450085384617353e-06	1.010596e-09
1.450110031966574e-06	1.014000e-09
1.450146351243959e-06	1.012715e-09
1.450189809001268e-06	1.010391e-09
1.450253696240523e-06	1.008179e-09
1.450332096333092e-06	1.006802e-09
1.450446212106159e-06	1.005913e-09
1.450590233894008e-06	1.005461e-09
1.450808799318439e-06	1.005199e-09
1.451121982275847e-06	1.005043e-09
1.451625316988173e-06	1.004990e-09
1.452259142782193e-06	1.005042e-09
1.452873289001340e-06	1.005094e-09
1.453573794169213e-06	1.005131e-09
1.454505697662032e-06	1.005158e-09
1.455491164102314e-06	1.005155e-09
1.456584615891887e-06	1.005138e-09
1.457764995903669e-06	1.005133e-09
1.459345451474462e-06	1.005138e-09
1.461054122750802e-06	1.005139e-09
1.463539788598231e-06	1.005138e-09
1.467056016004425e-06	1.005138e-09
1.471623924217411e-06	1.005138e-09
1.476506736717411e-06	1.005138e-09
1.481389549217411e-06	1.005138e-09
1.486272361717411e-06	1.005138e-09
1.491155174217411e-06	1.005138e-09
1.496037986717411e-06	1.005138e-09
1.500920799217411e-06	1.005138e-09
1.510686424217411e-06	1.005138e-09
1.515605104700638e-06	1.005138e-09
1.520523785183865e-06	1.005138e-09
1.525442465667092e-06	1.005138e-09
1.530361146150319e-06	1.005138e-09
1.535279826633546e-06	1.005138e-09
1.540198507116773e-06	1.005138e-09
1.545117187600000e-06	1.005138e-09
1.547991393039287e-06	1.005138e-09
1.550000000100000e-06	1.005138e-09
1.554017214221427e-06	1.005139e-09
1.555117187600000e-06	1.005138e-09
1.557317134357147e-06	1.005138e-09
1.560000000100000e-06	9.141155e-10
1.560007122748965e-06	9.240279e-10
1.560021368046895e-06	1.089354e-09
1.560024858507871e-06	1.141156e-09
1.560029049099265e-06	1.137588e-09
1.560037430282053e-06	1.063720e-09
1.560045127744331e-06	1.030813e-09
1.560060522668888e-06	1.011288e-09
1.560085202055191e-06	1.004166e-09
1.560119827255451e-06	1.004594e-09
1.560189077655972e-06	1.005137e-09
1.560327578457013e-06	1.005230e-09
1.560604580059095e-06	1.005156e-09
1.561003903662880e-06	1.005149e-09
1.561638400754601e-06	1.005132e-09
1.562578482880250e-06	1.005135e-09
1.563735963789798e-06	1.005133e-09
1.565216206037248e-06	1.005136e-09
1.566625405386457e-06	1.005135e-09
1.569106653024478e-06	1.005138e-09
1.571691660149580e-06	1.005137e-09
1.576574472649580e-06	1.005138e-09
1.581457285149580e-06	1.005138e-09
1.586340097649580e-06	1.005138e-09
1.688879160149580e-06	1.005138e-09
1.693761972649580e-06	1.005135e-09
1.697289570299160e-06	1.005139e-09
1.700000000000000e-06	3.364133e-05
1.700007860647702e-06	2.486638e-05
1.700023581943107e-06	1.084399e-05
1.700027390860101e-06	1.823143e-05
1.700032202217155e-06	1.684158e-05
1.700041824931264e-06	-1.563560e-06
1.700059215830354e-06	-1.078724e-06
1.700084447213435e-06	-1.564177e-06
1.700122398346424e-06	-5.410770e-07
1.700185377826898e-06	-6.934591e-07
1.700311336787845e-06	-4.319225e-07
1.700563254709740e-06	-3.772774e-07
1.700839400807946e-06	-2.041946e-07
1.701281551680320e-06	-1.017212e-07
1.701971538801782e-06	1.920004e-08
1.703351513044707e-06	3.848459e-08
1.705259232150417e-06	-5.805569e-06
1.705604419225666e-06	-4.577081e-06
1.706294793376163e-06	1.749898e-09
1.706898870757848e-06	-1.156241e-08
1.706942019142254e-06	-9.689047e-09
1.706985167526660e-06	-8.035041e-09
1.707028315911066e-06	-6.600394e-09
1.707071464295472e-06	-5.385107e-09
1.707114612679878e-06	-4.389180e-09
1.707157761064284e-06	-3.612613e-09
1.707200909448690e-06	-3.055405e-09
1.707373502986315e-06	-3.525103e-09
1.707718690061563e-06	-6.509584e-09
1.708409064212060e-06	-1.182171e-08
1.709789812513055e-06	-1.768378e-08
1.711691535295737e-06	-1.866084e-08
1.714727499563627e-06	-1.286737e-08
1.717800860569580e-06	-6.213883e-09
1.720622713945302e-06	2.904922e-09
1.720807409300080e-06	4.305399e-09
1.721176800009636e-06	3.111742e-09
1.721292234606372e-06	-2.028992e-12
1.721615451477233e-06	-1.261137e-08
1.721984842186789e-06	-1.749059e-08
1.722723623605901e-06	-1.717314e-08
1.724201186444125e-06	-1.446026e-08
1.727156312120572e-06	-1.246284e-08
1.732039124620572e-06	-9.522950e-09
1.736921937120572e-06	-6.619632e-09
1.741804749620572e-06	-4.373320e-09
1.746687562120572e-06	-2.733014e-09
1.751570374620572e-06	-1.573316e-09
1.756453187120572e-06	-7.604482e-10
1.761335999620572e-06	-1.997453e-10
1.766218812120572e-06	1.866064e-10
1.771101624620572e-06	4.497826e-10
1.775984437120572e-06	6.295678e-10
1.780867249620572e-06	7.510625e-10
1.785750062120572e-06	8.337732e-10
1.790632874620572e-06	8.893316e-10
1.795515687120572e-06	9.272805e-10
1.800000000100000e-06	-2.936566e-05
1.800009536843165e-06	-8.608701e-06
1.800028610329493e-06	2.839749e-05
1.800033397739763e-06	1.189296e-06
1.800039100195554e-06	-1.999898e-05
1.800050505107136e-06	-1.211067e-06
1.800063940144752e-06	-1.354245e-06
1.800090810219984e-06	-3.629884e-08
1.800120199583374e-06	-1.825031e-07
1.800159031947656e-06	7.824955e-10
1.800195900216065e-06	-9.199159e-08
1.800246954759464e-06	2.044292e-08
1.800301246131795e-06	-5.220726e-08
1.800380205055776e-06	1.684601e-08
1.800471256371131e-06	-3.231758e-08
1.800622397144396e-06	1.710369e-08
1.800849797696507e-06	-2.605305e-09
1.801105344086260e-06	-9.911830e-11
1.801347881513062e-06	-4.803251e-09
1.801653781261937e-06	6.410472e-09
1.802062273698087e-06	-4.860670e-09
1.802715469285477e-06	4.694087e-09
1.803771387535810e-06	-1.406451e-09
1.805552753747986e-06	2.395243e-09
1.808506272659151e-06	1.067336e-09
1.811375289995284e-06	9.535471e-10
1.814171633487128e-06	1.074079e-09
1.816883600961983e-06	1.515436e-09
1.820372276289611e-06	8.171130e-10
1.824280042871612e-06	1.322450e-09
1.829162855371612e-06	1.006754e-09
1.834045667871612e-06	1.008118e-09
1.838928480371612e-06	1.006754e-09
1.843811292871612e-06	-2.422413e-09
1.847388210743223e-06	1.355841e-09
1.850000000000000e-06	1.721142e-06
1.850001192092896e-06	1.359560e-06
1.850003576278687e-06	1.762174e-07
1.850004172328765e-06	5.099186e-08
1.850004890837682e-06	3.175127e-08
1.850006327855516e-06	1.302609e-08
1.850008134178977e-06	4.344225e-09
1.850011746825899e-06	1.068385e-09
1.850017933859497e-06	5.540554e-10
1.850024662114436e-06	6.700273e-10
1.850034667537442e-06	8.710530e-10
1.850048707887649e-06	1.075587e-09
1.850068553302100e-06	1.129107e-09
1.850090793574075e-06	1.088530e-09
1.850124269482348e-06	1.040822e-09
1.850169806233598e-06	1.020383e-09
1.850243234313438e-06	1.011219e-09
1.850342937801170e-06	1.007958e-09
1.850492427238678e-06	1.006449e-09
1.850660253423725e-06	1.005920e-09
1.850888125636230e-06	1.005346e-09
1.851096441976237e-06	1.004899e-09
1.851382247862492e-06	1.004504e-09
1.851866015222914e-06	1.004640e-09
1.852407945353849e-06	1.004965e-09
1.852955566826169e-06	1.005091e-09
1.853529446668691e-06	1.005148e-09
1.854473561369598e-06	1.005201e-09
1.855331809784370e-06	1.005156e-09
1.856232996163284e-06	1.005116e-09
1.856882850444429e-06	1.005121e-09
1.857757373000987e-06	1.005128e-09
1.858611435488884e-06	1.005126e-09
1.859823921281985e-06	1.005143e-09
1.861131442952659e-06	1.005136e-09
1.863121101601608e-06	1.005137e-09
1.865188951849096e-06	1.005135e-09
1.868032584206584e-06	1.005139e-09
1.871061450375972e-06	1.005135e-09
1.875944262875972e-06	1.005138e-09
1.880827075375972e-06	1.005138e-09
1.885709887875972e-06	1.005138e-09
1.890592700375972e-06	1.005138e-09
1.895475512875972e-06	1.005138e-09
1.900358325375972e-06	1.005138e-09
1.905241137875972e-06	1.005138e-09
1.910123950375973e-06	1.005138e-09
1.915006762875972e-06	1.005138e-09
1.919889575375972e-06	1.005138e-09
1.924772387875972e-06	1.005138e-09
1.934538012875972e-06	1.005138e-09
1.939420825375971e-06	1.005138e-09
1.944303637875971e-06	1.005120e-09
1.945117187500000e-06	1.005127e-09
1.946744286748058e-06	1.001722e-09
1.946745801503884e-06	1.002592e-09
1.946748831015535e-06	1.004582e-09
1.946754890038837e-06	1.005072e-09
1.946767008085441e-06	1.005095e-09
1.946791244178648e-06	1.005132e-09
1.947160914795663e-06	1.005135e-09
1.947530585412678e-06	1.005137e-09
1.947900256029693e-06	1.005139e-09
1.948269926646708e-06	1.005140e-09
1.948639597263722e-06	1.005140e-09
1.949009267880737e-06	1.005139e-09
1.949378938497752e-06	1.005138e-09
1.950000000000000e-06	1.000019e-09
1.950166887465675e-06	9.972458e-10
1.950239890751576e-06	1.007153e-09
1.950292335277685e-06	1.018121e-09
1.950335364866398e-06	1.015564e-09
1.950382261478773e-06	1.009154e-09
1.950443462827745e-06	1.007995e-09
1.950517598349196e-06	1.006996e-09
1.950642545135793e-06	1.005997e-09
1.950787004171563e-06	1.005606e-09
1.951018420248108e-06	1.005193e-09
1.951267339744005e-06	1.005008e-09
1.951648048049068e-06	1.004869e-09
1.952068272824247e-06	1.004923e-09
1.952555853297260e-06	1.005011e-09
1.953141753175067e-06	1.005093e-09
1.953792599050037e-06	1.005138e-09
1.954485098808809e-06	1.005169e-09
1.955515393508325e-06	1.005152e-09
1.956923319907724e-06	1.005135e-09
1.958537458631533e-06	1.005135e-09
1.959995687801690e-06	1.005142e-09
1.961168873751416e-06	1.005140e-09
1.962749388501754e-06	1.005139e-09
1.964714460230354e-06	1.005138e-09
1.966512258225367e-06	1.005139e-09
1.968530687256720e-06	1.005136e-09
1.971992007440634e-06	1.005139e-09
1.976874819940634e-06	1.005138e-09
1.981757632440634e-06	1.005138e-09
1.986640444940634e-06	1.005138e-09
1.991523257440634e-06	1.005138e-09
1.996406069940633e-06	1.005138e-09
2.045234194940631e-06	1.005138e-09
2.050000000100000e-06	1.005138e-09
2.054882812600000e-06	1.005189e-09
2.055117187600001e-06	1.005167e-09
2.055585937600002e-06	1.005126e-09
2.056523437600005e-06	1.005138e-09
2.057862820198537e-06	1.005137e-09
2.060000000100000e-06	9.201770e-10
2.060006846933062e-06	9.231407e-10
2.060020540599186e-06	1.049462e-09
2.060023813093612e-06	1.099613e-09
2.060027798791491e-06	1.111618e-09
2.060033224108009e-06	1.075489e-09
2.060038961757670e-06	1.049080e-09
2.060048129940263e-06	1.027272e-09
2.060060029095026e-06	1.013719e-09
2.060079334094708e-06	1.007682e-09
2.060116390919823e-06	1.005965e-09
2.060181350604993e-06	1.005980e-09
2.060311269975331e-06	1.005630e-09
2.060571108716007e-06	1.005284e-09
2.060936500005426e-06	1.005159e-09
2.061387663340387e-06	1.005135e-09
2.062145300597819e-06	1.005130e-09
2.063141115827288e-06	1.005131e-09
2.064189369616444e-06	1.005133e-09
2.065884422033955e-06	1.005136e-09
2.069183786909375e-06	1.005138e-09
2.074066599409375e-06	1.005138e-09
2.078949411909375e-06	1.005138e-09
2.083832224409375e-06	1.005138e-09
2.088715036909374e-06	1.005138e-09
2.186371286909371e-06	1.005138e-09
2.195117187500000e-06	1.005138e-09
2.200000000000000e-06	3.903183e-05
2.200009536743164e-06	3.472948e-05
2.200028610229492e-06	2.500164e-05
2.200033396074094e-06	2.452918e-05
2.200039146413063e-06	1.199442e-05
2.200046299742454e-06	-2.413351e-06
2.200060606401237e-06	-2.654738e-06
2.200078455747367e-06	-3.810374e-06
2.200103308563280e-06	-2.168833e-06
2.200136049832599e-06	-1.859005e-06
2.200198973219900e-06	-1.075569e-06
2.200324819994503e-06	-1.046447e-06
2.200576513543708e-06	-6.628156e-07
2.201079900642118e-06	5.063947e-06
2.201148928410792e-06	3.811410e-06
2.201286983948139e-06	-2.359315e-07
2.201321497832475e-06	-2.172158e-07
2.201407782543317e-06	-1.549103e-07
2.201442296427654e-06	-1.450989e-07
2.201450924898738e-06	-1.418731e-07
2.201468181840906e-06	-1.335714e-07
2.201472496076449e-06	-1.308249e-07
2.201481124547533e-06	-1.232846e-07
2.201511324196327e-06	-9.191587e-08
2.201528581138496e-06	-7.822160e-08
2.201563095022832e-06	-6.265146e-08
2.201632122791506e-06	-4.936471e-08
2.201770178328853e-06	-3.667954e-08
2.202046289403548e-06	-2.226064e-08
2.202598511552936e-06	-8.452179e-09
2.203322885057143e-06	-2.615608e-09
2.204343004493461e-06	-9.362693e-10
2.204485927860450e-06	-8.644305e-09
2.204771774594428e-06	-7.200968e-07
2.205099387110947e-06	-6.700247e-06
2.205274259538491e-06	-1.991244e-05
2.205384717662696e-06	-4.563569e-05
2.205465862288438e-06	-9.240575e-05
2.205550772307998e-06	-1.842153e-04
2.205652284255755e-06	-3.405564e-04
2.205668835502684e-06	-3.784444e-04
2.205701937996544e-06	-3.121238e-04
2.205768142984262e-06	1.302655e-03
2.205784694231192e-06	6.989908e-03
2.205817796725051e-06	3.677283e-02
2.205825191551621e-06	5.385493e-02
2.205839981204763e-06	1.138126e-01
2.205843678618049e-06	1.384344e-01
2.205851073444619e-06	2.232655e-01
2.205865863097761e-06	4.673260e-01
2.205876306920834e-06	6.823137e-01
2.205888142033066e-06	9.533822e-01
2.205890112180559e-06	1.001414e+00
2.205894052475546e-06	1.105349e+00
2.205899850187537e-06	1.274329e+00
2.205905766372107e-06	1.464300e+00
2.205912353117027e-06	1.671561e+00
2.205915541801300e-06	1.740447e+00
2.205919925236115e-06	1.781045e+00
2.205923378766468e-06	1.791928e+00
2.205927346734845e-06	1.796010e+00
2.205932543909024e-06	1.798441e+00
2.205939252274820e-06	1.799303e+00
2.205946487651183e-06	1.799485e+00
2.205956761174307e-06	1.799742e+00
2.205971637220225e-06	1.800032e+00
2.205993754796069e-06	1.800174e+00
2.206022560706184e-06	1.800189e+00
2.206075816503015e-06	1.800183e+00
2.206174549040863e-06	1.800162e+00
2.206318029306299e-06	1.800138e+00
2.206481983574008e-06	1.800117e+00
2.206678782798234e-06	1.800098e+00
2.206915156049302e-06	1.800080e+00
2.207201263073217e-06	1.800065e+00
2.207491240503299e-06	1.800053e+00
2.207827909238323e-06	1.800048e+00
2.207860995921356e-06	1.800046e+00
2.207927169287422e-06	1.800042e+00
2.207943712628938e-06	1.800042e+00
2.207985070982729e-06	1.800041e+00
2.208014021830383e-06	1.800041e+00
2.208030565171899e-06	1.800040e+00
2.208034701007278e-06	1.800040e+00
2.208042972678036e-06	1.800040e+00
2.208059516019553e-06	1.800040e+00
2.208092602702586e-06	1.800038e+00
2.208158776068651e-06	1.800036e+00
2.208291122800782e-06	1.800032e+00
2.208555816265044e-06	1.800026e+00
2.209085203193569e-06	1.800019e+00
2.209708337844827e-06	1.800013e+00
2.210868705837641e-06	1.800008e+00
2.212908383380352e-06	1.800003e+00
2.215032282975659e-06	1.800001e+00
2.218812379889284e-06	1.800000e+00
2.222963789433830e-06	1.800000e+00
2.227846601933830e-06	1.800000e+00
2.232729414433830e-06	1.800000e+00
2.241641953457569e-06	1.800000e+00
2.250554492481307e-06	1.800000e+00
2.259467031505046e-06	1.800000e+00
2.268379570528784e-06	1.800000e+00
2.277292109552523e-06	1.800000e+00
2.286204648576262e-06	1.800000e+00
2.295117187600000e-06	1.800000e+00
2.300000000100000e-06	1.799592e+00
2.300009536843164e-06	1.799757e+00
2.300028610329493e-06	1.800331e+00
2.300033380116124e-06	1.800219e+00
2.300038929275008e-06	1.800065e+00
2.300046044454798e-06	1.800091e+00
2.300053777025526e-06	1.800058e+00
2.300067993283060e-06	1.800049e+00
2.300087032546207e-06	1.800029e+00
2.300125111072500e-06	1.800014e+00
2.300181914935602e-06	1.800004e+00
2.300295522661805e-06	1.800001e+00
2.300516071290833e-06	1.800000e+00
2.300758475151939e-06	1.800000e+00
2.301057746308450e-06	1.800000e+00
2.301394018849233e-06	1.800000e+00
2.301864112429071e-06	1.800000e+00
2.302467759633517e-06	1.800000e+00
2.303632757008576e-06	1.800000e+00
2.304937807173165e-06	1.800000e+00
2.306177159262551e-06	1.800000e+00
2.307026534067601e-06	1.800000e+00
2.308049838248905e-06	1.800000e+00
2.309437877590243e-06	1.800000e+00
2.310844244493998e-06	1.800000e+00
2.312683535660184e-06	1.800000e+00
2.315122348809077e-06	1.800000e+00
2.319999975106862e-06	1.800000e+00
2.324882787606862e-06	1.800000e+00
2.329765600106862e-06	1.800000e+00
2.339531225106862e-06	1.800000e+00
2.344414037606861e-06	1.800000e+00
2.345117187500001e-06	1.800000e+00
2.346523487286279e-06	1.800000e+00
2.347187400427444e-06	1.800000e+00
2.348515226709773e-06	1.800000e+00
2.350000000000000e-06	1.799984e+00
2.350000724986959e-06	1.799987e+00
2.350002174960875e-06	1.799997e+00
2.350002535763256e-06	1.799999e+00
2.350002974150369e-06	1.799999e+00
2.350003850924593e-06	1.799999e+00
2.350005595147449e-06	1.800000e+00
2.350008777416381e-06	1.800000e+00
2.350015141954243e-06	1.800000e+00
2.350027871029969e-06	1.800000e+00
2.350047787020161e-06	1.800000e+00
2.350073740178857e-06	1.800000e+00
2.350117364673122e-06	1.800000e+00
2.350204613661653e-06	1.800000e+00
2.350319163950388e-06	1.800000e+00
2.350483974038059e-06	1.800000e+00
2.350749961162163e-06	1.800000e+00
2.351012363204954e-06	1.800000e+00
2.351388500523451e-06	1.800000e+00
2.351910989644138e-06	1.800000e+00
2.352459797789110e-06	1.800000e+00
2.352981420104634e-06	1.800000e+00
2.353469640157267e-06	1.800000e+00
2.354027350681502e-06	1.800000e+00
2.354619538568594e-06	1.800000e+00
2.355283647082794e-06	1.800000e+00
2.355982797846082e-06	1.800000e+00
2.356803674051228e-06	1.800000e+00
2.357615657821104e-06	1.800000e+00
2.358494406297860e-06	1.800000e+00
2.359465724740303e-06	1.800000e+00
2.360655484184081e-06	1.800000e+00
2.361835061534030e-06	1.800000e+00
2.363350152040843e-06	1.800000e+00
2.364984388873606e-06	1.800000e+00
2.367285235557986e-06	1.800000e+00
2.369359903037733e-06	1.800000e+00
2.372315530888192e-06	1.800000e+00
2.376051596815442e-06	1.800000e+00
2.379917437925394e-06	1.800000e+00
2.384800250425394e-06	1.800000e+00
2.389683062925394e-06	1.800000e+00
2.394565875425394e-06	1.800000e+00
2.399448687925394e-06	1.800000e+00
2.404331500425393e-06	1.800000e+00
2.409214312925393e-06	1.800000e+00
2.414097125425393e-06	1.800000e+00
2.418979937925393e-06	1.800000e+00
2.423862750425393e-06	1.800000e+00
2.428745562925392e-06	1.800000e+00
2.433628375425392e-06	1.800000e+00
2.438511187925392e-06	1.800000e+00
2.443394000425392e-06	1.800000e+00
2.445117187500000e-06	1.800000e+00
2.446553625850783e-06	1.800000e+00
2.447127123298435e-06	1.800000e+00
2.448274118193740e-06	1.800000e+00
2.450000000000000e-06	1.800000e+00
2.450422196238934e-06	1.800000e+00
2.450614671283601e-06	1.800000e+00
2.450749097907654e-06	1.800000e+00
2.450908420254970e-06	1.800000e+00
2.451120510937970e-06	1.800000e+00
2.451343717610237e-06	1.800000e+00
2.451681847281385e-06	1.800000e+00
2.452112066018053e-06	1.800000e+00
2.452721014464871e-06	1.800000e+00
2.453647764199566e-06	1.800000e+00
2.454542380526137e-06	1.800000e+00
2.456087110531988e-06	1.800000e+00
2.456962765676085e-06	1.800000e+00
2.457809233484917e-06	1.800000e+00
2.458771991907795e-06	1.800000e+00
2.459977457158603e-06	1.800000e+00
2.461489294327421e-06	1.800000e+00
2.463128095537271e-06	1.800000e+00
2.465569474861417e-06	1.800000e+00
2.469188053708139e-06	1.800000e+00
2.474070866208139e-06	1.800000e+00
2.478953678708139e-06	1.800000e+00
2.483836491208139e-06	1.800000e+00
2.488719303708138e-06	1.800000e+00
2.495694750136710e-06	1.800000e+00
2.502670196565281e-06	1.800000e+00
2.509645642993852e-06	1.800000e+00
2.516621089422423e-06	1.800000e+00
2.523596535850994e-06	1.800000e+00
2.530571982279565e-06	1.800000e+00
2.537547428708136e-06	1.800000e+00
2.542430241208136e-06	1.800000e+00
2.545117187600000e-06	1.800000e+00
2.550000000100000e-06	1.800000e+00
2.554882812600000e-06	1.800000e+00
2.555394367888835e-06	1.800000e+00
2.556417478466505e-06	1.800000e+00
2.557473781107196e-06	1.800000e+00
2.558742869471941e-06	1.800000e+00
2.560000000100000e-06	1.800000e+00
2.560022258525289e-06	1.800000e+00
2.560050826945386e-06	1.800000e+00
2.560057831554601e-06	1.800000e+00
2.560069862443077e-06	1.800000e+00
2.560089348075931e-06	1.800000e+00
2.560113519414578e-06	1.800000e+00
2.560157561945908e-06	1.800000e+00
2.560226599940961e-06	1.800000e+00
2.560360174786625e-06	1.800000e+00
2.560627324477955e-06	1.800000e+00
2.561061004451832e-06	1.800000e+00
2.561749913496406e-06	1.800000e+00
2.562562191899860e-06	1.800000e+00
2.564186748706768e-06	1.800000e+00
2.565930816524497e-06	1.800000e+00
2.568339832202571e-06	1.800000e+00
2.572418128446134e-06	1.800000e+00
2.577071975229127e-06	1.800000e+00
2.581954787729127e-06	1.800000e+00
2.591720412729127e-06	1.800000e+00
2.596603225229127e-06	1.800000e+00
2.601486037729126e-06	1.800000e+00
2.606368850229126e-06	1.800000e+00
2.611251662729126e-06	1.800000e+00
2.689376662729123e-06	1.800000e+00
2.694259475229123e-06	1.800000e+00
2.696832612041756e-06	1.800000e+00
2.700000000000000e-06	1.797515e+00
2.700007972709118e-06	1.798632e+00
2.700023918127354e-06	1.803625e+00
2.700027839468109e-06	1.802209e+00
2.700032589689387e-06	1.799521e+00
2.700037066753989e-06	1.799741e+00
2.700042067289650e-06	1.800004e+00
2.700049166130101e-06	1.799908e+00
2.700057589148107e-06	1.799998e+00
2.700071184094180e-06	1.799960e+00
2.700091459495351e-06	1.799993e+00
2.700124360437321e-06	1.799991e+00
2.700168368346470e-06	1.800004e+00
2.700233709117513e-06	1.800000e+00
2.700336161608885e-06	1.800004e+00
2.700534714775106e-06	1.800116e+00
2.700565355107293e-06	1.800090e+00
2.700626635771669e-06	1.800001e+00
2.700749197100420e-06	1.800001e+00
2.700994319757922e-06	1.800000e+00
2.701484565072927e-06	1.800000e+00
2.702087467831645e-06	1.800000e+00
2.703042579833436e-06	1.799999e+00
2.704458576851761e-06	1.799999e+00
2.707290570888412e-06	1.800000e+00
2.712173383388412e-06	1.800000e+00
2.717056195888412e-06	1.800000e+00
2.721939008388412e-06	1.800000e+00
2.726821820888412e-06	1.800000e+00
2.731704633388411e-06	1.800000e+00
2.736587445888411e-06	1.800000e+00
2.741470258388411e-06	1.800000e+00
2.746353070888411e-06	1.800000e+00
2.751235883388411e-06	1.800000e+00
2.756118695888410e-06	1.800000e+00
2.761001508388410e-06	1.800000e+00
2.765884320888410e-06	1.800000e+00
2.770767133388410e-06	1.800000e+00
2.775649945888410e-06	1.800000e+00
2.780532758388409e-06	1.800000e+00
2.785415570888409e-06	1.800000e+00
2.790298383388409e-06	1.800000e+00
2.795181195888409e-06	1.800000e+00
2.800000000100001e-06	1.799681e+00
2.800011906181325e-06	1.799824e+00
2.800035718343973e-06	1.800264e+00
2.800041594767473e-06	1.800167e+00
2.800048549367362e-06	1.800047e+00
2.800058188980439e-06	1.800068e+00
2.800068351003594e-06	1.800039e+00
2.800084709289211e-06	1.800036e+00
2.800108970080518e-06	1.800017e+00
2.800143424491891e-06	1.800010e+00
2.800206834492215e-06	1.800002e+00
2.800298544389116e-06	1.800001e+00
2.800468016283438e-06	1.800000e+00
2.800677160714380e-06	1.800000e+00
2.800946246641202e-06	1.800000e+00
2.801281421827392e-06	1.800000e+00
2.801815300590937e-06	1.800000e+00
2.802636679963792e-06	1.800000e+00
2.803771511894149e-06	1.800000e+00
2.804900826818015e-06	1.800000e+00
2.806223064219511e-06	1.800000e+00
2.807682805455923e-06	1.800000e+00
2.808590669708904e-06	1.800000e+00
2.809157166825124e-06	1.800000e+00
2.809769050346080e-06	1.800000e+00
2.810396576362039e-06	1.800000e+00
2.810843950287567e-06	1.800000e+00
2.811335511450336e-06	1.800000e+00
2.812004019347224e-06	1.800000e+00
2.812762387889981e-06	1.800000e+00
2.813649874953675e-06	1.800000e+00
2.814714656101825e-06	1.800000e+00
2.816323663703445e-06	1.800000e+00
2.818840802365096e-06	1.800000e+00
2.823723614865096e-06	1.800000e+00
2.828606427365096e-06	1.800000e+00
2.833489239865096e-06	1.800000e+00
2.838372052365095e-06	1.800000e+00
2.843254864865095e-06	1.800000e+00
2.845117187500001e-06	1.800000e+00
2.846275354730189e-06	1.800000e+00
2.847683665539624e-06	1.800000e+00
2.850000000000001e-06	1.800025e+00
2.850001131022686e-06	1.800019e+00
2.850003393068058e-06	1.800001e+00
2.850003958154878e-06	1.799999e+00
2.850004638986523e-06	1.800000e+00
2.850006000649813e-06	1.800000e+00
2.850007508769340e-06	1.800000e+00
2.850010525008395e-06	1.800000e+00
2.850016557486505e-06	1.800000e+00
2.850026109712587e-06	1.800000e+00
2.850036599132823e-06	1.800000e+00
2.850051429751277e-06	1.800000e+00
2.850072767765283e-06	1.800000e+00
2.850115443793295e-06	1.800000e+00
2.850200795849319e-06	1.800000e+00
2.850320461223618e-06	1.800000e+00
2.850445925052457e-06	1.800000e+00
2.850643546462423e-06	1.800000e+00
2.850868796607673e-06	1.800000e+00
2.851118654570694e-06	1.800000e+00
2.851399720448917e-06	1.800000e+00
2.851602627331624e-06	1.800000e+00
2.851804085187036e-06	1.800000e+00
2.852028946031582e-06	1.800000e+00
2.852223695259035e-06	1.800000e+00
2.852456363793640e-06	1.800000e+00
2.852722265302785e-06	1.800000e+00
2.853065874625225e-06	1.800000e+00
2.853434668573839e-06	1.800000e+00
2.853866483362689e-06	1.800000e+00
2.854343833473285e-06	1.800000e+00
2.854832058173161e-06	1.800000e+00
2.855386663801398e-06	1.800000e+00
2.856090678265853e-06	1.800000e+00
2.856684614934473e-06	1.800000e+00
2.857319517359490e-06	1.800000e+00
2.858103441190456e-06	1.800000e+00
2.858926107190770e-06	1.800000e+00
2.859756272755802e-06	1.800000e+00
2.860864316196821e-06	1.800000e+00
2.862040943822173e-06	1.800000e+00
2.863260528022712e-06	1.800000e+00
2.864956928844058e-06	1.800000e+00
2.866487787789551e-06	1.800000e+00
2.868938210730645e-06	1.800000e+00
2.871388538336479e-06	1.800000e+00
2.874574292165336e-06	1.800000e+00
2.878992793019975e-06	1.800000e+00
2.883875605519975e-06	1.800000e+00
2.888758418019975e-06	1.800000e+00
2.893641230519974e-06	1.800000e+00
2.898524043019974e-06	1.800000e+00
2.903406855519974e-06	1.800000e+00
2.908289668019974e-06	1.800000e+00
2.913172480519974e-06	1.800000e+00
2.918055293019973e-06	1.800000e+00
2.922938105519973e-06	1.800000e+00
2.927820918019973e-06	1.800000e+00
2.932703730519973e-06	1.800000e+00
2.937586543019973e-06	1.800000e+00
2.942469355519972e-06	1.800000e+00
2.945117187500001e-06	1.800000e+00
2.950000000000001e-06	1.800000e+00
2.950013937150322e-06	1.800000e+00
2.950041811450965e-06	1.800000e+00
2.950048578318750e-06	1.800000e+00
2.950057128952855e-06	1.800000e+00
2.950067457262582e-06	1.800000e+00
2.950086925633736e-06	1.800000e+00
2.950110568175823e-06	1.800000e+00
2.950156566737829e-06	1.800000e+00
2.950240468667837e-06	1.800000e+00
2.950408272527855e-06	1.800000e+00
2.950562521247480e-06	1.800000e+00
2.950763224490540e-06	1.800000e+00
2.951005133626649e-06	1.800000e+00
2.951291469902009e-06	1.800000e+00
2.951621884847706e-06	1.800000e+00
2.952121125390015e-06	1.800000e+00
2.952875683972791e-06	1.800000e+00
2.953583388252764e-06	1.800000e+00
2.954455075515201e-06	1.800000e+00
2.955338742372090e-06	1.800000e+00
2.956527679594433e-06	1.800000e+00
2.957559011012714e-06	1.800000e+00
2.958801760971852e-06	1.800000e+00
2.959337228445307e-06	1.800000e+00
2.959775403858875e-06	1.800000e+00
2.960358294214405e-06	1.800000e+00
2.960689105333120e-06	1.800000e+00
2.961073067350317e-06	1.800000e+00
2.961476316020633e-06	1.800000e+00
2.962045238891373e-06	1.800000e+00
2.962716503783997e-06	1.800000e+00
2.963483280853166e-06	1.800000e+00
2.964441567730005e-06	1.800000e+00
2.965675391405616e-06	1.800000e+00
2.967402892270322e-06	1.800000e+00
2.969559676341734e-06	1.800000e+00
2.972081097429100e-06	1.800000e+00
2.975450303023465e-06	1.800000e+00
2.980333115523465e-06	1.800000e+00
2.985215928023465e-06	1.800000e+00
2.994981553023465e-06	1.800000e+00
3.047384980946924e-06	1.800000e+00
3.050000000100000e-06	1.800000e+00
3.054882812600000e-06	1.800000e+00
3.055117187600001e-06	1.800000e+00
3.055585937600002e-06	1.800000e+00
3.056523437600005e-06	1.800000e+00
3.058125000099995e-06	1.800000e+00
3.060000000100001e-06	1.800000e+00
3.060005083101129e-06	1.800000e+00
3.060015249103385e-06	1.800000e+00
3.060017734603262e-06	1.800000e+00
3.060020759231019e-06	1.800000e+00
3.060026808486535e-06	1.800000e+00
3.060032592068532e-06	1.800000e+00
3.060044159232526e-06	1.800000e+00
3.060065780163607e-06	1.800000e+00
3.060090006641348e-06	1.800000e+00
3.060138459596831e-06	1.800000e+00
3.060229428515441e-06	1.800000e+00
3.060411366352661e-06	1.800000e+00
3.060674249183595e-06	1.800000e+00
3.061200014845463e-06	1.800000e+00
3.061713317503713e-06	1.800000e+00
3.062612513150316e-06	1.800000e+00
3.063894234584482e-06	1.800000e+00
3.065307423742193e-06	1.800000e+00
3.067415091960544e-06	1.800000e+00
3.070619283182218e-06	1.800000e+00
3.075419861443397e-06	1.800000e+00
3.080302673943397e-06	1.800000e+00
3.094951111443396e-06	1.800000e+00
3.187724548943392e-06	1.800000e+00
3.195117187500001e-06	1.800000e+00
3.200000000000001e-06	1.798063e+00
3.200009536743165e-06	1.798918e+00
3.200028610229493e-06	1.802101e+00
3.200033381492238e-06	1.800784e+00
3.200038980790744e-06	1.799199e+00
3.200044518646379e-06	1.799815e+00
3.200050719196516e-06	1.799968e+00
3.200059277261056e-06	1.799937e+00
3.200069466953187e-06	1.800019e+00
3.200084303479841e-06	1.799981e+00
3.200105137373678e-06	1.799760e+00
3.200108995681527e-06	1.799906e+00
3.200109960258489e-06	1.799969e+00
3.200111889412413e-06	1.799999e+00
3.200115747720262e-06	1.800005e+00
3.200116712297224e-06	1.800004e+00
3.200118641451149e-06	1.800006e+00
3.200122499758997e-06	1.800006e+00
3.200125393489884e-06	1.800006e+00
3.200129251797733e-06	1.800007e+00
3.200136968413430e-06	1.800007e+00
3.200152401644825e-06	1.800007e+00
3.200183268107615e-06	1.800006e+00
3.200245001033195e-06	1.800006e+00
3.200348698918604e-06	1.800004e+00
3.200461864968558e-06	1.800004e+00
3.200596204210315e-06	1.800003e+00
3.200763605813412e-06	1.800003e+00
3.201027606148444e-06	1.800002e+00
3.201457612230176e-06	1.800002e+00
3.202317624393639e-06	1.800001e+00
3.204037648720567e-06	1.800000e+00
3.205661135746492e-06	1.800000e+00
3.207857067648522e-06	1.800000e+00
3.209622803153679e-06	1.800000e+00
3.211782414657940e-06	1.800000e+00
3.214029929848385e-06	1.800000e+00
3.218059828212506e-06	1.800000e+00
3.222942640712506e-06	1.800000e+00
3.223552992275006e-06	1.800000e+00
3.224773695400006e-06	1.800001e+00
3.224927534084550e-06	1.800001e+00
3.225235211453639e-06	1.800003e+00
3.225455456996573e-06	1.800006e+00
3.225637302571716e-06	1.800017e+00
3.225787925964068e-06	1.800055e+00
3.225919925038517e-06	1.799808e+00
3.226018939376388e-06	1.792292e+00
3.226111312871669e-06	1.753893e+00
3.226171093965829e-06	1.692066e+00
3.226232353611662e-06	1.607997e+00
3.226286874578458e-06	1.524631e+00
3.226309163866089e-06	1.456933e+00
3.226329178345904e-06	1.323924e+00
3.226349089788157e-06	1.075666e+00
3.226364809565778e-06	7.516709e-01
3.226382005429855e-06	3.045929e-01
3.226390882599401e-06	1.132326e-01
3.226398783287002e-06	3.001190e-02
3.226407657778692e-06	5.941365e-03
3.226418056151503e-06	1.931354e-03
3.226427547780201e-06	1.271641e-03
3.226446531037599e-06	7.547920e-04
3.226483446334465e-06	4.107803e-04
3.226516688053518e-06	3.012706e-04
3.226559804411599e-06	2.350896e-04
3.226631244433268e-06	1.769854e-04
3.226725040419550e-06	1.239482e-04
3.226805776803579e-06	6.621288e-05
3.226879477468525e-06	1.057991e-05
3.226958791463480e-06	-1.191282e-05
3.227023642669351e-06	-1.139837e-05
3.227099865804325e-06	-1.029990e-05
3.227252312074274e-06	6.153690e-06
3.227267957701808e-06	2.480391e-06
3.227299248956877e-06	-7.827846e-06
3.227361831467015e-06	-6.876352e-06
3.227372146665916e-06	-6.970627e-06
3.227374725465642e-06	-6.992350e-06
3.227381172464955e-06	-6.882162e-06
3.227387987864229e-06	-6.809927e-06
3.227394803263504e-06	-6.738540e-06
3.227401618662778e-06	-6.667999e-06
3.227408434062052e-06	-6.598305e-06
3.227415249461326e-06	-6.529458e-06
3.227422064860601e-06	-6.461458e-06
3.227428880259875e-06	-6.394304e-06
3.227470141055481e-06	-6.004896e-06
3.227552662646694e-06	-5.305219e-06
3.227717705829119e-06	-4.163368e-06
3.227986048021570e-06	-2.810716e-06
3.228270325772307e-06	-1.885337e-06
3.228676977233996e-06	-1.120375e-06
3.229267450549977e-06	-5.236513e-07
3.230001944354460e-06	-1.800633e-07
3.230970712802282e-06	-9.238913e-09
3.232285130233616e-06	4.876842e-08
3.234271220680957e-06	3.402674e-08
3.236854119304349e-06	4.843155e-11
3.240334936243634e-06	-1.438556e-08
3.244228119290219e-06	-1.413030e-08
3.249110931790219e-06	-1.200146e-08
3.253993744290219e-06	-8.932021e-09
3.258876556790219e-06	-6.144545e-09
3.263759369290218e-06	-4.013875e-09
3.268642181790218e-06	-2.452212e-09
3.273524994290218e-06	-1.361897e-09
3.278407806790218e-06	-5.981631e-10
3.283290619290218e-06	-7.983277e-11
3.288173431790217e-06	2.766795e-10
3.293056244290217e-06	5.358703e-10
3.295117187600001e-06	5.819266e-10
3.297399965241299e-06	6.801527e-10
3.300000000100000e-06	-4.277026e-05
3.300007452664320e-06	-1.530045e-05
3.300022357792960e-06	5.495260e-05
3.300025975045284e-06	2.167616e-05
3.300030508166020e-06	-1.749494e-05
3.300039574407492e-06	-2.647099e-06
3.300053103289863e-06	-1.177108e-06
3.300080161054604e-06	-1.522031e-07
3.300117478782186e-06	-5.166943e-08
3.300153643061224e-06	2.243808e-08
3.300195736826612e-06	-1.785209e-08
3.300244294957323e-06	2.259164e-08
3.300308862007808e-06	-1.147506e-08
3.300390757439107e-06	1.359980e-08
3.300509831735614e-06	-1.047309e-08
3.300727606241404e-06	2.883158e-09
3.300978846931531e-06	1.978607e-09
3.301207188693907e-06	4.081674e-09
3.301511608433269e-06	-1.604669e-09
3.301941586206231e-06	3.872609e-09
3.302745597674500e-06	5.542304e-10
3.303676510960296e-06	2.270204e-09
3.305376371756869e-06	4.627868e-10
3.308016578508471e-06	9.038907e-10
3.310405211338403e-06	8.707685e-10
3.313132683491972e-06	1.149976e-09
3.316351666961903e-06	9.538120e-10
3.319791668027816e-06	1.225642e-09
3.324674480527815e-06	1.003500e-09
3.329557293027815e-06	1.002320e-09
3.339322918027815e-06	1.002334e-09
3.344205730527815e-06	3.265687e-09
3.346940101444374e-06	4.444078e-10
3.350000000000001e-06	-7.104065e-07
3.350001192092896e-06	-5.608770e-07
3.350003576278687e-06	-7.169555e-08
3.350004172940879e-06	-1.988418e-08
3.350004890815516e-06	-1.195918e-08
3.350006326564789e-06	-4.336128e-09
3.350008223430201e-06	-7.291907e-10
3.350012017161025e-06	5.402518e-10
3.350018328203667e-06	7.289997e-10
3.350025345334160e-06	8.009640e-10
3.350035491020340e-06	9.390396e-10
3.350050172500218e-06	1.040529e-09
3.350072002215409e-06	1.067944e-09
3.350096634728352e-06	1.046906e-09
3.350134907009948e-06	1.023914e-09
3.350187786931497e-06	1.013287e-09
3.350274754144290e-06	1.008577e-09
3.350388454635481e-06	1.006645e-09
3.350551584157343e-06	1.005849e-09
3.350746027358339e-06	1.005348e-09
3.351000530975509e-06	1.004907e-09
3.351317446420806e-06	1.004654e-09
3.351782270285875e-06	1.004766e-09
3.352363087242649e-06	1.004966e-09
3.352904676812195e-06	1.005099e-09
3.353468301615936e-06	1.005232e-09
3.354026047553395e-06	1.005290e-09
3.354488029424399e-06	1.005260e-09
3.354976683790455e-06	1.005158e-09
3.355498250066140e-06	1.005069e-09
3.356039000392682e-06	1.005055e-09
3.356633390065716e-06	1.005090e-09
3.357345499501946e-06	1.005153e-09
3.358092729410064e-06	1.005177e-09
3.358956175449343e-06	1.005152e-09
3.359766407794721e-06	1.005120e-09
3.360798231508798e-06	1.005123e-09
3.361904240018664e-06	1.005144e-09
3.363053553254148e-06	1.005149e-09
3.364524531249115e-06	1.005134e-09
3.365923720621441e-06	1.005135e-09
3.367952835541741e-06	1.005141e-09
3.369834178163337e-06	1.005140e-09
3.372620822244876e-06	1.005137e-09
3.375485220199784e-06	1.005139e-09
3.379108224195910e-06	1.005137e-09
3.383991036695909e-06	1.005138e-09
3.388873849195909e-06	1.005138e-09
3.393756661695909e-06	1.005138e-09
3.398639474195909e-06	1.005138e-09
3.403522286695909e-06	1.005138e-09
3.408405099195908e-06	1.005138e-09
3.413287911695908e-06	1.005138e-09
3.418170724195908e-06	1.005138e-09
3.423053536695908e-06	1.005138e-09
3.427936349195908e-06	1.005138e-09
3.432819161695907e-06	1.005138e-09
3.437701974195907e-06	1.005138e-09
3.442584786695907e-06	1.005137e-09
3.445117187500001e-06	1.005137e-09
3.450000000000001e-06	9.956485e-10
3.450014652386511e-06	9.881318e-10
3.450043957159531e-06	9.606616e-10
3.450051036537951e-06	9.613913e-10
3.450060042868668e-06	9.757181e-10
3.450075178389426e-06	1.003422e-09
3.450089719292449e-06	1.016809e-09
3.450118801098496e-06	1.020037e-09
3.450167605666995e-06	1.015310e-09
3.450215783887610e-06	1.011319e-09
3.450283689358961e-06	1.008579e-09
3.450360492582850e-06	1.007059e-09
3.450468484731457e-06	1.006108e-09
3.450594462581524e-06	1.005608e-09
3.450770012416258e-06	1.005295e-09
3.450982948249083e-06	1.005086e-09
3.451288839190578e-06	1.004943e-09
3.451685234485894e-06	1.004922e-09
3.452241251065204e-06	1.005008e-09
3.452798735300219e-06	1.005081e-09
3.453405552631805e-06	1.005128e-09
3.454041232455207e-06	1.005154e-09
3.454926083743511e-06	1.005156e-09
3.455991499044678e-06	1.005140e-09
3.457011681708380e-06	1.005132e-09
3.458163861457388e-06	1.005138e-09
3.459249408290608e-06	1.005142e-09
3.460473582234215e-06	1.005140e-09
3.462137582013635e-06	1.005138e-09
3.463757347004786e-06	1.005138e-09
3.465308015205632e-06	1.005138e-09
3.467554027917519e-06	1.005138e-09
3.472046053341293e-06	1.005138e-09
3.476350498759432e-06	1.005138e-09
3.481233311259432e-06	1.005138e-09
3.486116123759432e-06	1.005138e-09
3.490998936259432e-06	1.005138e-09
3.495881748759432e-06	1.005138e-09
3.505647373759431e-06	1.005138e-09
3.547561070643425e-06	1.005138e-09
3.550000000100000e-06	1.005138e-09
3.554877859013151e-06	1.005141e-09
3.555117187600001e-06	1.005140e-09
3.555595844773699e-06	1.005137e-09
3.556553159121097e-06	1.005137e-09
3.558085371405206e-06	1.005139e-09
3.560000000100001e-06	8.989123e-10
3.560004929784841e-06	8.893101e-10
3.560014789154521e-06	9.941538e-10
3.560017216806857e-06	1.070510e-09
3.560020098763295e-06	1.127839e-09
3.560024367831881e-06	1.117159e-09
3.560028840678955e-06	1.089715e-09
3.560036756784198e-06	1.054235e-09
3.560048139467729e-06	1.025726e-09
3.560068636568380e-06	1.009243e-09
3.560109630769681e-06	1.004914e-09
3.560176368395944e-06	1.005434e-09
3.560309843648471e-06	1.005387e-09
3.560576794153524e-06	1.005203e-09
3.560952004065035e-06	1.005151e-09
3.561482769952022e-06	1.005133e-09
3.562423398026090e-06	1.005132e-09
3.563567645542522e-06	1.005133e-09
3.564830633513132e-06	1.005136e-09
3.566924919399885e-06	1.005137e-09
3.569385847222757e-06	1.005138e-09
3.574268659722757e-06	1.005138e-09
3.579151472222757e-06	1.005138e-09
3.584034284722757e-06	1.005138e-09
3.588917097222757e-06	1.005138e-09
3.593799909722756e-06	1.005138e-09
3.603565534722756e-06	1.005138e-09
3.608448347222756e-06	1.005138e-09
3.613331159722756e-06	1.005138e-09
3.618213972222755e-06	1.005138e-09
3.629200145833791e-06	1.005138e-09
3.640186319444826e-06	1.005138e-09
3.651172493055861e-06	1.005138e-09
3.662158666666896e-06	1.005138e-09
3.673144840277931e-06	1.005138e-09
3.684131013888966e-06	1.005138e-09
3.695117187500001e-06	1.005138e-09
3.700000000000001e-06	2.532566e-05
3.700014250057618e-06	2.052717e-05
3.700042750172851e-06	5.474651e-06
3.700049646238124e-06	1.468696e-06
3.700058374761552e-06	-3.897216e-06
3.700075078106290e-06	-4.691869e-06
3.700099742168955e-06	-9.225102e-07
3.700149070294285e-06	-1.432079e-06
3.700247726544944e-06	-6.395958e-07
3.700445039046263e-06	-6.734822e-07
3.700714277914812e-06	-3.667903e-07
3.701078518337415e-06	9.463134e-06
3.701150147946551e-06	2.257960e-06
3.701168055348835e-06	-6.315329e-08
3.701203870153403e-06	-1.302160e-07
3.701212823854545e-06	-1.228697e-07
3.701230731256829e-06	-1.006224e-07
3.701244161808542e-06	-8.486347e-08
3.701262069210826e-06	-6.744814e-08
3.701297884015394e-06	-4.648310e-08
3.701369513624530e-06	-2.588375e-08
3.701512772842803e-06	-2.187722e-09
3.701799291279347e-06	2.638842e-08
3.702372328152437e-06	4.949109e-08
3.703273271782394e-06	4.700113e-08
3.704789894834463e-06	1.567975e-08
3.706344371388897e-06	-1.008883e-08
3.708553733673388e-06	-2.273650e-08
3.710858309336600e-06	-1.890614e-08
3.712709988429615e-06	-1.145061e-08
3.714771423501824e-06	-4.839184e-09
3.717083223734876e-06	-1.248798e-09
3.720688490005069e-06	5.136283e-10
3.725571302505069e-06	9.404275e-10
3.726181654067569e-06	-4.473058e-08
3.727402357192569e-06	-1.140694e-06
3.727560992713932e-06	-3.542233e-06
3.727878263756657e-06	-1.988986e-05
3.728032436468681e-06	-4.665393e-05
3.728148337846474e-06	-9.608202e-05
3.728324863452801e-06	-2.205456e-04
3.728443660193095e-06	1.120517e-03
3.728562982293593e-06	7.281983e-03
3.728578378506504e-06	1.270817e-02
3.728609170932327e-06	4.188132e-02
3.728633138626470e-06	8.301628e-02
3.728639130550006e-06	1.012934e-01
3.728651114397078e-06	1.667935e-01
3.728669579982706e-06	3.347163e-01
3.728688854855956e-06	5.840816e-01
3.728706260206610e-06	8.520110e-01
3.728708573830636e-06	8.913916e-01
3.728713201078687e-06	9.799135e-01
3.728720579803795e-06	1.144873e+00
3.728726303751577e-06	1.306081e+00
3.728731807816900e-06	1.495177e+00
3.728736604152576e-06	1.663732e+00
3.728739188729991e-06	1.729040e+00
3.728742952333050e-06	1.774401e+00
3.728746185682828e-06	1.789095e+00
3.728749833773672e-06	1.794533e+00
3.728754131794701e-06	1.797474e+00
3.728760373654905e-06	1.798980e+00
3.728767710883834e-06	1.799385e+00
3.728777265995055e-06	1.799634e+00
3.728789777801905e-06	1.799930e+00
3.728809756657413e-06	1.800141e+00
3.728834981528645e-06	1.800185e+00
3.728878879374376e-06	1.800182e+00
3.728965290630713e-06	1.800168e+00
3.729132716914526e-06	1.800141e+00
3.729467569482153e-06	1.800103e+00
3.729798893403651e-06	1.800087e+00
3.729828439159420e-06	1.800083e+00
3.729887530670958e-06	1.800073e+00
3.729902303548843e-06	1.800072e+00
3.729931849304612e-06	1.800071e+00
3.729941082353290e-06	1.800071e+00
3.729944775572761e-06	1.800071e+00
3.729954008621439e-06	1.800070e+00
3.729965088279852e-06	1.800070e+00
3.729966934889587e-06	1.800070e+00
3.729970628109058e-06	1.800070e+00
3.729978014548001e-06	1.800069e+00
3.729992787425885e-06	1.800068e+00
3.730022333181655e-06	1.800066e+00
3.730081424693193e-06	1.800063e+00
3.730199607716270e-06	1.800056e+00
3.730435973762423e-06	1.800045e+00
3.730908705854730e-06	1.800032e+00
3.731452625465667e-06	1.800022e+00
3.732481168302455e-06	1.800012e+00
3.734121134260067e-06	1.800005e+00
3.736204299683578e-06	1.800002e+00
3.738866863820508e-06	1.800000e+00
3.742596084162899e-06	1.800000e+00
3.743206435725399e-06	1.800000e+00
3.744427138850399e-06	1.800000e+00
3.746868545100399e-06	1.800000e+00
3.751181392991425e-06	1.800000e+00
3.755483719610366e-06	1.800000e+00
3.760366532110366e-06	1.800000e+00
3.765249344610366e-06	1.800000e+00
3.770132157110366e-06	1.800000e+00
3.775014969610365e-06	1.800000e+00
3.779897782110365e-06	1.800000e+00
3.784780594610365e-06	1.800000e+00
3.789663407110365e-06	1.800000e+00
3.794546219610365e-06	1.800000e+00
3.796259123579272e-06	1.800000e+00
3.797716128141457e-06	1.800000e+00
3.800000000100000e-06	1.799313e+00
3.800005736121018e-06	1.799540e+00
3.800017208163054e-06	1.800565e+00
3.800020027602303e-06	1.800443e+00
3.800023444856562e-06	1.800151e+00
3.800027878796480e-06	1.800161e+00
3.800032788355521e-06	1.800131e+00
3.800042607473604e-06	1.800102e+00
3.800056516396880e-06	1.800072e+00
3.800084334243432e-06	1.800037e+00
3.800111677961016e-06	1.800019e+00
3.800166365396183e-06	1.800007e+00
3.800275740266518e-06	1.800001e+00
3.800472632178074e-06	1.800000e+00
3.800660490947168e-06	1.800000e+00
3.800927135489875e-06	1.800000e+00
3.801246294073578e-06	1.800000e+00
3.801837744566269e-06	1.800000e+00
3.802663079025994e-06	1.800000e+00
3.803796718801821e-06	1.800000e+00
3.804903116179648e-06	1.800000e+00
3.806275070943869e-06	1.800000e+00
3.807577393361746e-06	1.800000e+00
3.808980256765122e-06	1.800000e+00
3.809770404499911e-06	1.800000e+00
3.810278532025889e-06	1.800000e+00
3.810767475059819e-06	1.800000e+00
3.811343126168392e-06	1.800000e+00
3.811685391472064e-06	1.800000e+00
3.812116541398979e-06	1.800000e+00
3.812565228039787e-06	1.800000e+00
3.813172495965593e-06	1.800000e+00
3.813901495197723e-06	1.800000e+00
3.814728581898427e-06	1.800000e+00
3.815777884684222e-06	1.800000e+00
3.817268079665296e-06	1.800000e+00
3.819744989303750e-06	1.800000e+00
3.823993007281899e-06	1.800000e+00
3.828633212563765e-06	1.800000e+00
3.833516025063765e-06	1.800000e+00
3.838398837563765e-06	1.800000e+00
3.843281650063765e-06	1.800000e+00
3.845117187500001e-06	1.800000e+00
3.847576524744944e-06	1.800000e+00
3.850000000000000e-06	1.799999e+00
3.850001183337528e-06	1.799999e+00
3.850003550012581e-06	1.800000e+00
3.850004141557252e-06	1.800000e+00
3.850004853115708e-06	1.800000e+00
3.850006276232621e-06	1.800000e+00
3.850007810399800e-06	1.800000e+00
3.850010878734159e-06	1.800000e+00
3.850017015402877e-06	1.800000e+00
3.850026204389815e-06	1.800000e+00
3.850036627659527e-06	1.800000e+00
3.850051128276631e-06	1.800000e+00
3.850072860761185e-06	1.800000e+00
3.850116325730294e-06	1.800000e+00
3.850203255668513e-06	1.800000e+00
3.850325896027735e-06	1.800000e+00
3.850451230953776e-06	1.800000e+00
3.850646041585992e-06	1.800000e+00
3.850864679629149e-06	1.800000e+00
3.851114174109992e-06	1.800000e+00
3.851327284202516e-06	1.800000e+00
3.851516088801880e-06	1.800000e+00
3.851749425862365e-06	1.800000e+00
3.851984927630229e-06	1.800000e+00
3.852178050984384e-06	1.800000e+00
3.852419442993490e-06	1.800000e+00
3.852688059982194e-06	1.800000e+00
3.853082682443865e-06	1.800000e+00
3.853439866148850e-06	1.800000e+00
3.853838087524516e-06	1.800000e+00
3.854323878856030e-06	1.800000e+00
3.854819101261810e-06	1.800000e+00
3.855393908315648e-06	1.800000e+00
3.856049403266250e-06	1.800000e+00
3.856700837494126e-06	1.800000e+00
3.857355597067687e-06	1.800000e+00
3.858094443113041e-06	1.800000e+00
3.858895749150171e-06	1.800000e+00
3.859804567360323e-06	1.800000e+00
3.860890392190429e-06	1.800000e+00
3.862018536483506e-06	1.800000e+00
3.863431780519785e-06	1.800000e+00
3.864935730031102e-06	1.800000e+00
3.866876672271919e-06	1.800000e+00
3.868995580742244e-06	1.800000e+00
3.872460718695329e-06	1.800000e+00
3.875748567340537e-06	1.800000e+00
3.880600224490584e-06	1.800000e+00
3.885483036990584e-06	1.800000e+00
3.890365849490584e-06	1.800000e+00
3.895248661990584e-06	1.800000e+00
3.900131474490583e-06	1.800000e+00
3.905014286990583e-06	1.800000e+00
3.909897099490583e-06	1.800000e+00
3.914779911990583e-06	1.800000e+00
3.919662724490583e-06	1.800000e+00
3.924545536990582e-06	1.800000e+00
3.929428349490582e-06	1.800000e+00
3.934311161990582e-06	1.800000e+00
3.939193974490582e-06	1.800000e+00
3.944076786990582e-06	1.800000e+00
3.945117187500000e-06	1.800000e+00
3.947197988518838e-06	1.800000e+00
3.950000000000000e-06	1.800000e+00
3.950007351763864e-06	1.800000e+00
3.950022055291591e-06	1.800000e+00
3.950025666890587e-06	1.800000e+00
3.950030155037353e-06	1.800000e+00
3.950037735920866e-06	1.800000e+00
3.950052897687892e-06	1.800000e+00
3.950074350946065e-06	1.800000e+00
3.950106370852646e-06	1.800000e+00
3.950161514865498e-06	1.800000e+00
3.950271802891202e-06	1.800000e+00
3.950434571883020e-06	1.800000e+00
3.950610407835639e-06	1.800000e+00
3.950804554902279e-06	1.800000e+00
3.951042147291117e-06	1.800000e+00
3.951340289930391e-06	1.800000e+00
3.951672884560743e-06	1.800000e+00
3.952176604690273e-06	1.800000e+00
3.952993119329023e-06	1.800000e+00
3.953911389839533e-06	1.800000e+00
3.955006996816811e-06	1.800000e+00
3.956386971596444e-06	1.800000e+00
3.957334007700537e-06	1.800000e+00
3.958255021258015e-06	1.800000e+00
3.959365139229635e-06	1.800000e+00
3.959892596589780e-06	1.800000e+00
3.960288176128368e-06	1.800000e+00
3.960718789950104e-06	1.800000e+00
3.961182459657381e-06	1.800000e+00
3.961489289414049e-06	1.800000e+00
3.961879428077475e-06	1.800000e+00
3.962308113360227e-06	1.800000e+00
3.962844364041754e-06	1.800000e+00
3.963478880649810e-06	1.800000e+00
3.964242477563411e-06	1.800000e+00
3.965201634544139e-06	1.800000e+00
3.966454279449791e-06	1.800000e+00
3.968188172512850e-06	1.800000e+00
3.970220581392872e-06	1.800000e+00
3.972758592557814e-06	1.800000e+00
3.975895663569435e-06	1.800000e+00
3.980778476069435e-06	1.800000e+00
3.985661288569435e-06	1.800000e+00
3.990544101069435e-06	1.800000e+00
3.995426913569434e-06	1.800000e+00
4.000309726069434e-06	1.800000e+00
4.046841485661136e-06	1.800000e+00
4.050000000100000e-06	1.800000e+00
4.054882812600000e-06	1.800000e+00
4.055117187600000e-06	1.800000e+00
4.055585937600001e-06	1.800000e+00
4.056523437600002e-06	1.800000e+00
4.058125000099998e-06	1.800000e+00
4.060000000100000e-06	1.800000e+00
4.060005135341961e-06	1.800000e+00
4.060015405825881e-06	1.800000e+00
4.060017913351479e-06	1.800000e+00
4.060020980343177e-06	1.800000e+00
4.060027114326572e-06	1.800000e+00
4.060033416912806e-06	1.800000e+00
4.060046022085275e-06	1.800000e+00
4.060071100069389e-06	1.800000e+00
4.060097703153326e-06	1.800000e+00
4.060150909321199e-06	1.800000e+00
4.060256238764380e-06	1.800000e+00
4.060458050054433e-06	1.800000e+00
4.060758354832463e-06	1.800000e+00
4.061271258963462e-06	1.800000e+00
4.061813355683302e-06	1.800000e+00
4.062792810621646e-06	1.800000e+00
4.064163115666563e-06	1.800000e+00
4.065606721427479e-06	1.800000e+00
4.067849292611188e-06	1.800000e+00
4.071188345343516e-06	1.800000e+00
4.076071157843515e-06	1.800000e+00
4.088626961414944e-06	1.800000e+00
4.101182764986371e-06	1.800000e+00
4.113738568557799e-06	1.800000e+00
4.126294372129228e-06	1.800000e+00
4.138850175700656e-06	1.800000e+00
4.151405979272083e-06	1.800000e+00
4.163961782843512e-06	1.800000e+00
4.188375845343511e-06	1.800000e+00
4.193258657843511e-06	1.800000e+00
4.195117187500001e-06	1.800000e+00
4.196282940687020e-06	1.800000e+00
4.197668493625961e-06	1.800000e+00
4.200000000000000e-06	1.796656e+00
4.200005868576033e-06	1.797818e+00
4.200017605728097e-06	1.804420e+00
4.200020492570833e-06	1.803282e+00
4.200024002123450e-06	1.799896e+00
4.200027911035980e-06	1.799526e+00
4.200032244203728e-06	1.799885e+00
4.200037691016760e-06	1.799815e+00
4.200045942796102e-06	1.799948e+00
4.200058677544863e-06	1.799959e+00
4.200080734200966e-06	1.799999e+00
4.200109927081235e-06	1.800092e+00
4.200114751526850e-06	1.800039e+00
4.200115957638254e-06	1.800017e+00
4.200118369861061e-06	1.800006e+00
4.200118972916762e-06	1.800006e+00
4.200120179028166e-06	1.800007e+00
4.200122591250973e-06	1.800007e+00
4.200127415696587e-06	1.800007e+00
4.200137064587815e-06	1.800007e+00
4.200156362370271e-06	1.800007e+00
4.200194957935184e-06	1.800007e+00
4.200272149065010e-06	1.800006e+00
4.200373087412342e-06	1.800005e+00
4.200496882715177e-06	1.800005e+00
4.200634115636538e-06	1.800004e+00
4.200829858128984e-06	1.800004e+00
4.201114695173090e-06	1.800003e+00
4.201650505062532e-06	1.800002e+00
4.202722124841417e-06	1.800001e+00
4.204257897294544e-06	1.800000e+00
4.206161536258894e-06	1.800000e+00
4.208155897770791e-06	1.800000e+00
4.209687352212715e-06	1.800000e+00
4.211953777140371e-06	1.800000e+00
4.214031008687643e-06	1.800000e+00
4.216852574381233e-06	1.800000e+00
4.217129351575965e-06	1.800000e+00
4.217682905965427e-06	1.800000e+00
4.218790014744354e-06	1.800002e+00
4.219043751653414e-06	1.800004e+00
4.219469432366884e-06	1.800016e+00
4.219503620143218e-06	1.800021e+00
4.219571995695885e-06	1.800048e+00
4.219708746801220e-06	1.799518e+00
4.219815298779042e-06	1.788972e+00
4.219904315982353e-06	1.743583e+00
4.219967102106748e-06	1.673551e+00
4.220017349503378e-06	1.606586e+00
4.220071377342901e-06	1.524552e+00
4.220092276773310e-06	1.453043e+00
4.220114392931786e-06	1.289498e+00
4.220133496352455e-06	1.028773e+00
4.220149906427863e-06	6.730527e-01
4.220164956322359e-06	2.778112e-01
4.220173038773374e-06	1.076269e-01
4.220181017193021e-06	2.819249e-02
4.220189683832767e-06	5.680405e-03
4.220199385855475e-06	2.030639e-03
4.220209240399488e-06	1.306690e-03
4.220228949487515e-06	7.551847e-04
4.220265056166116e-06	4.132878e-04
4.220299710292083e-06	2.999473e-04
4.220341653332743e-06	2.354159e-04
4.220414912496224e-06	1.764346e-04
4.220511346655307e-06	1.214476e-04
4.220590714877700e-06	6.391262e-05
4.220665659283752e-06	8.448593e-06
4.220745195871919e-06	-1.215437e-05
4.220813111635144e-06	-1.119925e-05
4.220889562103892e-06	-1.021467e-05
4.221042463041387e-06	-8.375753e-06
4.221303141530612e-06	-5.823859e-06
4.221630331307546e-06	1.117353e-05
4.221649059094995e-06	6.983943e-06
4.221686514669894e-06	-3.228618e-06
4.221695878563619e-06	-3.145953e-06
4.221714606351068e-06	-2.947218e-06
4.221730993165086e-06	-2.868941e-06
4.221747379979104e-06	-2.804171e-06
4.221780153607140e-06	-2.675296e-06
4.221817609182038e-06	-2.538646e-06
4.221892520331835e-06	-2.292413e-06
4.222042342631428e-06	-1.885669e-06
4.222341987230615e-06	-1.267396e-06
4.222614694451525e-06	-8.822434e-07
4.223062769034485e-06	-5.043659e-07
4.223676143792888e-06	-2.350432e-07
4.224824618836302e-06	-3.339919e-08
4.226028736240623e-06	2.927499e-08
4.228143988612798e-06	2.900278e-08
4.230807988583756e-06	5.214584e-09
4.234409174690069e-06	-9.842259e-09
4.238421463678035e-06	-9.158144e-09
4.243304276178035e-06	-6.497296e-09
4.248187088678035e-06	-4.539451e-09
4.253069901178034e-06	-2.882186e-09
4.257952713678034e-06	-1.731867e-09
4.262835526178034e-06	-8.619205e-10
4.267718338678034e-06	-2.814086e-10
4.272601151178034e-06	1.393002e-10
4.277483963678033e-06	4.152183e-10
4.282366776178033e-06	6.108034e-10
4.287249588678033e-06	7.381236e-10
4.292132401178033e-06	8.302650e-10
4.295117187600000e-06	8.678300e-10
4.300000000100000e-06	-2.940466e-05
4.300009536843164e-06	-8.637897e-06
4.300028610329492e-06	2.842632e-05
4.300033397630407e-06	1.280322e-06
4.300039114855582e-06	-1.994355e-05
4.300050549305930e-06	-9.634429e-07
4.300067203668377e-06	-1.147402e-06
4.300100512393270e-06	-4.571768e-08
4.300134709286390e-06	-1.661169e-07
4.300181259459722e-06	1.160143e-08
4.300227066802034e-06	-9.823466e-08
4.300294743563967e-06	2.629784e-08
4.300371207719352e-06	-5.849216e-08
4.300499269640534e-06	3.127315e-08
4.300701181522598e-06	-6.339596e-09
4.300935566035188e-06	4.688764e-09
4.301189958186799e-06	-7.132858e-09
4.301512122394059e-06	1.190817e-08
4.302024545244328e-06	-4.014409e-09
4.302732061045959e-06	4.690771e-09
4.303717772002244e-06	-2.322915e-09
4.305257505631428e-06	2.909520e-09
4.307528094412768e-06	8.064635e-10
4.309918495962788e-06	1.532946e-09
4.312690932442693e-06	4.230816e-10
4.316073018838599e-06	1.089842e-09
4.319557019787293e-06	2.718562e-10
4.324439832287293e-06	1.011074e-09
4.329322644787292e-06	1.009028e-09
4.339088269787292e-06	1.009028e-09
4.343971082287292e-06	-4.924608e-09
4.347409397925419e-06	1.458677e-09
4.350000000000001e-06	2.506434e-06
4.350001192092897e-06	1.979691e-06
4.350003576278688e-06	2.560329e-07
4.350004173227968e-06	7.342059e-08
4.350004890949900e-06	4.549948e-08
4.350006326393762e-06	1.869968e-08
4.350008306538024e-06	5.619073e-09
4.350012266826547e-06	1.150106e-09
4.350018807605795e-06	7.532356e-10
4.350026202961841e-06	8.917956e-10
4.350036896909109e-06	9.593308e-10
4.350052747394926e-06	1.029951e-09
4.350076237761535e-06	1.040811e-09
4.350103573460974e-06	1.030287e-09
4.350146178029785e-06	1.016116e-09
4.350206348571560e-06	1.010587e-09
4.350303577081975e-06	1.007198e-09
4.350429597902126e-06	1.006175e-09
4.350607222140528e-06	1.005463e-09
4.350824603295836e-06	1.005164e-09
4.351129205206963e-06	1.004785e-09
4.351626654527135e-06	1.004810e-09
4.352082643765718e-06	1.004954e-09
4.352468617913459e-06	1.005048e-09
4.352939736775820e-06	1.005157e-09
4.353398789361225e-06	1.005236e-09
4.353761853793077e-06	1.005288e-09
4.354128320160225e-06	1.005275e-09
4.354566386538107e-06	1.005166e-09
4.355060237388942e-06	1.005112e-09
4.355684490902597e-06	1.005076e-09
4.356243467449727e-06	1.005101e-09
4.356852821407644e-06	1.005137e-09
4.357507074515089e-06	1.005170e-09
4.358146724061139e-06	1.005156e-09
4.358938097678221e-06	1.005131e-09
4.359660984132088e-06	1.005114e-09
4.360493416110160e-06	1.005135e-09
4.361487048616310e-06	1.005140e-09
4.362626415523855e-06	1.005147e-09
4.363896159619809e-06	1.005134e-09
4.365183914704391e-06	1.005143e-09
4.367242838032102e-06	1.005140e-09
4.369193258542745e-06	1.005144e-09
4.372318587760714e-06	1.005137e-09
4.375720069878935e-06	1.005141e-09
4.380602882378935e-06	1.005138e-09
4.385485694878935e-06	1.005138e-09
4.390368507378934e-06	1.005138e-09
4.395251319878934e-06	1.005138e-09
4.400134132378934e-06	1.005138e-09
4.405016944878934e-06	1.005138e-09
4.409899757378934e-06	1.005138e-09
4.414782569878933e-06	1.005138e-09
4.419665382378933e-06	1.005138e-09
4.424548194878933e-06	1.005138e-09
4.429431007378933e-06	1.005138e-09
4.434313819878933e-06	1.005138e-09
4.439196632378932e-06	1.005138e-09
4.444079444878932e-06	1.005116e-09
4.445117187500001e-06	1.005124e-09
4.447192672742138e-06	1.005141e-09
4.450000000000001e-06	1.006546e-09
4.450008497440130e-06	9.990054e-10
4.450025492320388e-06	9.705591e-10
4.450029591396395e-06	9.653822e-10
4.450034817625235e-06	9.641298e-10
4.450044542185287e-06	9.730207e-10
4.450060018002215e-06	9.921121e-10
4.450083498771624e-06	1.010648e-09
4.450108228759682e-06	1.016370e-09
4.450140359785201e-06	1.014941e-09
4.450180046717590e-06	1.011987e-09
4.450237607844474e-06	1.009208e-09
4.450308794139210e-06	1.007426e-09
4.450406841538329e-06	1.006290e-09
4.450527653869458e-06	1.005682e-09
4.450693929638971e-06	1.005338e-09
4.450908224514723e-06	1.005130e-09
4.451226144583811e-06	1.004994e-09
4.451718590294212e-06	1.004968e-09
4.452292939613665e-06	1.005035e-09
4.452909368293246e-06	1.005096e-09
4.453593105186822e-06	1.005134e-09
4.454576019734701e-06	1.005156e-09
4.455654409071850e-06	1.005149e-09
4.456691528574763e-06	1.005136e-09
4.457771692070406e-06	1.005135e-09
4.458915633539496e-06	1.005139e-09
4.460493660561482e-06	1.005139e-09
4.462129979866305e-06	1.005138e-09
4.463800581687521e-06	1.005138e-09
4.465640236456407e-06	1.005138e-09
4.469097837709380e-06	1.005138e-09
4.473980650209380e-06	1.005138e-09
4.478863462709379e-06	1.005138e-09
4.545117187600001e-06	1.005138e-09
4.550000000100000e-06	1.005138e-09
4.554882812600000e-06	1.005143e-09
4.555117187600000e-06	1.005141e-09
4.555585937600001e-06	1.005137e-09
4.556523437600002e-06	1.005137e-09
4.558125000099998e-06	1.005138e-09
4.560000000100000e-06	8.940626e-10
4.560004922232512e-06	8.853424e-10
4.560014766497537e-06	1.001573e-09
4.560017183977449e-06	1.081987e-09
4.560020081427319e-06	1.140124e-09
4.560024743668361e-06	1.123167e-09
4.560029562459828e-06	1.090438e-09
4.560038552371270e-06	1.049806e-09
4.560052481742987e-06	1.018825e-09
4.560073895490472e-06	1.006229e-09
4.560116722985441e-06	1.004558e-09
4.560191635404608e-06	1.005294e-09
4.560341460242943e-06	1.005253e-09
4.560641109919613e-06	1.005170e-09
4.561035904285548e-06	1.005144e-09
4.561668975830680e-06	1.005134e-09
4.562824376310389e-06	1.005133e-09
4.563911944357541e-06	1.005134e-09
4.565521832032348e-06	1.005136e-09
4.567087485861158e-06	1.005137e-09
4.569770691785217e-06	1.005138e-09
4.572828442563271e-06	1.005138e-09
4.577711255063271e-06	1.005138e-09
4.582594067563271e-06	1.005138e-09
4.587476880063271e-06	1.005138e-09
4.592359692563270e-06	1.005138e-09
4.602125317563270e-06	1.005138e-09
4.607008130063270e-06	1.005138e-09
4.611890942563270e-06	1.005138e-09
4.623051656848983e-06	1.005138e-09
4.634212371134697e-06	1.005138e-09
4.645373085420411e-06	1.005138e-09
4.656533799706124e-06	1.005138e-09
4.667694513991838e-06	1.005138e-09
4.678855228277552e-06	1.005138e-09
4.690015942563266e-06	1.005138e-09
4.694898755063266e-06	1.005139e-09
4.695117187500001e-06	1.005138e-09
4.695554052373471e-06	1.005138e-09
4.696427782120410e-06	1.005138e-09
4.698175241614288e-06	1.005138e-09
4.700000000000001e-06	4.992350e-05
4.700005417873201e-06	3.626752e-05
4.700016253619601e-06	2.734076e-06
4.700018870833562e-06	2.036156e-05
4.700022191641900e-06	3.292380e-05
4.700028833258576e-06	6.559236e-06
4.700039631304156e-06	-5.428187e-07
4.700055918259634e-06	-2.847740e-06
4.700073880885994e-06	-1.901808e-06
4.700104370208033e-06	-1.285433e-06
4.700154272371202e-06	-6.571525e-07
4.700254076697541e-06	-6.524331e-07
4.700453685350217e-06	-4.552327e-07
4.700720828294827e-06	-2.906923e-07
4.701082046139387e-06	-1.216361e-07
4.701641763064568e-06	2.594834e-06
4.701781692295864e-06	2.181707e-06
4.702061550758454e-06	2.612958e-08
4.702149006528014e-06	4.277874e-08
4.702271444605396e-06	6.112152e-08
4.702376391528868e-06	6.723055e-08
4.702516320760163e-06	6.897623e-08
4.702796179222753e-06	6.610281e-08
4.703355896147935e-06	5.361203e-08
4.704475329998297e-06	2.593445e-08
4.706237423811678e-06	-6.276970e-09
4.708222924621272e-06	-2.130744e-08
4.710751594844339e-06	-1.968680e-08
4.713002251870138e-06	-1.217109e-08
4.716162721793985e-06	-3.802680e-09
4.719251855887821e-06	-4.868222e-10
4.724134668387821e-06	-1.211301e-09
4.728138345802339e-06	2.888489e-09
4.728706981514709e-06	1.037835e-08
4.728849140442801e-06	1.119649e-08
4.729346696691124e-06	4.748739e-09
4.729453315887194e-06	1.815329e-09
4.729595474815286e-06	-4.231449e-09
4.729879792671471e-06	-1.284815e-08
4.730448428383840e-06	-1.692813e-08
4.731585699808579e-06	-1.486182e-08
4.733860242658057e-06	-1.263669e-08
4.738409328357012e-06	-1.043137e-08
4.743292140857012e-06	-7.527576e-09
4.748174953357011e-06	-8.735901e-09
4.753057765857011e-06	-4.038445e-07
4.757940578357011e-06	-7.027441e-06
4.759770738731333e-06	-2.107304e-05
4.761221445821692e-06	3.476709e-04
4.762036890235507e-06	1.727063e-03
4.762154581471796e-06	3.702132e-03
4.762389963944375e-06	1.779305e-02
4.762623957867764e-06	4.742825e-02
4.762682456348611e-06	6.344751e-02
4.762799453310305e-06	1.152990e-01
4.762828702550728e-06	1.377173e-01
4.762887201031575e-06	2.065390e-01
4.762901825651787e-06	2.323473e-01
4.762931074892210e-06	3.082521e-01
4.762989573373057e-06	4.944806e-01
4.762997225638470e-06	5.230765e-01
4.763012530169297e-06	5.894386e-01
4.763027948209359e-06	6.654596e-01
4.763031802719374e-06	6.888137e-01
4.763039511739405e-06	7.505001e-01
4.763052084438338e-06	8.875524e-01
4.763060140721882e-06	1.005993e+00
4.763061553799298e-06	1.033300e+00
4.763064379954129e-06	1.101563e+00
4.763069418240568e-06	1.252691e+00
4.763074835601433e-06	1.450888e+00
4.763079942641530e-06	1.648715e+00
4.763082315535841e-06	1.718689e+00
4.763085507777276e-06	1.766790e+00
4.763088767731707e-06	1.786222e+00
4.763091988089120e-06	1.792812e+00
4.763095974717301e-06	1.796378e+00
4.763101726271346e-06	1.798614e+00
4.763108425168950e-06	1.799320e+00
4.763116372117820e-06	1.799516e+00
4.763127835859654e-06	1.799792e+00
4.763145163391427e-06	1.800071e+00
4.763168484852877e-06	1.800175e+00
4.763202075969867e-06	1.800179e+00
4.763262747203108e-06	1.800172e+00
4.763380823888846e-06	1.800152e+00
4.763616977260323e-06	1.800121e+00
4.763676015603192e-06	1.800114e+00
4.763794092288931e-06	1.800101e+00
4.763823611460365e-06	1.800098e+00
4.763897409388951e-06	1.800092e+00
4.763934308353245e-06	1.800089e+00
4.763948013682840e-06	1.800088e+00
4.763961719012434e-06	1.800087e+00
4.763975424342029e-06	1.800086e+00
4.763989129671624e-06	1.800085e+00
4.764002835001219e-06	1.800084e+00
4.764016540330813e-06	1.800083e+00
4.764030245660408e-06	1.800082e+00
4.764089284003277e-06	1.800078e+00
4.764207360689015e-06	1.800071e+00
4.764443514060492e-06	1.800060e+00
4.764843934693632e-06	1.800045e+00
4.765270653618998e-06	1.800033e+00
4.765919221409959e-06	1.800023e+00
4.767035668104704e-06	1.800012e+00
4.768802081243850e-06	1.800005e+00
4.770773404904122e-06	1.800002e+00
4.772685415147067e-06	1.800000e+00
4.774787940626153e-06	1.800000e+00
4.777340291919714e-06	1.800000e+00
4.781455400567105e-06	1.800000e+00
4.786338213067105e-06	1.800000e+00
4.791221025567105e-06	1.800000e+00
4.795117187600001e-06	1.800000e+00
4.800000000100000e-06	1.799844e+00
4.800012173374133e-06	1.800016e+00
4.800036519922400e-06	1.800431e+00
4.800042523950729e-06	1.800300e+00
4.800049637500854e-06	1.800155e+00
4.800059684236911e-06	1.800153e+00
4.800070223135240e-06	1.800104e+00
4.800087007325195e-06	1.800081e+00
4.800112251218674e-06	1.800041e+00
4.800147086916723e-06	1.800021e+00
4.800211534332194e-06	1.800005e+00
4.800303341801527e-06	1.800001e+00
4.800471044133107e-06	1.800020e+00
4.800495315302138e-06	1.800005e+00
4.800501383094396e-06	1.800001e+00
4.800513518678911e-06	1.800000e+00
4.800516552575040e-06	1.800000e+00
4.800522620367298e-06	1.800000e+00
4.800534755951814e-06	1.800000e+00
4.800559027120845e-06	1.800000e+00
4.800607569458907e-06	1.800000e+00
4.800704654135032e-06	1.800000e+00
4.800898823487282e-06	1.800000e+00
4.801287162191781e-06	1.800000e+00
4.801728773537742e-06	1.800000e+00
4.802398344374754e-06	1.800000e+00
4.803423819916704e-06	1.800000e+00
4.804573052841566e-06	1.800000e+00
4.806076751170968e-06	1.800000e+00
4.806864272005632e-06	1.800000e+00
4.807663784569326e-06	1.800000e+00
4.808328355944211e-06	1.800000e+00
4.808852360963075e-06	1.800000e+00
4.809446498094016e-06	1.800000e+00
4.810240355986495e-06	1.800000e+00
4.811204351490670e-06	1.800000e+00
4.812256943837222e-06	1.800000e+00
4.813621623706359e-06	1.800000e+00
4.815688725872391e-06	1.800000e+00
4.819813866589127e-06	1.800000e+00
4.824696679089127e-06	1.800000e+00
4.829579491589126e-06	1.800000e+00
4.839345116589126e-06	1.800000e+00
4.846895704321752e-06	1.800000e+00
4.850000000000001e-06	1.800000e+00
4.850001192092897e-06	1.800000e+00
4.850003576278688e-06	1.800000e+00
4.850004172651330e-06	1.800000e+00
4.850004889315176e-06	1.800000e+00
4.850006322642870e-06	1.800000e+00
4.850007930683456e-06	1.800000e+00
4.850011146764627e-06	1.800000e+00
4.850017578926971e-06	1.800000e+00
4.850029332576977e-06	1.800000e+00
4.850041962395852e-06	1.800000e+00
4.850062179077739e-06	1.800000e+00
4.850093612226977e-06	1.800000e+00
4.850156478525455e-06	1.800000e+00
4.850277224985070e-06	1.800000e+00
4.850390086351121e-06	1.800000e+00
4.850585773630257e-06	1.800000e+00
4.850804778914095e-06	1.800000e+00
4.851056742252047e-06	1.800000e+00
4.851306953152734e-06	1.800000e+00
4.851545446304768e-06	1.800000e+00
4.851881642076139e-06	1.800000e+00
4.852212093869786e-06	1.800000e+00
4.852642418069570e-06	1.800000e+00
4.853109614590334e-06	1.800000e+00
4.853548747205195e-06	1.800000e+00
4.854066855039610e-06	1.800000e+00
4.854611374424794e-06	1.800000e+00
4.855250486094987e-06	1.800000e+00
4.855955962667800e-06	1.800000e+00
4.856696099716291e-06	1.800000e+00
4.857439060645523e-06	1.800000e+00
4.858284786037310e-06	1.800000e+00
4.859212104696374e-06	1.800000e+00
4.860280226176805e-06	1.800000e+00
4.861516423616254e-06	1.800000e+00
4.862927067291023e-06	1.800000e+00
4.864787153789660e-06	1.800000e+00
4.866897713304877e-06	1.800000e+00
4.869351833225908e-06	1.800000e+00
4.873551896702895e-06	1.800000e+00
4.877718342948218e-06	1.800000e+00
4.882601155448218e-06	1.800000e+00
4.887483967948218e-06	1.800000e+00
4.892366780448218e-06	1.800000e+00
4.897249592948218e-06	1.800000e+00
4.902132405448217e-06	1.800000e+00
4.907015217948217e-06	1.800000e+00
4.911898030448217e-06	1.800000e+00
4.916780842948217e-06	1.800000e+00
4.921663655448217e-06	1.800000e+00
4.926546467948216e-06	1.800000e+00
4.931429280448216e-06	1.800000e+00
4.936312092948216e-06	1.800000e+00
4.941194905448216e-06	1.800000e+00
4.945117187500001e-06	1.800000e+00
4.950000000000001e-06	1.800000e+00
4.950014323028709e-06	1.800000e+00
4.950042969086125e-06	1.800000e+00
4.950049898097191e-06	1.800000e+00
4.950058698771977e-06	1.800000e+00
4.950068230912424e-06	1.800000e+00
4.950083785029275e-06	1.800000e+00
4.950104484441600e-06	1.800000e+00
4.950144704551351e-06	1.800000e+00
4.950221853516098e-06	1.800000e+00
4.950354470079535e-06	1.800000e+00
4.950495560533446e-06	1.800000e+00
4.950700440706594e-06	1.800000e+00
4.950925545865302e-06	1.800000e+00
4.951208981045863e-06	1.800000e+00
4.951551606248125e-06	1.800000e+00
4.952141177034874e-06	1.800000e+00
4.953061406754281e-06	1.800000e+00
4.954014609492931e-06	1.800000e+00
4.955240092300801e-06	1.800000e+00
4.956457958485056e-06	1.800000e+00
4.957066569855235e-06	1.800000e+00
4.957573432626663e-06	1.800000e+00
4.958199109394756e-06	1.800000e+00
4.958571585202272e-06	1.800000e+00
4.959067037331742e-06	1.800000e+00
4.959540896081233e-06	1.800000e+00
4.960188453385148e-06	1.800000e+00
4.960963424733582e-06	1.800000e+00
4.961851564371122e-06	1.800000e+00
4.962992762510690e-06	1.800000e+00
4.964470422559282e-06	1.800000e+00
4.967239438321257e-06	1.800000e+00
4.969910633318821e-06	1.800000e+00
4.973186316515094e-06	1.800000e+00
4.978069129015094e-06	1.800000e+00
4.982951941515094e-06	1.800000e+00
4.987834754015094e-06	1.800000e+00
4.992717566515093e-06	1.800000e+00
4.995200758030186e-06	1.800000e+00
4.997707873935753e-06	1.800000e+00
5.000000000000000e-06	1.800000e+00
