time	V(comp_out)
0.000000000000000e+00	1.005148e-09
1.999999967550318e-17	1.005150e-09
2.776266430298650e-17	1.005151e-09
4.328799355795313e-17	1.005153e-09
7.433865206788641e-17	1.005155e-09
1.000000000000000e-16	1.005158e-09
1.010000000000000e-16	1.005158e-09
1.498972857142858e-13	1.018729e-09
2.996935714285716e-13	1.030786e-09
4.494898571428574e-13	1.041329e-09
5.992861428571432e-13	1.050359e-09
7.490824285714290e-13	1.057874e-09
8.988787142857148e-13	1.063877e-09
1.048675000000000e-12	1.068365e-09
2.097251000000000e-12	1.093753e-09
2.359395000000000e-12	1.096275e-09
2.883683000000000e-12	1.096603e-09
3.014755000000000e-12	1.096342e-09
3.276899000000001e-12	1.095139e-09
3.801187000000001e-12	1.091756e-09
4.849763000000001e-12	1.083238e-09
6.946915000000001e-12	1.066058e-09
1.114121900000000e-11	1.040465e-09
1.952982700000000e-11	1.014514e-09
3.630704300000001e-11	9.981560e-10
5.593083991542838e-11	9.958236e-10
8.548149513429111e-11	9.983312e-10
1.188231263003040e-10	1.000747e-09
1.657321637829592e-10	1.002883e-09
2.216726367249787e-10	1.004132e-09
3.138129204007640e-10	1.004862e-09
4.358664413013450e-10	1.005103e-09
6.754006512356265e-10	1.005147e-09
8.982138853150463e-10	1.005148e-09
1.185860467622935e-09	1.005148e-09
1.519895676906832e-09	1.005148e-09
2.173854266301817e-09	1.005148e-09
2.932694759988801e-09	1.005140e-09
3.046135258372672e-09	1.005142e-09
3.273016255140414e-09	1.005148e-09
3.280106286289406e-09	1.005148e-09
3.294286348587390e-09	1.005148e-09
3.322646473183358e-09	1.005148e-09
3.343916566630333e-09	1.005148e-09
3.372276691226301e-09	1.005148e-09
3.428996940418237e-09	1.005148e-09
3.542437438802107e-09	1.005148e-09
3.769318435569849e-09	1.005148e-09
4.223080429105333e-09	1.005148e-09
5.130604416176301e-09	1.005148e-09
6.020408135055992e-09	1.005148e-09
6.954394769018597e-09	1.005148e-09
7.776388038491994e-09	1.005148e-09
8.953686124644302e-09	1.005148e-09
1.031975150053239e-08	1.005148e-09
1.180149317170588e-08	1.005148e-09
1.205721176384840e-08	1.005148e-09
1.210090621461188e-08	1.005148e-09
1.218829511613885e-08	1.005148e-09
1.236307291919278e-08	1.005148e-09
1.240676736995626e-08	1.005148e-09
1.244500001437431e-08	1.005148e-09
1.248323265879236e-08	1.005148e-09
1.249415627148323e-08	1.005148e-09
1.251600349686497e-08	1.005148e-09
1.255969794762845e-08	1.005148e-09
1.264708684915542e-08	1.005148e-09
1.282186465220935e-08	1.005148e-09
1.317142025831721e-08	1.005148e-09
1.371370920864250e-08	1.005148e-09
1.444293310947728e-08	1.005148e-09
1.583950518270747e-08	1.005148e-09
1.818923442577302e-08	1.005148e-09
2.074412029695978e-08	1.005148e-09
2.373608420390837e-08	1.005148e-09
2.726923345479171e-08	1.005148e-09
3.097802311227825e-08	1.005148e-09
3.504282596731452e-08	1.005148e-09
3.992563846731452e-08	1.005148e-09
4.480845096731452e-08	1.005148e-09
4.969126346731452e-08	1.005148e-09
5.457407596731452e-08	1.005148e-09
5.945688846731452e-08	1.005148e-09
6.433970096731451e-08	1.005148e-09
6.922251346731451e-08	1.005148e-09
7.410532596731451e-08	1.005148e-09
8.387095096731451e-08	1.005148e-09
9.363657596731451e-08	1.005148e-09
9.511718760000000e-08	1.005148e-09
9.703877683462902e-08	1.005148e-09
1.000000001000000e-07	1.005148e-09
1.000000001100000e-07	1.005148e-09
1.000000001300000e-07	1.005148e-09
1.000000001700000e-07	1.005149e-09
1.000000002000000e-07	1.005149e-09
1.000000002018999e-07	1.005149e-09
1.010000002018999e-07	1.108025e-09
1.020000002018999e-07	1.119493e-09
1.080000002018999e-07	1.005146e-09
2.000000000000000e-07	1.005227e-09
2.000000000100000e-07	4.227040e-05
2.000000000300000e-07	3.363360e-04
2.000000000700000e-07	1.286771e-03
2.000000001000000e-07	2.092976e-03
2.000000001037101e-07	2.092962e-03
2.000000001047102e-07	2.092958e-03
2.000000001067102e-07	2.092954e-03
2.010000001067102e-07	9.394911e-05
2.011250001067102e-07	-4.849518e-05
2.013750001067102e-07	-1.368692e-04
2.015235478375898e-07	-1.583363e-04
2.016444334200551e-07	3.104343e-05
2.017787968385216e-07	4.871468e-03
2.019390780641635e-07	2.362099e-02
2.019643972763195e-07	3.467476e-02
2.020150357006314e-07	7.760961e-02
2.020276953067094e-07	9.711073e-02
2.020530145188653e-07	1.723341e-01
2.020803832202091e-07	3.177170e-01
2.021057148515048e-07	5.125669e-01
2.021098695178477e-07	5.501132e-01
2.021181788505334e-07	6.310518e-01
2.021347975159047e-07	8.020409e-01
2.021374341766794e-07	8.326748e-01
2.021427074982289e-07	9.067422e-01
2.021511614679993e-07	1.056037e+00
2.021572299047849e-07	1.200124e+00
2.021618028980958e-07	1.349326e+00
2.021681831218913e-07	1.597474e+00
2.021710177122244e-07	1.695744e+00
2.021735061286826e-07	1.749265e+00
2.021764793891697e-07	1.777952e+00
2.021795290470962e-07	1.789349e+00
2.021830564290758e-07	1.794475e+00
2.021878273607629e-07	1.797586e+00
2.021940939463090e-07	1.799002e+00
2.022015327873867e-07	1.799383e+00
2.022114064450132e-07	1.799650e+00
2.022251074826730e-07	1.799958e+00
2.022458502257731e-07	1.800149e+00
2.022726985993843e-07	1.800183e+00
2.023183742794138e-07	1.800179e+00
2.024097256394727e-07	1.800164e+00
2.025848720547911e-07	1.800138e+00
2.029351648854277e-07	1.800087e+00
2.030227380930868e-07	1.800081e+00
2.031978845084052e-07	1.800077e+00
2.033292443198939e-07	1.800069e+00
2.033675575982448e-07	1.800067e+00
2.033878870928799e-07	1.800066e+00
2.034082165875151e-07	1.800065e+00
2.034285460821502e-07	1.800064e+00
2.034488755767854e-07	1.800063e+00
2.034692050714206e-07	1.800062e+00
2.034895345660557e-07	1.800061e+00
2.035098640606909e-07	1.800060e+00
2.035974372683500e-07	1.800056e+00
2.037725836836684e-07	1.800049e+00
2.041228765143050e-07	1.800039e+00
2.046633114092949e-07	1.800027e+00
2.052856316853946e-07	1.800019e+00
2.063876236541893e-07	1.800010e+00
2.078518540482744e-07	1.800005e+00
2.096269988865538e-07	1.800002e+00
2.117294491785149e-07	1.800001e+00
2.139680271403564e-07	1.800000e+00
2.170904510743417e-07	1.800000e+00
2.218626740934505e-07	1.800000e+00
2.267454865934505e-07	1.800000e+00
2.316282990934505e-07	1.800000e+00
2.365111115934505e-07	1.800000e+00
2.390525705815059e-07	1.800000e+00
2.409363652261864e-07	1.800000e+00
2.430850327685214e-07	1.800000e+00
2.473823678531915e-07	1.800000e+00
2.522651803531915e-07	1.800000e+00
2.571479928531915e-07	1.800000e+00
2.620308053531915e-07	1.800000e+00
2.669136178531916e-07	1.800000e+00
2.717964303531916e-07	1.800000e+00
2.766792428531916e-07	1.800000e+00
2.815620553531916e-07	1.800000e+00
2.864448678531916e-07	1.800000e+00
2.913276803531916e-07	1.800000e+00
2.951171876000000e-07	1.800000e+00
3.000000001000000e-07	1.800000e+00
3.000000001100000e-07	1.797945e+00
3.000000001110000e-07	1.797740e+00
3.000000001346406e-07	1.792921e+00
3.000000001374218e-07	1.792362e+00
3.000000001429843e-07	1.791266e+00
3.000000001443750e-07	1.790997e+00
3.000000001471562e-07	1.790698e+00
3.000000003387151e-07	1.786181e+00
3.000000003401601e-07	1.786165e+00
3.010000003401601e-07	1.799233e+00
3.011250003401601e-07	1.800001e+00
3.013750003401601e-07	1.800000e+00
3.017664139094351e-07	1.800000e+00
3.022060374708653e-07	1.800000e+00
3.026285090832169e-07	1.800000e+00
3.032338861801219e-07	1.800000e+00
3.040644742395437e-07	1.800000e+00
3.050553710071367e-07	1.800000e+00
3.060312235423373e-07	1.800000e+00
3.072835197317979e-07	1.800000e+00
3.086068824231207e-07	1.800000e+00
3.097737342745121e-07	1.800000e+00
3.112487086223283e-07	1.800000e+00
3.134683192810811e-07	1.800000e+00
3.157735090672247e-07	1.800000e+00
3.185300450550253e-07	1.800000e+00
3.197174739693685e-07	1.800000e+00
3.208686779219826e-07	1.800000e+00
3.220290213996774e-07	1.800000e+00
3.228045745645212e-07	1.800000e+00
3.233790730987940e-07	1.800000e+00
3.238738455364943e-07	1.800000e+00
3.244382426225446e-07	1.800000e+00
3.250220115752547e-07	1.800000e+00
3.254086982726742e-07	1.800000e+00
3.258969732514257e-07	1.800000e+00
3.263629225247536e-07	1.800000e+00
3.269513127363685e-07	1.800000e+00
3.276374286911359e-07	1.800000e+00
3.284706003646750e-07	1.800000e+00
3.294491686090828e-07	1.800000e+00
3.308505302112039e-07	1.800000e+00
3.328852850722521e-07	1.800000e+00
3.355374449978015e-07	1.800000e+00
3.387899878831830e-07	1.800000e+00
3.432709446009753e-07	1.800000e+00
3.451171875000000e-07	1.800000e+00
3.476193465960990e-07	1.800000e+00
3.500000000000000e-07	1.800000e+00
3.500000000100001e-07	1.800000e+00
3.500000000300000e-07	1.800000e+00
3.501000001000001e-07	1.800000e+00
3.502000001000001e-07	1.800000e+00
3.503000001000001e-07	1.800000e+00
3.504000001000001e-07	1.800000e+00
3.506000001000001e-07	1.800000e+00
3.509129121615885e-07	1.800000e+00
3.513452019818388e-07	1.800000e+00
3.518249494875361e-07	1.800000e+00
3.525076915715945e-07	1.800000e+00
3.532359587639310e-07	1.800000e+00
3.539654021530220e-07	1.800000e+00
3.549539979390894e-07	1.800000e+00
3.559812268349936e-07	1.800000e+00
3.572486808574303e-07	1.800000e+00
3.586561703143179e-07	1.800000e+00
3.605287685134770e-07	1.800000e+00
3.626149937602054e-07	1.800000e+00
3.655025034109942e-07	1.800000e+00
3.690626493547799e-07	1.800000e+00
3.735963590366184e-07	1.800000e+00
3.784791715366184e-07	1.800000e+00
3.833619840366185e-07	1.800000e+00
3.882447965366185e-07	1.800000e+00
3.931276090366185e-07	1.800000e+00
3.980104215366185e-07	1.800000e+00
4.028932340366185e-07	1.800000e+00
4.175416715366186e-07	1.800000e+00
4.224244840366186e-07	1.800000e+00
4.451171875000000e-07	1.800000e+00
4.500000000000000e-07	1.800000e+00
4.500000000100001e-07	1.800000e+00
4.500000000222501e-07	1.800000e+00
4.500000003332501e-07	1.800000e+00
4.500000004887501e-07	1.800000e+00
4.500000118180360e-07	1.800000e+00
4.500000231473219e-07	1.800000e+00
4.500000344766078e-07	1.800000e+00
4.500000458058937e-07	1.800000e+00
4.500000571351796e-07	1.800000e+00
4.500000684644654e-07	1.800000e+00
4.500000797937513e-07	1.800000e+00
4.500001594097526e-07	1.800000e+00
4.500003186417552e-07	1.800000e+00
4.500006371057604e-07	1.800000e+00
4.500012740337707e-07	1.800000e+00
4.500025478897914e-07	1.800000e+00
4.500050956018327e-07	1.800000e+00
4.500086111986984e-07	1.800000e+00
4.500121452398878e-07	1.800000e+00
4.500165730722816e-07	1.800000e+00
4.500217536740227e-07	1.800000e+00
4.500286326067002e-07	1.800000e+00
4.500369117025211e-07	1.800000e+00
4.500481463099445e-07	1.800000e+00
4.500629343147053e-07	1.800000e+00
4.500859036247752e-07	1.800000e+00
4.501238442861183e-07	1.800000e+00
4.501997256088045e-07	1.800000e+00
4.503514882541769e-07	1.800000e+00
4.505517709545591e-07	1.800000e+00
4.507675447645117e-07	1.800000e+00
4.509842786853426e-07	1.800000e+00
4.512469277796023e-07	1.800000e+00
4.515558345186513e-07	1.800000e+00
4.519340743968838e-07	1.800000e+00
4.524862530365150e-07	1.800000e+00
4.532903455147572e-07	1.800000e+00
4.542993328984113e-07	1.800000e+00
4.554364371318149e-07	1.800000e+00
4.569927956632795e-07	1.800000e+00
4.578673625048169e-07	1.800000e+00
4.585110286755314e-07	1.800000e+00
4.591642394257667e-07	1.800000e+00
4.599727597579226e-07	1.800000e+00
4.608123664308809e-07	1.800000e+00
4.617954806395125e-07	1.800000e+00
4.620412591916704e-07	1.800000e+00
4.625328162959861e-07	1.800000e+00
4.629023075113491e-07	1.800000e+00
4.633308512847620e-07	1.800000e+00
4.636174287832530e-07	1.800000e+00
4.638997114265536e-07	1.800000e+00
4.642217296116010e-07	1.800000e+00
4.647748206228194e-07	1.800000e+00
4.653019425869899e-07	1.800000e+00
4.658973485631999e-07	1.800000e+00
4.666120260728661e-07	1.800000e+00
4.676015380309944e-07	1.800000e+00
4.688299366849401e-07	1.800000e+00
4.707205540738671e-07	1.800000e+00
4.727074338700188e-07	1.800000e+00
4.751347852388106e-07	1.800000e+00
4.784032140458636e-07	1.800000e+00
4.832860265458636e-07	1.800000e+00
4.881688390458636e-07	1.800000e+00
4.930516515458637e-07	1.800000e+00
4.979344640458637e-07	1.800000e+00
5.028172765458637e-07	1.800000e+00
5.125829015458637e-07	1.800000e+00
5.451171876000001e-07	1.800000e+00
5.500000001000001e-07	1.800000e+00
5.512529407161621e-07	1.800000e+00
5.518054274059318e-07	1.800000e+00
5.522015219007296e-07	1.800000e+00
5.526702245085191e-07	1.800000e+00
5.536076297240980e-07	1.800000e+00
5.553397278682295e-07	1.800000e+00
5.573172930101280e-07	1.800000e+00
5.600000001000000e-07	1.800000e+00
5.600075395625823e-07	1.800000e+00
5.600226184877468e-07	1.800000e+00
5.600262838621336e-07	1.800000e+00
5.600308230464576e-07	1.800000e+00
5.600399014151054e-07	1.800000e+00
5.600528636247188e-07	1.800000e+00
5.600754613274589e-07	1.800000e+00
5.601199722629444e-07	1.800000e+00
5.601829986555681e-07	1.800000e+00
5.603090514408155e-07	1.800000e+00
5.605611570113103e-07	1.800000e+00
5.609683419468551e-07	1.800000e+00
5.617827118179446e-07	1.800000e+00
5.631005816175994e-07	1.800000e+00
5.645521868673157e-07	1.800000e+00
5.666588736005279e-07	1.800000e+00
5.691686600487711e-07	1.800000e+00
5.733111990460242e-07	1.800000e+00
5.781940115460242e-07	1.800000e+00
5.879596365460243e-07	1.800000e+00
6.953815115460245e-07	1.800000e+00
7.000000000000001e-07	1.790256e+00
7.000011920928955e-07	1.788340e+00
7.000035762786866e-07	1.792715e+00
7.000041691386561e-07	1.798591e+00
7.000048898942708e-07	1.804159e+00
7.000061822847656e-07	1.805567e+00
7.000073771598023e-07	1.804811e+00
7.000097669098757e-07	1.802961e+00
7.000139581188600e-07	1.801096e+00
7.000208369970568e-07	1.799855e+00
7.000283403923223e-07	1.799559e+00
7.000399404543327e-07	1.799660e+00
7.000518781460975e-07	1.799785e+00
7.000715634676513e-07	1.799892e+00
7.000923311688387e-07	1.799955e+00
7.000955077204162e-07	1.799963e+00
7.001018608235714e-07	1.799975e+00
7.001034490993601e-07	1.799978e+00
7.001066256509377e-07	1.799984e+00
7.001129787540928e-07	1.799995e+00
7.001145670298816e-07	1.799998e+00
7.001177435814592e-07	1.800004e+00
7.001201259951424e-07	1.800008e+00
7.001233025467200e-07	1.800015e+00
7.001296556498751e-07	1.800030e+00
7.001423618561855e-07	1.800073e+00
7.001677742688061e-07	1.800167e+00
7.002029196909176e-07	1.800246e+00
7.002400484155230e-07	1.799639e+00
7.002794962646256e-07	1.792031e+00
7.003239713297938e-07	1.761086e+00
7.003431365857571e-07	1.720747e+00
7.003575957017466e-07	1.647587e+00
7.003757923282825e-07	1.470299e+00
7.003951222773597e-07	1.146703e+00
7.004064719888387e-07	8.293937e-01
7.004158793500664e-07	4.714083e-01
7.004227739001702e-07	2.157468e-01
7.004282522669315e-07	8.401644e-02
7.004349539417084e-07	1.794801e-02
7.004404430203346e-07	3.705322e-03
7.004480294156956e-07	1.273781e-03
7.004562933144237e-07	7.781918e-04
7.004728211118799e-07	5.672841e-04
7.005058767067925e-07	3.783900e-04
7.005525118175866e-07	2.736404e-04
7.006209827079295e-07	1.966280e-04
7.006951659778900e-07	1.540479e-04
7.007851591184966e-07	1.003612e-04
7.008473181289550e-07	5.133338e-05
7.009352830468954e-07	-4.287693e-06
7.010021432252346e-07	-1.263320e-05
7.010815490747696e-07	-9.251243e-06
7.011635038407319e-07	-8.542528e-06
7.013274133726563e-07	-6.790257e-06
7.015959061098877e-07	-4.594041e-06
7.019466441170069e-07	-2.751726e-06
7.023180304532684e-07	-1.629787e-06
7.028199605132812e-07	-8.777101e-07
7.033802765164666e-07	-4.280975e-07
7.042081306748770e-07	-1.829754e-07
7.052070977869223e-07	-2.528372e-05
7.053248418601025e-07	-5.723250e-06
7.053542778783975e-07	-6.791660e-08
7.054131499149877e-07	-2.363685e-08
7.057663821345284e-07	-1.496782e-08
7.062373584272495e-07	-7.675083e-09
7.071793110126915e-07	6.119385e-10
7.083182723513854e-07	4.882914e-09
7.103906187324426e-07	7.193849e-09
7.145353114945568e-07	8.525970e-09
7.194181239945568e-07	8.640713e-09
7.243009364945568e-07	7.379832e-09
7.291837489945568e-07	5.346277e-09
7.340665614945568e-07	3.660494e-09
7.389493739945568e-07	2.661848e-09
7.438321864945569e-07	2.085877e-09
7.487149989945569e-07	1.727786e-09
7.535978114945569e-07	1.493408e-09
7.584806239945569e-07	1.336382e-09
7.633634364945569e-07	1.230497e-09
7.682462489945569e-07	1.158574e-09
7.731290614945569e-07	1.109757e-09
7.780118739945570e-07	1.076473e-09
7.828946864945570e-07	1.053816e-09
7.877774989945570e-07	1.038356e-09
7.951171876000000e-07	1.028645e-09
8.000000001000000e-07	-2.935532e-05
8.000095368431641e-07	-8.591539e-06
8.000286103294922e-07	2.841322e-05
8.000333972063306e-07	1.315899e-06
8.000391306744915e-07	-1.992629e-05
8.000505976108133e-07	-7.000373e-07
8.000735314834569e-07	-8.952279e-07
8.001193992287439e-07	8.530606e-09
8.001700319422511e-07	-9.975061e-08
8.002359093393286e-07	4.000301e-08
8.003102442741098e-07	-8.531796e-08
8.004289148530112e-07	4.888818e-08
8.006125647485686e-07	-3.241266e-08
8.009195794823271e-07	-5.400245e-10
8.012143075125663e-07	-2.147601e-08
8.017549878337777e-07	6.168236e-09
8.024238991705331e-07	2.983178e-09
8.030333398212602e-07	8.857421e-09
8.039543056795588e-07	-3.376286e-09
8.052490218454821e-07	5.460679e-09
8.074579801486787e-07	1.465335e-09
8.095166324678000e-07	2.927061e-09
8.123932795531467e-07	3.054328e-10
8.157693520283267e-07	2.274332e-09
8.206521645283267e-07	1.014882e-09
8.255349770283267e-07	1.017952e-09
8.401834145283267e-07	1.014882e-09
8.450662270283267e-07	-2.508103e-07
8.451171875000001e-07	-1.294621e-07
8.452191084433468e-07	6.054037e-08
8.454229503300403e-07	-2.741588e-08
8.458306341034271e-07	1.490525e-08
8.466460016502009e-07	-5.853963e-09
8.482767367437484e-07	1.389084e-09
8.500000000000001e-07	2.500435e-06
8.500048075159824e-07	1.737554e-06
8.500144225479469e-07	-1.789098e-07
8.500167617532389e-07	-1.572303e-07
8.500196648244732e-07	-1.061105e-08
8.500254709669416e-07	1.116074e-09
8.500328990018330e-07	9.065988e-10
8.500477550716159e-07	1.018200e-09
8.500754486052060e-07	1.006584e-09
8.501045963602523e-07	1.013832e-09
8.501521802860710e-07	1.006643e-09
8.502135322268778e-07	1.008810e-09
8.503322627937081e-07	1.005350e-09
8.504946979869080e-07	1.005878e-09
8.507440950597326e-07	1.004902e-09
8.510968725444273e-07	1.005211e-09
8.516195310422170e-07	1.004953e-09
8.522225285927479e-07	1.005064e-09
8.527752036867144e-07	1.005145e-09
8.533693431500824e-07	1.005220e-09
8.539887853992247e-07	1.005145e-09
8.546710497102231e-07	1.005152e-09
8.554233816516629e-07	1.005076e-09
8.562807687362668e-07	1.005180e-09
8.573914343907657e-07	1.005167e-09
8.584010485674804e-07	1.005202e-09
8.598330756435367e-07	1.005122e-09
8.613925970268993e-07	1.005158e-09
8.632804904522574e-07	1.005125e-09
8.655009671687339e-07	1.005157e-09
8.683955062873066e-07	1.005132e-09
8.716044023789342e-07	1.005156e-09
8.761969756278249e-07	1.005135e-09
8.810797881278249e-07	1.005138e-09
8.859626006278249e-07	1.005138e-09
8.908454131278249e-07	1.005138e-09
8.957282256278249e-07	1.005138e-09
9.006110381278249e-07	1.005138e-09
9.054938506278249e-07	1.005138e-09
9.103766631278249e-07	1.005138e-09
9.152594756278250e-07	1.005138e-09
9.201422881278250e-07	1.005138e-09
9.250251006278250e-07	1.005138e-09
9.299079131278250e-07	1.005138e-09
9.347907256278250e-07	1.005138e-09
9.396735381278250e-07	1.005138e-09
9.445563506278250e-07	1.005427e-09
9.451171875000001e-07	1.005302e-09
9.462388612443502e-07	1.005095e-09
9.477566525112998e-07	1.005177e-09
9.500000000000001e-07	1.042304e-09
9.500067754615997e-07	1.027939e-09
9.500203263847989e-07	9.899681e-10
9.500235936471613e-07	9.885508e-10
9.500277616521727e-07	9.896477e-10
9.500360976621955e-07	9.918169e-10
9.500527696822411e-07	9.984610e-10
9.500861137223323e-07	1.006492e-09
9.501177987589817e-07	1.008712e-09
9.501626048710695e-07	1.008210e-09
9.502151219675098e-07	1.007283e-09
9.503077389711458e-07	1.006248e-09
9.504326727157554e-07	1.005620e-09
9.506689922137567e-07	1.005235e-09
9.509044363257496e-07	1.005116e-09
9.512051574716016e-07	1.005067e-09
9.515666700257305e-07	1.005052e-09
9.522154369195546e-07	1.005078e-09
9.528993696986178e-07	1.005113e-09
9.537439845637472e-07	1.005145e-09
9.548451930288877e-07	1.005155e-09
9.561055949117638e-07	1.005138e-09
9.572580623088156e-07	1.005132e-09
9.585735758027988e-07	1.005138e-09
9.602066685768262e-07	1.005140e-09
9.622013319717360e-07	1.005138e-09
9.651694127069876e-07	1.005138e-09
9.700522252069876e-07	1.005138e-09
9.749350377069876e-07	1.005138e-09
9.798178502069876e-07	1.005138e-09
9.847006627069876e-07	1.005138e-09
9.895834752069876e-07	1.005138e-09
9.944662877069877e-07	1.005138e-09
9.993491002069877e-07	1.005138e-09
1.046354450313975e-06	1.005138e-09
1.049535635753580e-06	1.005138e-09
1.050000000100000e-06	1.005138e-09
1.050928728792841e-06	1.005138e-09
1.052786186178523e-06	1.005138e-09
1.054987139522393e-06	1.005140e-09
1.056516825582533e-06	1.005135e-09
1.056940627979720e-06	1.005133e-09
1.057788232774095e-06	1.005137e-09
1.058304790511251e-06	1.005137e-09
1.058966884625687e-06	1.005137e-09
1.060000000100000e-06	8.670059e-10
1.060002926007641e-06	8.214288e-10
1.060008777822923e-06	7.982839e-10
1.060010200284292e-06	8.865444e-10
1.060011964418932e-06	1.019180e-09
1.060015492688211e-06	1.130733e-09
1.060019084259002e-06	1.148291e-09
1.060026267400585e-06	1.111783e-09
1.060040633683751e-06	1.045838e-09
1.060060481341917e-06	1.009698e-09
1.060095964585581e-06	1.003084e-09
1.060155217670145e-06	1.004682e-09
1.060273723839275e-06	1.005062e-09
1.060510736177533e-06	1.005118e-09
1.060856133614035e-06	1.005142e-09
1.061478312374113e-06	1.005136e-09
1.062722669894269e-06	1.005135e-09
1.063990334441708e-06	1.005136e-09
1.065753755753993e-06	1.005137e-09
1.068034800151193e-06	1.005138e-09
1.071203424272394e-06	1.005138e-09
1.076086236772394e-06	1.005138e-09
1.087944495700966e-06	1.005138e-09
1.099802754629537e-06	1.005138e-09
1.111661013558109e-06	1.005138e-09
1.123519272486680e-06	1.005138e-09
1.135377531415251e-06	1.005138e-09
1.147235790343823e-06	1.005138e-09
1.159094049272394e-06	1.005138e-09
1.188390924272394e-06	1.005138e-09
1.193273736772394e-06	1.005138e-09
1.195117187500000e-06	1.005138e-09
1.197608177910423e-06	1.005138e-09
1.200000000000000e-06	3.182676e-05
1.200007097453547e-06	2.152958e-05
1.200021292360642e-06	9.474851e-06
1.200024721195455e-06	2.318623e-05
1.200029070722721e-06	2.800838e-05
1.200037769777253e-06	8.033106e-06
1.200054054285583e-06	5.982318e-06
1.200086623302245e-06	2.089008e-06
1.200135721314224e-06	6.546127e-07
1.200197242595918e-06	-3.351159e-07
1.200290932639647e-06	-6.748156e-07
1.200421328355582e-06	-8.376982e-07
1.200606541062783e-06	-6.392910e-07
1.200913180991715e-06	-4.865793e-07
1.201512366087411e-06	-2.121159e-07
1.202518966962085e-06	-4.874402e-08
1.203761528391233e-06	1.161025e-08
1.205430437330131e-06	1.501776e-09
1.207792495380231e-06	-4.862661e-09
1.212306777611285e-06	-1.193636e-08
1.217189590111285e-06	-9.587893e-09
1.222072402611285e-06	-7.130211e-09
1.226955215111285e-06	-5.082711e-09
1.231838027611285e-06	-3.427203e-09
1.236720840111285e-06	-2.203933e-09
1.241603652611285e-06	-1.298531e-09
1.246486465111285e-06	-6.625669e-10
1.251369277611285e-06	-2.107754e-10
1.256252090111285e-06	9.981704e-11
1.261134902611285e-06	3.149125e-10
1.266017715111285e-06	4.624781e-10
1.270900527611285e-06	5.620677e-10
1.275783340111285e-06	6.311893e-10
1.280666152611285e-06	6.762093e-10
1.285548965111285e-06	7.089511e-10
1.290431777611285e-06	7.289600e-10
1.295314590111285e-06	6.144015e-10
1.300000000100000e-06	-2.290129e-05
1.300009536843164e-06	-4.307746e-06
1.300028610329492e-06	2.815505e-05
1.300033397495323e-06	1.197414e-06
1.300039119814260e-06	-1.982326e-05
1.300050564452135e-06	-8.812389e-07
1.300068795836449e-06	-1.064371e-06
1.300105258605076e-06	-3.556167e-08
1.300142878750059e-06	-1.465727e-07
1.300193552852072e-06	1.805716e-08
1.300244732267259e-06	-9.456679e-08
1.300321032595954e-06	2.983858e-08
1.300410574635771e-06	-5.793080e-08
1.300568333243155e-06	2.449437e-08
1.300799389142214e-06	-6.231442e-09
1.301068910498411e-06	4.787822e-09
1.301363676262011e-06	-1.032424e-08
1.301790823611574e-06	9.667027e-09
1.302448371476397e-06	-1.932806e-09
1.303254299985423e-06	5.673103e-09
1.304521129836813e-06	-1.514251e-09
1.306361718874371e-06	2.064490e-09
1.308631647699526e-06	3.801764e-10
1.311271249174202e-06	1.690167e-09
1.314474183692099e-06	6.463296e-10
1.318092522786349e-06	1.645464e-09
1.322770147106120e-06	9.195811e-10
1.327652959606120e-06	1.012609e-09
1.337418584606120e-06	1.012609e-09
1.345117187500000e-06	2.521752e-09
1.350000000000000e-06	2.086017e-06
1.350009536743164e-06	1.412666e-06
1.350028610229492e-06	-8.789360e-08
1.350033381254543e-06	-5.245566e-08
1.350038998837841e-06	1.782279e-08
1.350048487059532e-06	-1.703782e-09
1.350060792734616e-06	2.687225e-09
1.350082010945968e-06	4.892145e-10
1.350114737265848e-06	1.253111e-09
1.350160557045969e-06	8.382070e-10
1.350234046303092e-06	1.075553e-09
1.350331836595616e-06	9.429321e-10
1.350482886707403e-06	1.025542e-09
1.350664891259126e-06	9.764524e-10
1.350934563758021e-06	1.017914e-09
1.351280107803905e-06	9.908288e-10
1.351783997052388e-06	1.000914e-09
1.352225947694917e-06	1.007217e-09
1.352637709845974e-06	1.008199e-09
1.353086224399135e-06	1.010002e-09
1.353473911717938e-06	1.000930e-09
1.353817993091251e-06	9.966580e-10
1.354251345567178e-06	1.004246e-09
1.354669256080984e-06	9.916087e-10
1.355378995022120e-06	1.000645e-09
1.355952165824973e-06	1.003537e-09
1.356563253477364e-06	1.003627e-09
1.357132284574361e-06	1.002764e-09
1.357764191041365e-06	1.004537e-09
1.358374687275414e-06	1.002204e-09
1.359080998750364e-06	1.009867e-09
1.360033298353581e-06	1.005619e-09
1.360949130607795e-06	1.005980e-09
1.361921536506341e-06	1.004627e-09
1.362931693253665e-06	1.007368e-09
1.364159850147488e-06	1.002369e-09
1.365844236167551e-06	1.004370e-09
1.367367264943076e-06	1.002516e-09
1.369611854648434e-06	1.004716e-09
1.371694382898273e-06	1.002175e-09
1.375859439397952e-06	1.005491e-09
1.380587574600187e-06	1.005054e-09
1.385470387100187e-06	1.005139e-09
1.390353199600187e-06	1.005136e-09
1.395236012100187e-06	1.005140e-09
1.400118824600187e-06	1.005137e-09
1.405001637100187e-06	1.005139e-09
1.409884449600187e-06	1.005137e-09
1.414767262100187e-06	1.005139e-09
1.419650074600187e-06	1.005136e-09
1.424532887100187e-06	1.005139e-09
1.429415699600187e-06	1.005137e-09
1.439181324600187e-06	1.005137e-09
1.444064137100187e-06	9.961424e-10
1.445117187500000e-06	9.993951e-10
1.447223288299626e-06	1.006522e-09
1.450000000000000e-06	3.561405e-09
1.450007405200959e-06	2.743151e-09
1.450022215602875e-06	8.349257e-10
1.450025849270984e-06	8.708535e-10
1.450030370434224e-06	9.843608e-10
1.450039412760703e-06	9.708949e-10
1.450057370524956e-06	9.922825e-10
1.450077336515756e-06	1.007241e-09
1.450102767244475e-06	1.014579e-09
1.450131497569099e-06	1.014210e-09
1.450173445273433e-06	1.011693e-09
1.450225832805452e-06	1.009166e-09
1.450300473139742e-06	1.007390e-09
1.450393117611387e-06	1.006264e-09
1.450523405598446e-06	1.005661e-09
1.450690121965322e-06	1.005308e-09
1.450938302399383e-06	1.005125e-09
1.451324181026333e-06	1.004990e-09
1.451938574288841e-06	1.005004e-09
1.452559787427803e-06	1.005068e-09
1.453200612153799e-06	1.005116e-09
1.453954005446215e-06	1.005143e-09
1.455097923079357e-06	1.005157e-09
1.456209565584577e-06	1.005143e-09
1.457295215313900e-06	1.005135e-09
1.458903344431846e-06	1.005137e-09
1.460635616548850e-06	1.005141e-09
1.462879481848499e-06	1.005137e-09
1.465952304461206e-06	1.005138e-09
1.469915612899561e-06	1.005138e-09
1.474798425399561e-06	1.005138e-09
1.479681237899561e-06	1.005138e-09
1.484564050399561e-06	1.005138e-09
1.489446862899561e-06	1.005138e-09
1.494329675399561e-06	1.005138e-09
1.548009301897365e-06	1.005138e-09
1.550000000100000e-06	1.005139e-09
1.553981396505271e-06	1.005143e-09
1.555117187600000e-06	1.005141e-09
1.557388769789459e-06	1.005138e-09
1.560000000100000e-06	9.114669e-10
1.560006903284335e-06	9.202810e-10
1.560020709653003e-06	1.082946e-09
1.560024094785800e-06	1.137607e-09
1.560028150669893e-06	1.138566e-09
1.560035383777578e-06	1.073346e-09
1.560042729056191e-06	1.037844e-09
1.560056396719058e-06	1.014698e-09
1.560077800392327e-06	1.004879e-09
1.560109138260845e-06	1.004433e-09
1.560171813997880e-06	1.005103e-09
1.560297165471951e-06	1.005266e-09
1.560547868420092e-06	1.005166e-09
1.560923055239749e-06	1.005152e-09
1.561493124877944e-06	1.005131e-09
1.562533494847242e-06	1.005133e-09
1.563573118993919e-06	1.005132e-09
1.565067644739640e-06	1.005136e-09
1.566526602716196e-06	1.005136e-09
1.568611264560726e-06	1.005139e-09
1.571931099537204e-06	1.005138e-09
1.576284932287759e-06	1.005138e-09
1.581167744787759e-06	1.005138e-09
1.586050557287759e-06	1.005138e-09
1.595816182287759e-06	1.005138e-09
1.600698994787759e-06	1.005138e-09
1.605581807287759e-06	1.005138e-09
1.617440066216331e-06	1.005138e-09
1.629298325144902e-06	1.005138e-09
1.641156584073474e-06	1.005138e-09
1.653014843002045e-06	1.005138e-09
1.664873101930617e-06	1.005138e-09
1.676731360859188e-06	1.005138e-09
1.688589619787760e-06	1.005138e-09
1.693472432287760e-06	1.005136e-09
1.695117187500000e-06	1.005138e-09
1.696710489575519e-06	1.005090e-09
1.696813395848962e-06	1.005112e-09
1.697019208395849e-06	1.005150e-09
1.697430833489623e-06	1.005132e-09
1.698254083677170e-06	1.005094e-09
1.698552331520379e-06	1.005150e-09
1.698949995311326e-06	1.005145e-09
1.699204672418108e-06	1.005140e-09
1.699490645786437e-06	1.005131e-09
1.700000000000000e-06	1.628940e-04
1.700001516314022e-06	1.223751e-04
1.700004548942064e-06	-1.277341e-04
1.700005281102149e-06	-1.201393e-04
1.700006211388358e-06	-4.160344e-05
1.700008071960778e-06	2.699197e-06
1.700011793105618e-06	2.303077e-05
1.700019235395297e-06	1.960327e-05
1.700034119974655e-06	3.485507e-06
1.700050111418826e-06	-2.229101e-06
1.700067094306239e-06	-1.973357e-06
1.700090988510781e-06	-1.264838e-06
1.700138776919863e-06	-7.133669e-07
1.700228504822110e-06	-5.516757e-07
1.700407960626604e-06	-4.591403e-07
1.700672811585373e-06	-2.953235e-07
1.701006208745833e-06	-1.448043e-07
1.701528236590375e-06	-2.929142e-08
1.702572292279458e-06	3.691524e-08
1.704394308215298e-06	9.094388e-08
1.704739466629560e-06	3.182616e-08
1.704825756233125e-06	1.398252e-08
1.705041480242038e-06	1.055723e-08
1.705149342246495e-06	1.326466e-08
1.705278776651843e-06	2.232836e-08
1.705429783458083e-06	2.063418e-08
1.705947521079475e-06	8.724324e-09
1.706637837907997e-06	-2.583045e-09
1.708018471565042e-06	-1.575590e-08
1.709576361798392e-06	-2.139301e-08
1.711850994298296e-06	-1.943479e-08
1.713558723783912e-06	-1.432743e-08
1.715654628270308e-06	-7.948857e-09
1.718071802469484e-06	-3.821583e-09
1.721442847557958e-06	8.591517e-10
1.721953499928643e-06	3.409489e-09
1.722974804670013e-06	6.390444e-09
1.723259015473152e-06	1.465004e-09
1.723600068436918e-06	-6.459075e-10
1.723656910597546e-06	-1.507254e-09
1.723997963561312e-06	-1.014892e-08
1.724452700846334e-06	-1.503842e-08
1.725362175416378e-06	-1.525638e-08
1.727181124556466e-06	-1.357404e-08
1.730819022836642e-06	-1.195014e-08
1.735701835336642e-06	-8.992661e-09
1.740584647836642e-06	-6.185118e-09
1.745467460336642e-06	-4.071780e-09
1.750350272836642e-06	-2.522325e-09
1.755233085336642e-06	-1.432720e-09
1.760115897836642e-06	-6.660522e-10
1.764998710336642e-06	-1.380314e-10
1.769881522836642e-06	2.270838e-10
1.774764335336642e-06	4.758625e-10
1.779647147836642e-06	6.463831e-10
1.784529960336642e-06	7.617794e-10
1.789412772836642e-06	8.405744e-10
1.794295585336642e-06	9.022073e-10
1.796760392126717e-06	9.152049e-10
1.800000000100000e-06	-2.934510e-05
1.800009536843165e-06	-8.613789e-06
1.800028610329493e-06	2.926057e-05
1.800033222550691e-06	2.861673e-06
1.800039015591243e-06	-1.961607e-05
1.800050601672346e-06	-1.328321e-06
1.800063583768340e-06	-1.333880e-06
1.800089547960327e-06	-3.303204e-08
1.800118542490211e-06	-1.760199e-07
1.800156482694758e-06	4.472077e-10
1.800192531231823e-06	-8.610009e-08
1.800241827423357e-06	2.001699e-08
1.800294245199653e-06	-4.885102e-08
1.800369350475861e-06	1.570867e-08
1.800455057622331e-06	-2.958234e-08
1.800591101766317e-06	1.791664e-08
1.800798696301587e-06	8.795154e-11
1.801010082435748e-06	7.012390e-09
1.801273817138609e-06	1.178086e-09
1.801532893995265e-06	8.366733e-09
1.801913546946967e-06	-2.154516e-09
1.802391625653449e-06	6.212049e-09
1.803236692226574e-06	-1.295203e-09
1.804522198167625e-06	3.197745e-09
1.807093210049729e-06	6.995635e-10
1.810083533001979e-06	6.090718e-10
1.812546812814002e-06	8.948583e-10
1.815135649999101e-06	9.355056e-10
1.817638447645935e-06	1.657794e-10
1.821663122781643e-06	9.985351e-10
1.825660250943053e-06	7.548049e-10
1.830543063443053e-06	1.007720e-09
1.845191500943053e-06	1.023841e-09
1.850000000000000e-06	-1.561961e-06
1.850001192092896e-06	-1.233118e-06
1.850003576278687e-06	-1.579975e-07
1.850004172174639e-06	-4.428644e-08
1.850004890900806e-06	-2.688855e-08
1.850006328353138e-06	-1.005992e-08
1.850008125219222e-06	-2.412139e-09
1.850011718951389e-06	2.758324e-10
1.850017969837966e-06	5.776554e-10
1.850024833896972e-06	6.163271e-10
1.850034908755704e-06	8.671705e-10
1.850049184014697e-06	1.086346e-09
1.850068590825181e-06	1.145484e-09
1.850090901869020e-06	1.095983e-09
1.850123694662094e-06	1.044965e-09
1.850168972540909e-06	1.021399e-09
1.850240047906243e-06	1.011932e-09
1.850338138522794e-06	1.008097e-09
1.850483212200276e-06	1.006600e-09
1.850645314293181e-06	1.005982e-09
1.850847753672992e-06	1.005504e-09
1.851062409449122e-06	1.004985e-09
1.851349196455257e-06	1.004604e-09
1.851879292538409e-06	1.004634e-09
1.852453001429265e-06	1.004973e-09
1.853035627114286e-06	1.005093e-09
1.853623282402708e-06	1.005154e-09
1.854641109802903e-06	1.005187e-09
1.855650665367317e-06	1.005152e-09
1.856736587094173e-06	1.005122e-09
1.857662129718236e-06	1.005128e-09
1.858730498987065e-06	1.005140e-09
1.859898497708261e-06	1.005144e-09
1.861483652721595e-06	1.005138e-09
1.863563258454942e-06	1.005137e-09
1.865576602695879e-06	1.005139e-09
1.867758890125187e-06	1.005140e-09
1.871613488545621e-06	1.005138e-09
1.876496301045621e-06	1.005138e-09
1.881379113545621e-06	1.005138e-09
1.886261926045621e-06	1.005138e-09
1.891144738545621e-06	1.005138e-09
1.896027551045621e-06	1.005138e-09
1.905793176045621e-06	1.005139e-09
1.910675988545621e-06	1.005138e-09
1.915558801045621e-06	1.005138e-09
1.919781427681961e-06	1.005140e-09
1.924004054318300e-06	1.005141e-09
1.928226680954640e-06	1.005140e-09
1.932449307590981e-06	1.005138e-09
1.936671934227320e-06	1.005136e-09
1.940894560863660e-06	1.005132e-09
1.945117187500000e-06	1.005127e-09
1.945640210408762e-06	1.005145e-09
1.947907908364954e-06	1.005141e-09
1.950000000000000e-06	1.005297e-09
1.950006155999090e-06	1.000600e-09
1.950018467997270e-06	9.796778e-10
1.950021450859979e-06	9.727841e-10
1.950025229520726e-06	9.636785e-10
1.950032786842220e-06	9.546838e-10
1.950047901485209e-06	9.610274e-10
1.950067073448382e-06	9.856684e-10
1.950094793668924e-06	1.012457e-09
1.950132392594393e-06	1.020441e-09
1.950187517630441e-06	1.015289e-09
1.950256711339584e-06	1.010440e-09
1.950338362642443e-06	1.007994e-09
1.950439669166101e-06	1.006632e-09
1.950573422155465e-06	1.005775e-09
1.950596286057217e-06	1.005698e-09
1.950642013860720e-06	1.005615e-09
1.950733469467727e-06	1.005454e-09
1.950916380681742e-06	1.005225e-09
1.951282203109771e-06	1.004957e-09
1.951669694620735e-06	1.004881e-09
1.952132056107751e-06	1.004955e-09
1.952617096415228e-06	1.005040e-09
1.953269136808989e-06	1.005108e-09
1.953911805579821e-06	1.005150e-09
1.954551893396492e-06	1.005168e-09
1.955271831268187e-06	1.005159e-09
1.956121520472511e-06	1.005139e-09
1.957275422373267e-06	1.005131e-09
1.958428317999286e-06	1.005136e-09
1.959919618973529e-06	1.005142e-09
1.961448116554296e-06	1.005140e-09
1.962933565588879e-06	1.005137e-09
1.964377732189466e-06	1.005138e-09
1.966362377010705e-06	1.005139e-09
1.968571697236590e-06	1.005138e-09
1.972990337688361e-06	1.005138e-09
1.977873150188361e-06	1.005138e-09
1.982755962688361e-06	1.005138e-09
1.987638775188361e-06	1.005138e-09
1.992521587688360e-06	1.005138e-09
1.997404400188360e-06	1.005138e-09
2.002287212688360e-06	1.005139e-09
2.007170025188360e-06	1.005139e-09
2.016935650188359e-06	1.005138e-09
2.045117187600000e-06	1.005139e-09
2.050000000100000e-06	1.005138e-09
2.051291751139703e-06	1.005140e-09
2.051853959479845e-06	1.005139e-09
2.052262312993876e-06	1.005137e-09
2.052743747851121e-06	1.005138e-09
2.053706617565609e-06	1.005138e-09
2.055632356994587e-06	1.005139e-09
2.056148521242045e-06	1.005139e-09
2.057180849736960e-06	1.005138e-09
2.057935343110170e-06	1.005138e-09
2.058491013353582e-06	1.005138e-09
2.058888659613175e-06	1.005138e-09
2.059367904164721e-06	1.005139e-09
2.059694297332535e-06	1.005138e-09
2.060000000100000e-06	9.530975e-10
2.060000774406004e-06	9.000081e-10
2.060002323018012e-06	6.916702e-10
2.060002702601670e-06	6.517683e-10
2.060003173894632e-06	6.299322e-10
2.060004116480555e-06	6.363045e-10
2.060005251981237e-06	6.848815e-10
2.060007522982602e-06	8.062553e-10
2.060012064985330e-06	9.669199e-10
2.060021148990787e-06	1.066790e-09
2.060039317001701e-06	1.053931e-09
2.060070721168773e-06	1.014405e-09
2.060133529502916e-06	1.005345e-09
2.060259146171204e-06	1.006219e-09
2.060510379507779e-06	1.005332e-09
2.060844854558540e-06	1.005200e-09
2.061243153328059e-06	1.005110e-09
2.061851286374125e-06	1.005154e-09
2.063067552466256e-06	1.005126e-09
2.064519306914283e-06	1.005141e-09
2.067181539082237e-06	1.005132e-09
2.072064351582237e-06	1.005138e-09
2.076947164082237e-06	1.005138e-09
2.081829976582236e-06	1.005138e-09
2.086712789082236e-06	1.005138e-09
2.091595601582236e-06	1.005138e-09
2.189251851582232e-06	1.005138e-09
2.195117187500000e-06	1.005148e-09
2.197082234335537e-06	1.005135e-09
2.200000000000000e-06	4.248470e-05
2.200008441833082e-06	3.768774e-05
2.200025325499245e-06	2.846296e-05
2.200029417736717e-06	3.168429e-05
2.200034583829949e-06	2.344163e-05
2.200042661781764e-06	4.469870e-06
2.200050342528030e-06	1.985241e-06
2.200065704020563e-06	-2.630542e-06
2.200085153622466e-06	-2.652473e-06
2.200113096017346e-06	-3.573489e-06
2.200149437735150e-06	-6.829049e-06
2.200221054330458e-06	-1.336214e-05
2.200326352470774e-06	-7.472921e-06
2.200443688465934e-06	5.053025e-06
2.200567277453448e-06	6.948615e-06
2.200712271487454e-06	2.078994e-06
2.200865643212082e-06	2.026374e-07
2.201172386661339e-06	3.386973e-06
2.201210500489855e-06	2.455834e-06
2.201286728146885e-06	-3.181699e-07
2.201305785061143e-06	-3.053029e-07
2.201343898889658e-06	-2.800185e-07
2.201353427346787e-06	-2.848613e-07
2.201372484261045e-06	-2.942524e-07
2.201410598089560e-06	-3.091328e-07
2.201420126546689e-06	-3.124341e-07
2.201443947689511e-06	-3.197993e-07
2.201453476146640e-06	-3.256474e-07
2.201472533060898e-06	-3.487374e-07
2.201510646889413e-06	-4.425421e-07
2.201586874546444e-06	-8.722947e-07
2.201739329860505e-06	-3.841939e-06
2.202044240488629e-06	-2.415281e-05
2.202159353945870e-06	-5.544459e-05
2.202245487003793e-06	-1.150776e-04
2.202348555413169e-06	-2.491228e-04
2.202454902775445e-06	4.935747e-04
2.202540474454664e-06	4.437406e-03
2.202551993984575e-06	9.769866e-03
2.202575033044397e-06	3.509827e-02
2.202580792809352e-06	4.804775e-02
2.202592312339263e-06	9.899037e-02
2.202605209112115e-06	1.894879e-01
2.202607468323211e-06	2.142524e-01
2.202611986745403e-06	2.841380e-01
2.202621023589788e-06	4.547346e-01
2.202629552551999e-06	6.378334e-01
2.202639592003172e-06	8.672019e-01
2.202641623418145e-06	9.154642e-01
2.202645686248091e-06	1.018079e+00
2.202652840884840e-06	1.215640e+00
2.202659127200871e-06	1.410160e+00
2.202666545160986e-06	1.650033e+00
2.202669550470094e-06	1.725403e+00
2.202673005412457e-06	1.769768e+00
2.202676694210102e-06	1.787843e+00
2.202680381681362e-06	1.794168e+00
2.202684986821132e-06	1.797517e+00
2.202690599239717e-06	1.799021e+00
2.202698850498788e-06	1.799431e+00
2.202706701471466e-06	1.799605e+00
2.202719552351140e-06	1.799920e+00
2.202736896552587e-06	1.800134e+00
2.202761301635348e-06	1.800190e+00
2.202801000573191e-06	1.800190e+00
2.202880398448878e-06	1.800177e+00
2.203036791412788e-06	1.800148e+00
2.203228046764759e-06	1.800121e+00
2.203435379883001e-06	1.800098e+00
2.203634784630989e-06	1.800083e+00
2.203922866137909e-06	1.800066e+00
2.204199618207571e-06	1.800054e+00
2.204469895465539e-06	1.800054e+00
2.204498998247278e-06	1.800051e+00
2.204557203810757e-06	1.800044e+00
2.204571755201626e-06	1.800044e+00
2.204575912741875e-06	1.800044e+00
2.204580070282123e-06	1.800044e+00
2.204584227822371e-06	1.800044e+00
2.204588385362620e-06	1.800044e+00
2.204592542902868e-06	1.800044e+00
2.204596700443117e-06	1.800044e+00
2.204600857983365e-06	1.800044e+00
2.204608133678800e-06	1.800044e+00
2.204622685069669e-06	1.800043e+00
2.204651787851409e-06	1.800042e+00
2.204709993414887e-06	1.800040e+00
2.204826404541844e-06	1.800036e+00
2.205059226795758e-06	1.800030e+00
2.205524871303585e-06	1.800022e+00
2.206102497878418e-06	1.800016e+00
2.207155578924321e-06	1.800009e+00
2.208884353002981e-06	1.800004e+00
2.210724397537210e-06	1.800002e+00
2.214201131566501e-06	1.800000e+00
2.217782081608839e-06	1.800000e+00
2.222664894108839e-06	1.800000e+00
2.227547706608839e-06	1.800000e+00
2.232430519108839e-06	1.800000e+00
2.247078956608838e-06	1.800000e+00
2.261727394108837e-06	1.800000e+00
2.266497364607575e-06	1.800000e+00
2.271267335106312e-06	1.800000e+00
2.276037305605050e-06	1.800000e+00
2.280807276103788e-06	1.800000e+00
2.285577246602525e-06	1.800000e+00
2.290347217101263e-06	1.800000e+00
2.295117187600000e-06	1.800000e+00
2.300000000100000e-06	1.799590e+00
2.300009536843164e-06	1.799754e+00
2.300028610329493e-06	1.800327e+00
2.300033379717196e-06	1.800216e+00
2.300038931534168e-06	1.800062e+00
2.300046082756946e-06	1.800089e+00
2.300053852224326e-06	1.800056e+00
2.300068206274071e-06	1.800048e+00
2.300087395375091e-06	1.800028e+00
2.300125773577129e-06	1.800014e+00
2.300182794405545e-06	1.800003e+00
2.300296836062377e-06	1.800001e+00
2.300521100870083e-06	1.800000e+00
2.300804300921406e-06	1.800000e+00
2.301118768713652e-06	1.800000e+00
2.301488472551818e-06	1.800000e+00
2.301956187679341e-06	1.800000e+00
2.302606707940453e-06	1.800000e+00
2.303805483758002e-06	1.800000e+00
2.304991318558282e-06	1.800000e+00
2.306080153887056e-06	1.800000e+00
2.306767494399649e-06	1.800000e+00
2.307666264126541e-06	1.800000e+00
2.308605779790555e-06	1.800000e+00
2.309843309971039e-06	1.800000e+00
2.311336447289881e-06	1.800000e+00
2.313123644877812e-06	1.800000e+00
2.315949210240771e-06	1.800000e+00
2.320832022740770e-06	1.800000e+00
2.325714835240770e-06	1.800000e+00
2.330597647740770e-06	1.800000e+00
2.345246085240769e-06	1.800000e+00
2.350000000000000e-06	1.800015e+00
2.350001192092896e-06	1.800012e+00
2.350003576278687e-06	1.800000e+00
2.350004170702208e-06	1.799999e+00
2.350004889705321e-06	1.800000e+00
2.350006327711547e-06	1.800000e+00
2.350007889237581e-06	1.800000e+00
2.350011012289649e-06	1.800000e+00
2.350017258393786e-06	1.800000e+00
2.350029750602058e-06	1.800000e+00
2.350051273698443e-06	1.800000e+00
2.350077456752001e-06	1.800000e+00
2.350123337609240e-06	1.800000e+00
2.350215099323717e-06	1.800000e+00
2.350331037980866e-06	1.800000e+00
2.350501623046978e-06	1.800000e+00
2.350729834997603e-06	1.800000e+00
2.351003133855888e-06	1.800000e+00
2.351332479639022e-06	1.800000e+00
2.351804430445166e-06	1.800000e+00
2.352324462466460e-06	1.800000e+00
2.352828442583234e-06	1.800000e+00
2.353300627610841e-06	1.800000e+00
2.353770302538867e-06	1.800000e+00
2.354292049272254e-06	1.800000e+00
2.354876400680670e-06	1.800000e+00
2.355533350045628e-06	1.800000e+00
2.356232991662239e-06	1.800000e+00
2.357017732155871e-06	1.800000e+00
2.357788380541063e-06	1.800000e+00
2.358655262416336e-06	1.800000e+00
2.359563722038404e-06	1.800000e+00
2.360678065290906e-06	1.800000e+00
2.361858124054526e-06	1.800000e+00
2.363492200348697e-06	1.800000e+00
2.364980075721138e-06	1.800000e+00
2.367043172855039e-06	1.800000e+00
2.369191364533144e-06	1.800000e+00
2.372077494886448e-06	1.800000e+00
2.375220884131900e-06	1.800000e+00
2.379398495152306e-06	1.800000e+00
2.384281307652305e-06	1.800000e+00
2.389164120152305e-06	1.800000e+00
2.394046932652305e-06	1.800000e+00
2.398929745152305e-06	1.800000e+00
2.403812557652305e-06	1.800000e+00
2.408695370152304e-06	1.800000e+00
2.413578182652304e-06	1.800000e+00
2.418460995152304e-06	1.800000e+00
2.423343807652304e-06	1.800000e+00
2.428226620152304e-06	1.800000e+00
2.433109432652303e-06	1.800000e+00
2.437992245152303e-06	1.800000e+00
2.442875057652303e-06	1.800000e+00
2.445117187500000e-06	1.800000e+00
2.445515740304605e-06	1.800000e+00
2.446312845913815e-06	1.800000e+00
2.447907057132235e-06	1.800000e+00
2.450000000000000e-06	1.800000e+00
2.450527036484476e-06	1.800000e+00
2.450541131116551e-06	1.800000e+00
2.450569320380701e-06	1.800000e+00
2.450625698909002e-06	1.800000e+00
2.450738316022851e-06	1.800000e+00
2.450857121073367e-06	1.800000e+00
2.451094731174399e-06	1.800000e+00
2.451403166913370e-06	1.800000e+00
2.451736769554959e-06	1.800000e+00
2.452228713193669e-06	1.800000e+00
2.453097710070218e-06	1.800000e+00
2.454018086494732e-06	1.800000e+00
2.455227327165739e-06	1.800000e+00
2.456702468226116e-06	1.800000e+00
2.457658502251597e-06	1.800000e+00
2.458838423837473e-06	1.800000e+00
2.460078510048817e-06	1.800000e+00
2.461884238286640e-06	1.800000e+00
2.463533980532757e-06	1.800000e+00
2.466112907137264e-06	1.800000e+00
2.468960271014913e-06	1.800000e+00
2.473843083514913e-06	1.800000e+00
2.478725896014912e-06	1.800000e+00
2.483608708514912e-06	1.800000e+00
2.493374333514912e-06	1.800000e+00
2.545117187600000e-06	1.800000e+00
2.550000000100000e-06	1.800000e+00
2.551228853720806e-06	1.800000e+00
2.551775253159072e-06	1.800000e+00
2.552163710522297e-06	1.800000e+00
2.552624452445914e-06	1.800000e+00
2.553545936293149e-06	1.800000e+00
2.555375963635849e-06	1.800000e+00
2.556869845099874e-06	1.800000e+00
2.557012237171951e-06	1.800000e+00
2.557297021316106e-06	1.800000e+00
2.557866589604415e-06	1.800000e+00
2.558860863523382e-06	1.800000e+00
2.560000000100000e-06	1.800000e+00
2.560002977330044e-06	1.800000e+00
2.560008931790130e-06	1.800000e+00
2.560010394060730e-06	1.800000e+00
2.560012150954776e-06	1.800000e+00
2.560014551704855e-06	1.800000e+00
2.560017134329399e-06	1.800000e+00
2.560022299578486e-06	1.800000e+00
2.560031211499793e-06	1.800000e+00
2.560046436059051e-06	1.800000e+00
2.560075102957703e-06	1.800000e+00
2.560114572232377e-06	1.800000e+00
2.560193510781724e-06	1.800000e+00
2.560351387880418e-06	1.800000e+00
2.560571244249095e-06	1.800000e+00
2.561010956986450e-06	1.800000e+00
2.561599020914138e-06	1.800000e+00
2.562352843769239e-06	1.800000e+00
2.563860489479441e-06	1.800000e+00
2.565418034184778e-06	1.800000e+00
2.568077856954176e-06	1.800000e+00
2.571393825625594e-06	1.800000e+00
2.576276638125594e-06	1.800000e+00
2.581159450625594e-06	1.800000e+00
2.586042263125594e-06	1.800000e+00
2.590925075625594e-06	1.800000e+00
2.595807888125593e-06	1.800000e+00
2.600690700625593e-06	1.800000e+00
2.610456325625593e-06	1.800000e+00
2.688581325625590e-06	1.800000e+00
2.693464138125589e-06	1.800000e+00
2.695117187500001e-06	1.800000e+00
2.696693901251178e-06	1.800000e+00
2.697151914990581e-06	1.800000e+00
2.697762599976450e-06	1.800000e+00
2.698778630028260e-06	1.800000e+00
2.700000000000000e-06	1.793641e+00
2.700003133479556e-06	1.794747e+00
2.700009400438666e-06	1.806673e+00
2.700010932521789e-06	1.808334e+00
2.700012835293747e-06	1.805289e+00
2.700015003656530e-06	1.802262e+00
2.700017274263346e-06	1.801444e+00
2.700021815476977e-06	1.800775e+00
2.700030897904239e-06	1.800263e+00
2.700046969440166e-06	1.800019e+00
2.700067741143902e-06	1.799981e+00
2.700091224617178e-06	1.799988e+00
2.700121657252365e-06	1.799995e+00
2.700164366448047e-06	1.800001e+00
2.700230543258172e-06	1.800002e+00
2.700336573212649e-06	1.800002e+00
2.700529922933147e-06	1.800001e+00
2.700821707718414e-06	1.800001e+00
2.701122458482032e-06	1.800001e+00
2.701563443276383e-06	1.800000e+00
2.702148214117811e-06	1.800000e+00
2.703317755800666e-06	1.800000e+00
2.705656839166378e-06	1.800000e+00
2.709618491695045e-06	1.800000e+00
2.714501304195045e-06	1.800000e+00
2.719384116695044e-06	1.800000e+00
2.724266929195044e-06	1.800000e+00
2.729149741695044e-06	1.800000e+00
2.734032554195044e-06	1.800000e+00
2.738915366695044e-06	1.800000e+00
2.743798179195043e-06	1.800000e+00
2.748680991695043e-06	1.800000e+00
2.753563804195043e-06	1.800000e+00
2.758446616695043e-06	1.800000e+00
2.763329429195043e-06	1.800000e+00
2.768212241695042e-06	1.800000e+00
2.773095054195042e-06	1.800000e+00
2.777977866695042e-06	1.800000e+00
2.782860679195042e-06	1.800000e+00
2.787743491695042e-06	1.800000e+00
2.792626304195041e-06	1.800000e+00
2.795117187600001e-06	1.800000e+00
2.800000000100001e-06	1.799968e+00
2.800062612671625e-06	1.799996e+00
2.800167547796460e-06	1.800006e+00
2.800190702190678e-06	1.799993e+00
2.800226996915908e-06	1.799995e+00
2.800264145212867e-06	1.799999e+00
2.800301724677173e-06	1.799996e+00
2.800376883605784e-06	1.800001e+00
2.800482711397426e-06	1.799999e+00
2.800640767196973e-06	1.800000e+00
2.800923559726792e-06	1.800000e+00
2.801261371498107e-06	1.800000e+00
2.801755595431872e-06	1.800000e+00
2.802430166101639e-06	1.800000e+00
2.803471687145329e-06	1.800000e+00
2.804617220182963e-06	1.800000e+00
2.806144367990912e-06	1.800000e+00
2.806955646063028e-06	1.800000e+00
2.807770797475579e-06	1.800000e+00
2.808463380405888e-06	1.800000e+00
2.809001060257166e-06	1.800000e+00
2.809613142922975e-06	1.800000e+00
2.810422722091928e-06	1.800000e+00
2.811410362035073e-06	1.800000e+00
2.812484054033096e-06	1.800000e+00
2.813892031870888e-06	1.800000e+00
2.816044367566317e-06	1.800000e+00
2.820349038957176e-06	1.800000e+00
2.825231851457176e-06	1.800000e+00
2.830114663957176e-06	1.800000e+00
2.834997476457176e-06	1.800000e+00
2.839880288957175e-06	1.800000e+00
2.844763101457175e-06	1.800000e+00
2.845117187500001e-06	1.800000e+00
2.845825359585652e-06	1.800000e+00
2.847241703756955e-06	1.800000e+00
2.847849754132833e-06	1.800000e+00
2.848783899248244e-06	1.800000e+00
2.850000000000001e-06	1.800048e+00
2.850003113545814e-06	1.800034e+00
2.850009340637441e-06	1.799996e+00
2.850010872758483e-06	1.799997e+00
2.850012719411882e-06	1.799999e+00
2.850015339469405e-06	1.800000e+00
2.850018150309084e-06	1.800000e+00
2.850023771988444e-06	1.800000e+00
2.850033936870547e-06	1.800000e+00
2.850050908816490e-06	1.800000e+00
2.850074779538605e-06	1.800000e+00
2.850112901272180e-06	1.800000e+00
2.850189144739330e-06	1.800000e+00
2.850306048689709e-06	1.800000e+00
2.850432269650651e-06	1.800000e+00
2.850649857989969e-06	1.800000e+00
2.850915697263130e-06	1.800000e+00
2.851166823241207e-06	1.800000e+00
2.851481354495148e-06	1.800000e+00
2.851736608263627e-06	1.800000e+00
2.852004297793500e-06	1.800000e+00
2.852286370411063e-06	1.800000e+00
2.852542178044272e-06	1.800000e+00
2.852847322602563e-06	1.800000e+00
2.853203896200568e-06	1.800000e+00
2.853565838247575e-06	1.800000e+00
2.853962548662310e-06	1.800000e+00
2.854378787882700e-06	1.800000e+00
2.854825731165611e-06	1.800000e+00
2.855307895738505e-06	1.800000e+00
2.855860564995422e-06	1.800000e+00
2.856307916104100e-06	1.800000e+00
2.856870869689981e-06	1.800000e+00
2.857408432702585e-06	1.800000e+00
2.858042703059531e-06	1.800000e+00
2.858666586923318e-06	1.800000e+00
2.859386187937016e-06	1.800000e+00
2.860265767546530e-06	1.800000e+00
2.861064027226416e-06	1.800000e+00
2.862031711259562e-06	1.800000e+00
2.863166598086644e-06	1.800000e+00
2.864425858945416e-06	1.800000e+00
2.865928690105634e-06	1.800000e+00
2.867807509510380e-06	1.800000e+00
2.869998528411571e-06	1.800000e+00
2.872323430333933e-06	1.800000e+00
2.875891494647194e-06	1.800000e+00
2.879504760820586e-06	1.800000e+00
2.884044180951864e-06	1.800000e+00
2.888926993451864e-06	1.800000e+00
2.893809805951863e-06	1.800000e+00
2.898692618451863e-06	1.800000e+00
2.903575430951863e-06	1.800000e+00
2.908458243451863e-06	1.800000e+00
2.913341055951863e-06	1.800000e+00
2.918223868451862e-06	1.800000e+00
2.923106680951862e-06	1.800000e+00
2.932872305951862e-06	1.800000e+00
2.937755118451862e-06	1.800000e+00
2.942637930951861e-06	1.800000e+00
2.945117187500001e-06	1.800000e+00
2.950000000000001e-06	1.800000e+00
2.950009536743165e-06	1.800000e+00
2.950028610229493e-06	1.800000e+00
2.950033395678375e-06	1.800000e+00
2.950039164136737e-06	1.800000e+00
2.950050628718505e-06	1.800000e+00
2.950073557882043e-06	1.800000e+00
2.950119416209116e-06	1.800000e+00
2.950211132863264e-06	1.800000e+00
2.950350359832105e-06	1.800000e+00
2.950492099785581e-06	1.800000e+00
2.950669728140564e-06	1.800000e+00
2.950899057987404e-06	1.800000e+00
2.951177934753244e-06	1.800000e+00
2.951492546874534e-06	1.800000e+00
2.951967879649065e-06	1.800000e+00
2.952586137789204e-06	1.800000e+00
2.953335669631005e-06	1.800000e+00
2.954088955119355e-06	1.800000e+00
2.955030107299467e-06	1.800000e+00
2.956145180310899e-06	1.800000e+00
2.957475694058499e-06	1.800000e+00
2.958110249576855e-06	1.800000e+00
2.958729239762430e-06	1.800000e+00
2.959298937039329e-06	1.800000e+00
2.959726378942360e-06	1.800000e+00
2.960215170112839e-06	1.800000e+00
2.960916793852965e-06	1.800000e+00
2.961684735753104e-06	1.800000e+00
2.962565111382822e-06	1.800000e+00
2.963610250986136e-06	1.800000e+00
2.965066756410747e-06	1.800000e+00
2.967149141292742e-06	1.800000e+00
2.969695023856914e-06	1.800000e+00
2.972669107811232e-06	1.800000e+00
2.977551920311231e-06	1.800000e+00
2.982434732811231e-06	1.800000e+00
3.045117187600001e-06	1.800000e+00
3.050000000100000e-06	1.800000e+00
3.054882812600000e-06	1.800000e+00
3.055117187600001e-06	1.800000e+00
3.055585937600002e-06	1.800000e+00
3.056523437600005e-06	1.800000e+00
3.058125000099995e-06	1.800000e+00
3.060000000100001e-06	1.800000e+00
3.060005000964948e-06	1.800000e+00
3.060015002694842e-06	1.800000e+00
3.060017453550670e-06	1.800000e+00
3.060020412334636e-06	1.800000e+00
3.060025545626465e-06	1.800000e+00
3.060030788348158e-06	1.800000e+00
3.060041025801451e-06	1.800000e+00
3.060057910760548e-06	1.800000e+00
3.060078857675149e-06	1.800000e+00
3.060120751504351e-06	1.800000e+00
3.060192517232380e-06	1.800000e+00
3.060336048688438e-06	1.800000e+00
3.060565565972392e-06	1.800000e+00
3.061024600540301e-06	1.800000e+00
3.061619455788968e-06	1.800000e+00
3.062351813221369e-06	1.800000e+00
3.063620189265040e-06	1.800000e+00
3.065086715046925e-06	1.800000e+00
3.066580086998142e-06	1.800000e+00
3.068990779770359e-06	1.800000e+00
3.071751059751613e-06	1.800000e+00
3.076633872251613e-06	1.800000e+00
3.081516684751613e-06	1.800000e+00
3.086399497251613e-06	1.800000e+00
3.188938559751609e-06	1.800000e+00
3.193821372251608e-06	1.800000e+00
3.197408369503216e-06	1.800000e+00
3.200000000000001e-06	1.796988e+00
3.200006517331043e-06	1.798156e+00
3.200019551993126e-06	1.804229e+00
3.200022757985650e-06	1.802947e+00
3.200026650687392e-06	1.799698e+00
3.200030404343297e-06	1.799585e+00
3.200034572824818e-06	1.799946e+00
3.200040300560441e-06	1.799854e+00
3.200047948900628e-06	1.799964e+00
3.200060715212164e-06	1.799957e+00
3.200081897677296e-06	1.799994e+00
3.200119801055237e-06	1.800097e+00
3.200124601433501e-06	1.800038e+00
3.200125801528067e-06	1.800016e+00
3.200128201717199e-06	1.800007e+00
3.200133002095462e-06	1.800006e+00
3.200134202190028e-06	1.800006e+00
3.200136602379160e-06	1.800005e+00
3.200137202426443e-06	1.800005e+00
3.200140802710141e-06	1.800005e+00
3.200145603088404e-06	1.800005e+00
3.200155203844932e-06	1.800005e+00
3.200174405357986e-06	1.800005e+00
3.200212808384094e-06	1.800005e+00
3.200289614436312e-06	1.800004e+00
3.200395609312495e-06	1.800003e+00
3.200522451794303e-06	1.800003e+00
3.200665059403196e-06	1.800002e+00
3.200865047755377e-06	1.800002e+00
3.201164268313035e-06	1.800001e+00
3.201725423143478e-06	1.800001e+00
3.202847732804364e-06	1.800000e+00
3.204960576281730e-06	1.800000e+00
3.206593132129678e-06	1.800000e+00
3.208224714706685e-06	1.800000e+00
3.210164230882196e-06	1.800000e+00
3.212511669016577e-06	1.800000e+00
3.215767432608164e-06	1.800000e+00
3.220650245108164e-06	1.800000e+00
3.225533057608164e-06	1.800000e+00
3.230415870108164e-06	1.800000e+00
3.232639621451731e-06	1.800000e+00
3.232882310879886e-06	1.800000e+00
3.233367689736196e-06	1.800000e+00
3.234338447448816e-06	1.800002e+00
3.234787647683387e-06	1.800003e+00
3.234899947742030e-06	1.800004e+00
3.235124547859316e-06	1.800009e+00
3.235283663973216e-06	1.800027e+00
3.235434540240651e-06	1.800064e+00
3.235563189518123e-06	1.798519e+00
3.235656316989513e-06	1.785345e+00
3.235732315616840e-06	1.742297e+00
3.235792397694844e-06	1.678985e+00
3.235841077982888e-06	1.621178e+00
3.235892130204277e-06	1.546759e+00
3.235913904474839e-06	1.474390e+00
3.235940971111166e-06	1.290048e+00
3.235962076344066e-06	1.029615e+00
3.235979457914135e-06	6.830831e-01
3.235996596389594e-06	2.633320e-01
3.236005031820867e-06	9.918341e-02
3.236013454623769e-06	2.465007e-02
3.236022567676285e-06	4.948039e-03
3.236032126907919e-06	2.070616e-03
3.236043013065775e-06	1.310768e-03
3.236064785381488e-06	7.091651e-04
3.236095813529505e-06	4.183936e-04
3.236132270940060e-06	3.024254e-04
3.236173776649494e-06	2.376131e-04
3.236256788068364e-06	1.729511e-04
3.236369133332754e-06	1.043356e-04
3.236444989009977e-06	4.857175e-05
3.236538320341489e-06	-5.816734e-06
3.236611145665342e-06	-1.376213e-05
3.236693159074592e-06	-1.020085e-05
3.236779778305590e-06	-9.524725e-06
3.236952072926979e-06	-7.491413e-06
3.237256805529718e-06	-4.882372e-06
3.237669481800808e-06	-2.672751e-06
3.238121502461216e-06	-1.391248e-06
3.238581304566870e-06	-7.467463e-07
3.239196291348035e-06	-3.083375e-07
3.240054607509378e-06	-6.196851e-08
3.241189590871381e-06	5.013369e-08
3.242782721964106e-06	4.873960e-08
3.244928812186169e-06	2.144633e-08
3.248049306807643e-06	-6.415394e-09
3.251694946769215e-06	-1.161541e-05
3.252305298331715e-06	-2.728304e-06
3.252457886222340e-06	-1.849364e-08
3.252991943839528e-06	-1.295028e-08
3.253258972648122e-06	-1.053487e-08
3.253564148429372e-06	-1.126102e-08
3.254174499991872e-06	-1.397863e-08
3.255395203116872e-06	-1.599540e-08
3.257836609366872e-06	-1.369045e-08
3.261631004092707e-06	-4.104997e-09
3.262132906311273e-06	-1.322485e-09
3.262258381865914e-06	-1.842283e-09
3.262352488531896e-06	-4.685216e-09
3.262477964086537e-06	-9.463847e-09
3.262728915195820e-06	-1.547393e-08
3.263230817414385e-06	-1.826773e-08
3.264234621851516e-06	-1.653122e-08
3.266242230725779e-06	-1.406448e-08
3.270257448474305e-06	-1.161730e-08
3.275140260974304e-06	-8.483809e-09
3.280023073474304e-06	-5.767212e-09
3.284905885974304e-06	-3.742872e-09
3.289788698474304e-06	-2.277527e-09
3.294671510974304e-06	-1.186306e-09
3.295117187600001e-06	-1.102491e-09
3.296008540851395e-06	-9.608051e-10
3.297791247354183e-06	-7.159364e-10
3.300000000100000e-06	-5.494999e-05
3.300006306252468e-06	-2.256317e-05
3.300018918557403e-06	7.632199e-05
3.300021981007280e-06	4.023758e-05
3.300025815171912e-06	-1.138154e-05
3.300033483501175e-06	-2.857191e-06
3.300044208633204e-06	-1.259282e-06
3.300065658897262e-06	-3.637284e-07
3.300095959781924e-06	-1.229039e-07
3.300133188087598e-06	-1.811761e-08
3.300166730651577e-06	-8.864843e-09
3.300209409741097e-06	3.585155e-09
3.300256755274443e-06	-3.712484e-09
3.300321953569234e-06	2.811646e-09
3.300398348612169e-06	-1.773270e-09
3.300512001782001e-06	2.753229e-09
3.300681585238449e-06	7.659619e-10
3.300861742418796e-06	1.885293e-09
3.301113386921192e-06	1.201709e-09
3.301340851825652e-06	1.798862e-09
3.301687352144951e-06	7.655774e-10
3.302098863895656e-06	1.574326e-09
3.302869554436593e-06	7.973767e-10
3.304005392151753e-06	1.185090e-09
3.305943953020955e-06	8.907129e-10
3.309477949001260e-06	9.632318e-10
3.312188787964855e-06	9.791490e-10
3.315353478635455e-06	1.006956e-09
3.318552968203880e-06	9.887716e-10
3.322135495559820e-06	1.041363e-09
3.327018308059820e-06	1.005034e-09
3.331901120559820e-06	1.005031e-09
3.345117187500001e-06	9.637628e-10
3.350000000000001e-06	-1.358928e-07
3.350001192092896e-06	-1.070623e-07
3.350003576278687e-06	-1.282514e-08
3.350004172437571e-06	-2.873326e-09
3.350004890791915e-06	-1.393904e-09
3.350006327500603e-06	-1.699889e-11
3.350008140405931e-06	5.562057e-10
3.350011766216587e-06	6.686208e-10
3.350017952128021e-06	6.291376e-10
3.350024766411343e-06	6.960302e-10
3.350034669266355e-06	8.884876e-10
3.350048717525471e-06	1.064096e-09
3.350069010857803e-06	1.114375e-09
3.350091571110719e-06	1.078514e-09
3.350125875569538e-06	1.037009e-09
3.350172429630389e-06	1.018648e-09
3.350248519322959e-06	1.010679e-09
3.350350989293765e-06	1.007623e-09
3.350504774993734e-06	1.006333e-09
3.350681267312471e-06	1.005769e-09
3.350908448841177e-06	1.005226e-09
3.351126569642224e-06	1.004780e-09
3.351415609878358e-06	1.004519e-09
3.351908784815474e-06	1.004697e-09
3.352449990203205e-06	1.004979e-09
3.352993031349970e-06	1.005094e-09
3.353586549255240e-06	1.005191e-09
3.354285593570870e-06	1.005225e-09
3.355127533012270e-06	1.005175e-09
3.355970402131405e-06	1.005128e-09
3.356668301032269e-06	1.005107e-09
3.357431425759611e-06	1.005110e-09
3.358306548190994e-06	1.005137e-09
3.359407399494518e-06	1.005153e-09
3.360445553485165e-06	1.005143e-09
3.362098692169599e-06	1.005132e-09
3.363626646339433e-06	1.005136e-09
3.365832583814361e-06	1.005140e-09
3.368094667152496e-06	1.005137e-09
3.371877156932641e-06	1.005138e-09
3.375819898186190e-06	1.005138e-09
3.380702710686190e-06	1.005138e-09
3.385585523186190e-06	1.005138e-09
3.390468335686190e-06	1.005138e-09
3.395351148186190e-06	1.005138e-09
3.400233960686189e-06	1.005138e-09
3.405116773186189e-06	1.005138e-09
3.409999585686189e-06	1.005138e-09
3.414882398186189e-06	1.005138e-09
3.419765210686189e-06	1.005138e-09
3.424648023186188e-06	1.005138e-09
3.429530835686188e-06	1.005138e-09
3.434413648186188e-06	1.005138e-09
3.439296460686188e-06	1.005138e-09
3.444179273186188e-06	1.005141e-09
3.445117187500001e-06	1.005140e-09
3.446993016127628e-06	1.005137e-09
3.450000000000001e-06	9.999223e-10
3.450008855778164e-06	9.923463e-10
3.450026567334489e-06	9.583871e-10
3.450030858019571e-06	9.491379e-10
3.450036293973961e-06	9.430318e-10
3.450046655993207e-06	9.513400e-10
3.450059342317903e-06	9.740488e-10
3.450084714967294e-06	1.008784e-09
3.450120614988751e-06	1.022817e-09
3.450166037015122e-06	1.018452e-09
3.450224742934827e-06	1.012262e-09
3.450297108767879e-06	1.009002e-09
3.450386675654190e-06	1.007166e-09
3.450502902301964e-06	1.006181e-09
3.450662073083335e-06	1.005603e-09
3.450888690436065e-06	1.005235e-09
3.451168387300445e-06	1.004989e-09
3.451548843295026e-06	1.004876e-09
3.452046979138083e-06	1.004933e-09
3.452605251154256e-06	1.005039e-09
3.453202630378709e-06	1.005105e-09
3.453813492058660e-06	1.005147e-09
3.454508295948978e-06	1.005167e-09
3.455162448235179e-06	1.005160e-09
3.456137053468001e-06	1.005138e-09
3.457171156713389e-06	1.005130e-09
3.458316592173620e-06	1.005135e-09
3.459768758371237e-06	1.005142e-09
3.461033540031015e-06	1.005141e-09
3.462536406642440e-06	1.005138e-09
3.464416797736372e-06	1.005138e-09
3.466233555635025e-06	1.005139e-09
3.468140336143774e-06	1.005138e-09
3.471287237804002e-06	1.005138e-09
3.476170050304002e-06	1.005138e-09
3.481052862804001e-06	1.005138e-09
3.485935675304001e-06	1.005138e-09
3.547648950915994e-06	1.005138e-09
3.550000000100000e-06	1.005138e-09
3.554702098468012e-06	1.005139e-09
3.555117187600001e-06	1.005139e-09
3.555947365863978e-06	1.005137e-09
3.557607722391932e-06	1.005146e-09
3.557656336061657e-06	1.005143e-09
3.557753563401109e-06	1.005138e-09
3.557948018080012e-06	1.005139e-09
3.558336927437817e-06	1.005139e-09
3.559114746153429e-06	1.005138e-09
3.560000000100001e-06	8.990139e-10
3.560002270575913e-06	8.453493e-10
3.560006811527738e-06	7.283013e-10
3.560007928318043e-06	7.705136e-10
3.560009273636448e-06	8.704161e-10
3.560011095615748e-06	9.716380e-10
3.560013055406602e-06	1.032087e-09
3.560016974988310e-06	1.077820e-09
3.560024814151726e-06	1.084792e-09
3.560040492478559e-06	1.048694e-09
3.560071849132224e-06	1.011306e-09
3.560114820079280e-06	1.004502e-09
3.560200761973391e-06	1.005991e-09
3.560372645761612e-06	1.005411e-09
3.560704812001614e-06	1.005209e-09
3.561069740230676e-06	1.005132e-09
3.561627119586498e-06	1.005140e-09
3.562505017846737e-06	1.005129e-09
3.563470611976557e-06	1.005135e-09
3.564761568530349e-06	1.005131e-09
3.567005899356444e-06	1.005138e-09
3.570641469750963e-06	1.005137e-09
3.575524282250963e-06	1.005138e-09
3.580407094750963e-06	1.005138e-09
3.585289907250963e-06	1.005138e-09
3.590172719750963e-06	1.005138e-09
3.687828969750959e-06	1.005138e-09
3.692711782250958e-06	1.005137e-09
3.695117187500001e-06	1.005219e-09
3.695189189501916e-06	1.005184e-09
3.695333193505744e-06	1.005123e-09
3.695621201513402e-06	1.005144e-09
3.696197217528717e-06	1.005135e-09
3.697349249559347e-06	1.005132e-09
3.697695935938741e-06	1.005133e-09
3.698389308697528e-06	1.005130e-09
3.698613254482426e-06	1.005132e-09
3.699061146052223e-06	1.005100e-09
3.699190358476776e-06	1.005145e-09
3.699362641709514e-06	1.005136e-09
3.699655433534526e-06	1.005140e-09
3.700000000000001e-06	2.601979e-04
3.700000861421512e-06	2.309187e-04
3.700002584264535e-06	-8.432323e-05
3.700003010228420e-06	-1.232642e-04
3.700003533389778e-06	-7.866481e-05
3.700004579712494e-06	-3.394123e-05
3.700006672357925e-06	8.710734e-06
3.700010857648786e-06	4.018128e-05
3.700015793573195e-06	4.217197e-05
3.700021742869336e-06	2.819949e-05
3.700026708249050e-06	1.690664e-05
3.700032258871595e-06	8.553143e-06
3.700042593332171e-06	8.645743e-07
3.700058838953609e-06	-2.953069e-06
3.700077236616743e-06	-2.999308e-06
3.700102828637610e-06	-1.988955e-06
3.700138807747744e-06	-1.346349e-06
3.700210765968011e-06	-1.058565e-06
3.700354682408545e-06	-8.682474e-07
3.700642515289614e-06	-5.784170e-07
3.701141293720624e-06	-2.278722e-07
3.701207150234955e-06	-1.955110e-07
3.701338863263616e-06	-1.472352e-07
3.701371791520781e-06	-1.376206e-07
3.701454112163695e-06	-1.167815e-07
3.701487040420860e-06	-1.059479e-07
3.701495272485151e-06	-1.019174e-07
3.701511736613734e-06	-9.028120e-08
3.701540548838753e-06	-6.026105e-08
3.701573477095919e-06	-3.844896e-08
3.701639333610249e-06	-2.182664e-08
3.701771046638911e-06	-1.126218e-08
3.702034472696233e-06	-1.551895e-09
3.702561324810878e-06	5.562938e-09
3.703277592119680e-06	6.064841e-09
3.704401531560942e-06	5.125819e-10
3.706269745318348e-06	-1.042197e-08
3.706545379614992e-06	-1.195204e-08
3.707096648208280e-06	-2.269678e-08
3.707696822921651e-06	-1.281356e-06
3.708116280549896e-06	-5.583611e-06
3.708171611318313e-06	-8.444577e-06
3.708282272855148e-06	-2.114914e-05
3.708379389534082e-06	-4.469755e-05
3.708466510982720e-06	-9.114100e-05
3.708565927183503e-06	-1.855005e-04
3.708675269711053e-06	-3.355337e-04
3.708755507009361e-06	1.089623e-02
3.708855160622030e-06	5.562205e-02
3.708861966739743e-06	6.888450e-02
3.708875578975168e-06	1.375064e-01
3.708890754375933e-06	2.661389e-01
3.708892937485299e-06	2.944927e-01
3.708897303704033e-06	3.679804e-01
3.708906036141500e-06	5.299060e-01
3.708915481419011e-06	7.187712e-01
3.708928693912834e-06	1.006839e+00
3.708936508486990e-06	1.204333e+00
3.708942744320958e-06	1.392772e+00
3.708950851323792e-06	1.655132e+00
3.708953955736753e-06	1.731868e+00
3.708957443162489e-06	1.773605e+00
3.708961142525726e-06	1.789473e+00
3.708964612700786e-06	1.794687e+00
3.708969455402184e-06	1.797773e+00
3.708975412725158e-06	1.799096e+00
3.708982840688232e-06	1.799414e+00
3.708992036784931e-06	1.799643e+00
3.709004986311169e-06	1.799944e+00
3.709024733259427e-06	1.800146e+00
3.709049925927527e-06	1.800186e+00
3.709093771975032e-06	1.800182e+00
3.709179936695970e-06	1.800167e+00
3.709343697896639e-06	1.800139e+00
3.709514297785017e-06	1.800118e+00
3.709738563280236e-06	1.800096e+00
3.709981362016636e-06	1.800079e+00
3.710275330627410e-06	1.800063e+00
3.710560998597800e-06	1.800052e+00
3.710938717585086e-06	1.800050e+00
3.710981679981221e-06	1.800047e+00
3.711067604773492e-06	1.800040e+00
3.711089085971559e-06	1.800040e+00
3.711098483995714e-06	1.800040e+00
3.711102511720351e-06	1.800040e+00
3.711106539444989e-06	1.800040e+00
3.711110567169627e-06	1.800040e+00
3.711114594894264e-06	1.800040e+00
3.711118622618902e-06	1.800040e+00
3.711122650343539e-06	1.800039e+00
3.711126678068177e-06	1.800039e+00
3.711132048367694e-06	1.800039e+00
3.711142788966728e-06	1.800039e+00
3.711164270164796e-06	1.800038e+00
3.711207232560931e-06	1.800037e+00
3.711293157353201e-06	1.800034e+00
3.711465006937741e-06	1.800029e+00
3.711808706106822e-06	1.800022e+00
3.712330353446878e-06	1.800016e+00
3.713095852120866e-06	1.800011e+00
3.714463701749857e-06	1.800006e+00
3.716989759810115e-06	1.800002e+00
3.719587259938397e-06	1.800001e+00
3.724112751113047e-06	1.800000e+00
3.728995563613047e-06	1.800000e+00
3.733878376113047e-06	1.800000e+00
3.743644001113047e-06	1.800000e+00
3.753409626113046e-06	1.800000e+00
3.763175251113046e-06	1.800000e+00
3.772940876113045e-06	1.800000e+00
3.782706501113045e-06	1.800000e+00
3.792472126113045e-06	1.800000e+00
3.795117187600001e-06	1.800000e+00
3.800000000100000e-06	1.799597e+00
3.800009536843164e-06	1.799763e+00
3.800028610329493e-06	1.800338e+00
3.800033379625867e-06	1.800225e+00
3.800038931283155e-06	1.800070e+00
3.800046050648007e-06	1.800095e+00
3.800053785401800e-06	1.800061e+00
3.800067952498886e-06	1.800052e+00
3.800086841224065e-06	1.800030e+00
3.800124618674423e-06	1.800015e+00
3.800180532770049e-06	1.800004e+00
3.800292360961299e-06	1.800001e+00
3.800506416642528e-06	1.800000e+00
3.800726906393207e-06	1.800000e+00
3.801010452194543e-06	1.800000e+00
3.801322433058781e-06	1.800000e+00
3.801784347522271e-06	1.800000e+00
3.802366723141298e-06	1.800000e+00
3.803509206625581e-06	1.800000e+00
3.804887360406748e-06	1.800000e+00
3.806130661244934e-06	1.800000e+00
3.806908508169653e-06	1.800000e+00
3.807670957340748e-06	1.800000e+00
3.808535369876939e-06	1.800000e+00
3.809666170623827e-06	1.800000e+00
3.811038768309880e-06	1.800000e+00
3.812640905453460e-06	1.800000e+00
3.814997857023288e-06	1.800000e+00
3.819401268598201e-06	1.800000e+00
3.824284081098201e-06	1.800000e+00
3.829166893598201e-06	1.800000e+00
3.838932518598200e-06	1.800000e+00
3.843815331098200e-06	1.800000e+00
3.847396287196399e-06	1.800000e+00
3.850000000000000e-06	1.800015e+00
3.850001192092896e-06	1.800011e+00
3.850003576278687e-06	1.800000e+00
3.850004171195803e-06	1.799999e+00
3.850004889439712e-06	1.800000e+00
3.850006325927529e-06	1.800000e+00
3.850007868811887e-06	1.800000e+00
3.850010954580603e-06	1.800000e+00
3.850017126118036e-06	1.800000e+00
3.850029469192901e-06	1.800000e+00
3.850048477882815e-06	1.800000e+00
3.850073122949141e-06	1.800000e+00
3.850114716248527e-06	1.800000e+00
3.850197902847300e-06	1.800000e+00
3.850310842758699e-06	1.800000e+00
3.850462085926519e-06	1.800000e+00
3.850682564543445e-06	1.800000e+00
3.850938161480589e-06	1.800000e+00
3.851241373473222e-06	1.800000e+00
3.851673595486089e-06	1.800000e+00
3.852167601390831e-06	1.800000e+00
3.852629562508828e-06	1.800000e+00
3.853094695858810e-06	1.800000e+00
3.853558915774634e-06	1.800000e+00
3.854095511679367e-06	1.800000e+00
3.854690658658774e-06	1.800000e+00
3.855281799984567e-06	1.800000e+00
3.856007524430070e-06	1.800000e+00
3.856828464326404e-06	1.800000e+00
3.857610189793979e-06	1.800000e+00
3.858459045158886e-06	1.800000e+00
3.859485577009300e-06	1.800000e+00
3.860465691305659e-06	1.800000e+00
3.861733493046519e-06	1.800000e+00
3.863094660603368e-06	1.800000e+00
3.864697943562638e-06	1.800000e+00
3.866610161950877e-06	1.800000e+00
3.868683543842883e-06	1.800000e+00
3.871081750440546e-06	1.800000e+00
3.874700252958069e-06	1.800000e+00
3.878189954424019e-06	1.800000e+00
3.882915857443788e-06	1.800000e+00
3.887798669943787e-06	1.800000e+00
3.892681482443787e-06	1.800000e+00
3.897564294943787e-06	1.800000e+00
3.902447107443787e-06	1.800000e+00
3.907329919943787e-06	1.800000e+00
3.912212732443786e-06	1.800000e+00
3.917095544943786e-06	1.800000e+00
3.921978357443786e-06	1.800000e+00
3.926861169943786e-06	1.800000e+00
3.931743982443786e-06	1.800000e+00
3.936626794943785e-06	1.800000e+00
3.941509607443785e-06	1.800000e+00
3.945117187500000e-06	1.800000e+00
3.950000000000000e-06	1.800000e+00
3.950014741108840e-06	1.800000e+00
3.950044223326518e-06	1.800000e+00
3.950051328042673e-06	1.800000e+00
3.950060399266959e-06	1.800000e+00
3.950078541715531e-06	1.800000e+00
3.950114826612674e-06	1.800000e+00
3.950176129691133e-06	1.800000e+00
3.950292344999540e-06	1.800000e+00
3.950414774256585e-06	1.800000e+00
3.950608532718270e-06	1.800000e+00
3.950828977215889e-06	1.800000e+00
3.951109717707522e-06	1.800000e+00
3.951443138057188e-06	1.800000e+00
3.952014555997949e-06	1.800000e+00
3.952819787732127e-06	1.800000e+00
3.953668054103136e-06	1.800000e+00
3.954696506431170e-06	1.800000e+00
3.955757868110950e-06	1.800000e+00
3.956886656674014e-06	1.800000e+00
3.957526351166018e-06	1.800000e+00
3.958478554459966e-06	1.800000e+00
3.959389575143848e-06	1.800000e+00
3.960557863165958e-06	1.800000e+00
3.961832112419472e-06	1.800000e+00
3.963496504239284e-06	1.800000e+00
3.965939795471941e-06	1.800000e+00
3.969660804982016e-06	1.800000e+00
3.973670624634514e-06	1.800000e+00
3.978553437134514e-06	1.800000e+00
3.983436249634514e-06	1.800000e+00
3.988319062134513e-06	1.800000e+00
3.993201874634513e-06	1.800000e+00
4.045117187600000e-06	1.800000e+00
4.050000000100000e-06	1.800000e+00
4.054882812600000e-06	1.800000e+00
4.055117187600000e-06	1.800000e+00
4.055585937600001e-06	1.800000e+00
4.056523437600002e-06	1.800000e+00
4.058125000099998e-06	1.800000e+00
4.060000000100000e-06	1.800000e+00
4.060004846761643e-06	1.800000e+00
4.060014540084929e-06	1.800000e+00
4.060016925768593e-06	1.800000e+00
4.060019762918396e-06	1.800000e+00
4.060024000846236e-06	1.800000e+00
4.060028436153660e-06	1.800000e+00
4.060036368032595e-06	1.800000e+00
4.060047915197622e-06	1.800000e+00
4.060067025337632e-06	1.800000e+00
4.060105245617653e-06	1.800000e+00
4.060160848473997e-06	1.800000e+00
4.060272054186686e-06	1.800000e+00
4.060481308059379e-06	1.800000e+00
4.060838514264650e-06	1.800000e+00
4.061481046487504e-06	1.800000e+00
4.062145558771887e-06	1.800000e+00
4.063474583340655e-06	1.800000e+00
4.065067771276773e-06	1.800000e+00
4.067434748532789e-06	1.800000e+00
4.069801096064335e-06	1.800000e+00
4.074533791127427e-06	1.800000e+00
4.079416603627427e-06	1.800000e+00
4.084299416127426e-06	1.800000e+00
4.089182228627426e-06	1.800000e+00
4.094065041127426e-06	1.800000e+00
4.103830666127426e-06	1.800000e+00
4.108713478627425e-06	1.800000e+00
4.113596291127425e-06	1.800000e+00
4.118479103627425e-06	1.800000e+00
4.128244728627425e-06	1.800000e+00
4.138010353627424e-06	1.800000e+00
4.147775978627424e-06	1.800000e+00
4.157541603627423e-06	1.800000e+00
4.167307228627423e-06	1.800000e+00
4.177072853627423e-06	1.800000e+00
4.186838478627422e-06	1.800000e+00
4.195117187500001e-06	1.800000e+00
4.200000000000000e-06	1.798016e+00
4.200009536743164e-06	1.798968e+00
4.200028610229492e-06	1.802566e+00
4.200033377515369e-06	1.801168e+00
4.200038993685580e-06	1.799304e+00
4.200045012047446e-06	1.799830e+00
4.200051719508817e-06	1.799978e+00
4.200061477156904e-06	1.799940e+00
4.200072249192984e-06	1.800009e+00
4.200088510327750e-06	1.799969e+00
4.200110491785883e-06	1.800004e+00
4.200142489973142e-06	1.799991e+00
4.200191181435592e-06	1.800007e+00
4.200263063701498e-06	1.800214e+00
4.200277007925054e-06	1.800172e+00
4.200304896372167e-06	1.800003e+00
4.200360673266393e-06	1.800009e+00
4.200374617489949e-06	1.800004e+00
4.200378103545839e-06	1.800002e+00
4.200385075657617e-06	1.800002e+00
4.200399019881173e-06	1.800002e+00
4.200426908328286e-06	1.800002e+00
4.200482685222512e-06	1.800001e+00
4.200594239010963e-06	1.800001e+00
4.200817346587866e-06	1.800001e+00
4.201116355621756e-06	1.800001e+00
4.201456910350865e-06	1.800000e+00
4.201991603456275e-06	1.800000e+00
4.203060989667094e-06	1.799999e+00
4.205199762088733e-06	1.799999e+00
4.208752115108971e-06	1.800000e+00
4.209362466671471e-06	1.800000e+00
4.210583169796471e-06	1.800000e+00
4.213024576046471e-06	1.800000e+00
4.213634927608971e-06	1.800000e+00
4.214855630733971e-06	1.800000e+00
4.217297036983971e-06	1.800000e+00
4.220565158170652e-06	1.800000e+00
4.224442297726659e-06	1.800000e+00
4.229325110226659e-06	1.800000e+00
4.234207922726658e-06	1.800000e+00
4.239090735226658e-06	1.800000e+00
4.243973547726658e-06	1.800000e+00
4.248856360226658e-06	1.800000e+00
4.253739172726658e-06	1.800000e+00
4.258621985226657e-06	1.800000e+00
4.263504797726657e-06	1.800000e+00
4.268387610226657e-06	1.800000e+00
4.273270422726657e-06	1.800000e+00
4.278153235226657e-06	1.800000e+00
4.283036047726656e-06	1.800000e+00
4.287918860226656e-06	1.800000e+00
4.292801672726656e-06	1.800000e+00
4.295872535859933e-06	1.800000e+00
4.297985738073513e-06	1.800000e+00
4.300000000100000e-06	1.799214e+00
4.300005060686865e-06	1.799451e+00
4.300015181860596e-06	1.800600e+00
4.300017668439805e-06	1.800488e+00
4.300020692254227e-06	1.800163e+00
4.300024704618106e-06	1.800164e+00
4.300029139931094e-06	1.800138e+00
4.300038010557069e-06	1.800108e+00
4.300051571019391e-06	1.800075e+00
4.300073686084460e-06	1.800044e+00
4.300098344208851e-06	1.800025e+00
4.300147660457631e-06	1.800009e+00
4.300245263040296e-06	1.800001e+00
4.300421376993771e-06	1.800000e+00
4.300600457879525e-06	1.800000e+00
4.300846065384826e-06	1.800000e+00
4.301147807828531e-06	1.800000e+00
4.301674437365741e-06	1.800000e+00
4.302506945588182e-06	1.800000e+00
4.303668637196214e-06	1.800000e+00
4.304725628259841e-06	1.800000e+00
4.306275317962621e-06	1.800000e+00
4.307709497682920e-06	1.800000e+00
4.309080418571164e-06	1.800000e+00
4.309856113152682e-06	1.800000e+00
4.310364071391328e-06	1.800000e+00
4.310848635531554e-06	1.800000e+00
4.311427811134129e-06	1.800000e+00
4.311773993544760e-06	1.800000e+00
4.312193795661340e-06	1.800000e+00
4.312636301769337e-06	1.800000e+00
4.313244396263820e-06	1.800000e+00
4.313970664162182e-06	1.800000e+00
4.314785643463647e-06	1.800000e+00
4.315813773548802e-06	1.800000e+00
4.317257269889712e-06	1.800000e+00
4.319627343450604e-06	1.800000e+00
4.323469384938258e-06	1.800000e+00
4.327898484808732e-06	1.800000e+00
4.332781297308732e-06	1.800000e+00
4.337664109808732e-06	1.800000e+00
4.342546922308732e-06	1.800000e+00
4.345117187500001e-06	1.800000e+00
4.350000000000001e-06	1.799999e+00
4.350001192092897e-06	1.799999e+00
4.350003576278688e-06	1.800000e+00
4.350004172301974e-06	1.800000e+00
4.350004888934681e-06	1.800000e+00
4.350006322200095e-06	1.800000e+00
4.350007862704591e-06	1.800000e+00
4.350010943713584e-06	1.800000e+00
4.350017105731570e-06	1.800000e+00
4.350025865518095e-06	1.800000e+00
4.350036063608238e-06	1.800000e+00
4.350049914340755e-06	1.800000e+00
4.350071139615964e-06	1.800000e+00
4.350113590166382e-06	1.800000e+00
4.350198491267219e-06	1.800000e+00
4.350328306435373e-06	1.800000e+00
4.350450640820806e-06	1.800000e+00
4.350638422450783e-06	1.800000e+00
4.350851080569106e-06	1.800000e+00
4.351094647413156e-06	1.800000e+00
4.351299638330023e-06	1.800000e+00
4.351489760230690e-06	1.800000e+00
4.351716221600399e-06	1.800000e+00
4.351969384539105e-06	1.800000e+00
4.352167894551202e-06	1.800000e+00
4.352411640350626e-06	1.800000e+00
4.352685884279733e-06	1.800000e+00
4.353073881532430e-06	1.800000e+00
4.353435157795404e-06	1.800000e+00
4.353822262103776e-06	1.800000e+00
4.354210446220163e-06	1.800000e+00
4.354695863453690e-06	1.800000e+00
4.355211439684519e-06	1.800000e+00
4.355772582363529e-06	1.800000e+00
4.356391828576331e-06	1.800000e+00
4.357053756116108e-06	1.800000e+00
4.357806305919584e-06	1.800000e+00
4.358644736859778e-06	1.800000e+00
4.359464281590870e-06	1.800000e+00
4.360531488629300e-06	1.800000e+00
4.361545332542366e-06	1.800000e+00
4.362912185580930e-06	1.800000e+00
4.364489387356473e-06	1.800000e+00
4.366291106750633e-06	1.800000e+00
4.368513206544834e-06	1.800000e+00
4.371245738925599e-06	1.800000e+00
4.374357320125299e-06	1.800000e+00
4.378949065185772e-06	1.800000e+00
4.383831877685772e-06	1.800000e+00
4.388714690185772e-06	1.800000e+00
4.393597502685772e-06	1.800000e+00
4.398480315185771e-06	1.800000e+00
4.403363127685771e-06	1.800000e+00
4.408245940185771e-06	1.800000e+00
4.413128752685771e-06	1.800000e+00
4.418011565185771e-06	1.800000e+00
4.422894377685770e-06	1.800000e+00
4.427777190185770e-06	1.800000e+00
4.432660002685770e-06	1.800000e+00
4.437542815185770e-06	1.800000e+00
4.442425627685770e-06	1.800000e+00
4.445117187500001e-06	1.800000e+00
4.450000000000001e-06	1.800000e+00
4.450012161344548e-06	1.800000e+00
4.450036484033641e-06	1.800000e+00
4.450042500101686e-06	1.800000e+00
4.450049902136314e-06	1.800000e+00
4.450058546481044e-06	1.800000e+00
4.450075835170502e-06	1.800000e+00
4.450096641578745e-06	1.800000e+00
4.450135291800969e-06	1.800000e+00
4.450199265243328e-06	1.800000e+00
4.450327212128046e-06	1.800000e+00
4.450494255467855e-06	1.800000e+00
4.450683631919675e-06	1.800000e+00
4.450894539736176e-06	1.800000e+00
4.451134759234507e-06	1.800000e+00
4.451442169120951e-06	1.800000e+00
4.451802824960071e-06	1.800000e+00
4.452357062843105e-06	1.800000e+00
4.453202597413571e-06	1.800000e+00
4.454184954497792e-06	1.800000e+00
4.455152467662926e-06	1.800000e+00
4.456359803947512e-06	1.800000e+00
4.457223489262381e-06	1.800000e+00
4.458016117594990e-06	1.800000e+00
4.458965900658219e-06	1.800000e+00
4.459981172030488e-06	1.800000e+00
4.460455758037343e-06	1.800000e+00
4.460849879058459e-06	1.800000e+00
4.461214930670895e-06	1.800000e+00
4.461666106396615e-06	1.800000e+00
4.461970725630524e-06	1.800000e+00
4.462292332357539e-06	1.800000e+00
4.462638459405073e-06	1.800000e+00
4.463137828859270e-06	1.800000e+00
4.463723139216867e-06	1.800000e+00
4.464363148489791e-06	1.800000e+00
4.465170008887053e-06	1.800000e+00
4.466209084390841e-06	1.800000e+00
4.467580737853491e-06	1.800000e+00
4.469704599367031e-06	1.800000e+00
4.472061198089304e-06	1.800000e+00
4.474621658901860e-06	1.800000e+00
4.479162663306468e-06	1.800000e+00
4.484045475806467e-06	1.800000e+00
4.488928288306467e-06	1.800000e+00
4.493811100806467e-06	1.800000e+00
4.498693913306467e-06	1.800000e+00
4.508459538306466e-06	1.800000e+00
4.545117187600001e-06	1.800000e+00
4.550000000100000e-06	1.800000e+00
4.554882812600000e-06	1.800000e+00
4.555117187600000e-06	1.800000e+00
4.555585937600001e-06	1.800000e+00
4.556523437600002e-06	1.800000e+00
4.558125000099998e-06	1.800000e+00
4.560000000100000e-06	1.800000e+00
4.560005167820745e-06	1.800000e+00
4.560015503262232e-06	1.800000e+00
4.560018024479885e-06	1.800000e+00
4.560021117935513e-06	1.800000e+00
4.560027304846768e-06	1.800000e+00
4.560033984577008e-06	1.800000e+00
4.560047344037489e-06	1.800000e+00
4.560074062958450e-06	1.800000e+00
4.560102070539603e-06	1.800000e+00
4.560158085701909e-06	1.800000e+00
4.560270116026521e-06	1.800000e+00
4.560476759014299e-06	1.800000e+00
4.560799327377588e-06	1.800000e+00
4.561308553640132e-06	1.800000e+00
4.561860878671095e-06	1.800000e+00
4.562862380699774e-06	1.800000e+00
4.564224993277815e-06	1.800000e+00
4.565657907800415e-06	1.800000e+00
4.567849821298137e-06	1.800000e+00
4.571234181202199e-06	1.800000e+00
4.576116993702199e-06	1.800000e+00
4.580999806202199e-06	1.800000e+00
4.590765431202198e-06	1.800000e+00
4.688421681202194e-06	1.800000e+00
4.693304493702194e-06	1.800000e+00
4.695117187500001e-06	1.800000e+00
4.696374612404387e-06	1.800000e+00
4.697485150191228e-06	1.800000e+00
4.697778924426320e-06	1.800000e+00
4.698366472896503e-06	1.800000e+00
4.698824903059634e-06	1.800000e+00
4.699083139673740e-06	1.800000e+00
4.699483526771789e-06	1.800000e+00
4.700000000000001e-06	1.790489e+00
4.700001323417904e-06	1.789024e+00
4.700003970253710e-06	1.795253e+00
4.700004616531166e-06	1.800953e+00
4.700005423180821e-06	1.805842e+00
4.700006633556068e-06	1.806137e+00
4.700007909565249e-06	1.804970e+00
4.700010461583612e-06	1.803071e+00
4.700015565620338e-06	1.801165e+00
4.700023852433094e-06	1.800088e+00
4.700033892318548e-06	1.799870e+00
4.700049706447972e-06	1.799933e+00
4.700069058122357e-06	1.799983e+00
4.700092976303389e-06	1.799998e+00
4.700096757902504e-06	1.799999e+00
4.700104321100734e-06	1.800002e+00
4.700106211900292e-06	1.800002e+00
4.700109993499407e-06	1.800002e+00
4.700110938899185e-06	1.800002e+00
4.700112829698743e-06	1.800002e+00
4.700117556697637e-06	1.800003e+00
4.700119447497194e-06	1.800003e+00
4.700123229096309e-06	1.800003e+00
4.700130792294539e-06	1.800003e+00
4.700145918690999e-06	1.800004e+00
4.700176171483920e-06	1.800004e+00
4.700236677069763e-06	1.800005e+00
4.700342925895348e-06	1.800005e+00
4.700456599734414e-06	1.800005e+00
4.700589729338132e-06	1.800005e+00
4.700753377909278e-06	1.800004e+00
4.701013745184522e-06	1.800004e+00
4.701432203662135e-06	1.800003e+00
4.702269120617364e-06	1.800002e+00
4.703942954527821e-06	1.800001e+00
4.705699283402156e-06	1.800000e+00
4.707613292898500e-06	1.800000e+00
4.709175065212644e-06	1.800000e+00
4.710982333796410e-06	1.800000e+00
4.713048769279855e-06	1.800000e+00
4.713361510583632e-06	1.800000e+00
4.713986993191184e-06	1.800001e+00
4.714850975047504e-06	1.800002e+00
4.714978342738650e-06	1.800003e+00
4.715233078120943e-06	1.800007e+00
4.715397406186597e-06	1.800017e+00
4.715548280375966e-06	1.800055e+00
4.715696935569338e-06	1.798861e+00
4.715814198977789e-06	1.785256e+00
4.715890344336822e-06	1.741006e+00
4.715954693838508e-06	1.666520e+00
4.716000457282638e-06	1.609048e+00
4.716049588227561e-06	1.539920e+00
4.716069117197102e-06	1.476091e+00
4.716092619388649e-06	1.313573e+00
4.716113353039615e-06	1.054651e+00
4.716130185680798e-06	7.159051e-01
4.716148544465330e-06	2.649411e-01
4.716157545983348e-06	9.352689e-02
4.716166365827905e-06	2.098887e-02
4.716175773134664e-06	3.991364e-03
4.716185110804278e-06	1.915603e-03
4.716196814300715e-06	1.210090e-03
4.716220221293589e-06	6.489595e-04
4.716250356052308e-06	4.019893e-04
4.716287321346497e-06	2.951843e-04
4.716328741997365e-06	2.331138e-04
4.716411583299102e-06	1.706439e-04
4.716514798160283e-06	1.093012e-04
4.716588745515861e-06	5.389241e-05
4.716672643039181e-06	-2.155983e-07
4.716757013622585e-06	-1.285181e-05
4.716834109357430e-06	-1.036359e-05
4.716919081373772e-06	-9.712899e-06
4.717089025406455e-06	-7.704980e-06
4.717378851227462e-06	-5.129973e-06
4.717721111276732e-06	1.187830e-05
4.717754941475501e-06	8.078428e-06
4.717822601873040e-06	-2.595101e-06
4.717839516972424e-06	-2.515664e-06
4.717873347171193e-06	-2.335951e-06
4.717885429385040e-06	-2.295221e-06
4.717897511598885e-06	-2.255561e-06
4.717909593812732e-06	-2.216973e-06
4.717921676026578e-06	-2.179456e-06
4.717933758240424e-06	-2.143011e-06
4.717945840454270e-06	-2.107636e-06
4.717957922668117e-06	-2.073333e-06
4.717995981641732e-06	-1.968705e-06
4.718034040615348e-06	-1.869816e-06
4.718072099588963e-06	-1.776665e-06
4.718110158562579e-06	-1.689252e-06
4.718148217536194e-06	-1.607578e-06
4.718186276509809e-06	-1.531642e-06
4.718224335483424e-06	-1.461445e-06
4.718494977073579e-06	-1.035069e-06
4.718840948078360e-06	-6.612156e-07
4.719301446766209e-06	-3.688986e-07
4.719997713756431e-06	-1.548884e-07
4.721210138349553e-06	-1.589568e-08
4.722623204293168e-06	2.467657e-08
4.724970300143891e-06	2.048679e-08
4.728286574137535e-06	2.080018e-09
4.732322225121504e-06	-6.224260e-09
4.737205037621504e-06	-4.701876e-09
4.742087850121504e-06	-3.043692e-09
4.746970662621504e-06	-1.893823e-09
4.751853475121504e-06	-9.977630e-10
4.756736287621503e-06	-3.981312e-10
4.761619100121503e-06	4.994424e-11
4.766501912621503e-06	3.441351e-10
4.771384725121503e-06	5.587418e-10
4.776267537621503e-06	6.983836e-10
4.781150350121502e-06	7.987749e-10
4.786033162621502e-06	8.638708e-10
4.790915975121502e-06	9.103432e-10
4.795117187600001e-06	9.367288e-10
4.800000000100000e-06	-2.938601e-05
4.800009536843164e-06	-8.619872e-06
4.800028610329492e-06	2.842305e-05
4.800033397483401e-06	1.283702e-06
4.800039117674183e-06	-1.994287e-05
4.800050558055749e-06	-9.165609e-07
4.800068063111632e-06	-1.104886e-06
4.800103073223399e-06	-4.210908e-08
4.800138948931779e-06	-1.583660e-07
4.800187783119428e-06	1.535711e-08
4.800236546627251e-06	-9.789517e-08
4.800309545841451e-06	2.896010e-08
4.800394272127768e-06	-5.969645e-08
4.800544208295511e-06	2.389052e-08
4.800759381956511e-06	-7.223601e-09
4.801014718434364e-06	4.096418e-09
4.801288225906489e-06	-1.091455e-08
4.801687254314751e-06	1.045828e-08
4.802322977266202e-06	-1.134285e-09
4.803057084875605e-06	6.005057e-09
4.804222617579198e-06	-1.675294e-09
4.805932134181215e-06	2.569805e-09
4.808280168892003e-06	9.924567e-10
4.810636056621752e-06	2.184332e-09
4.813925465344798e-06	9.297045e-10
4.817305427870427e-06	1.590857e-09
4.821540170956608e-06	7.067396e-10
4.826422983456608e-06	1.011983e-09
4.831305795956607e-06	1.009766e-09
4.845117187500001e-06	1.419462e-09
4.850000000000001e-06	1.998497e-06
4.850009536743165e-06	1.353425e-06
4.850028610229493e-06	-8.415222e-08
4.850033381605173e-06	-5.023509e-08
4.850039001981474e-06	1.714762e-08
4.850048532979493e-06	-1.567138e-09
4.850060845118173e-06	2.634257e-09
4.850082302660485e-06	5.123551e-10
4.850115424796995e-06	1.251680e-09
4.850163016206602e-06	8.587545e-10
4.850236544052005e-06	1.077976e-09
4.850337134388037e-06	9.482677e-10
4.850489784983389e-06	1.027219e-09
4.850679347036406e-06	9.787803e-10
4.850957928866299e-06	1.018693e-09
4.851328664325389e-06	9.939920e-10
4.851834583702328e-06	1.000469e-09
4.852270507778793e-06	1.004027e-09
4.852717090900110e-06	1.006410e-09
4.853179762433504e-06	1.015348e-09
4.853524437547660e-06	1.008279e-09
4.853894158448869e-06	1.000035e-09
4.854321819843652e-06	1.011353e-09
4.854850232680011e-06	1.000295e-09
4.855500418241082e-06	1.001354e-09
4.856047360160794e-06	1.003265e-09
4.856636803946961e-06	1.006212e-09
4.857253831832051e-06	1.006486e-09
4.857831395328399e-06	1.007587e-09
4.858477322853957e-06	1.003590e-09
4.859176261126001e-06	1.007756e-09
4.859992280418643e-06	1.003278e-09
4.860917943782568e-06	1.005654e-09
4.861877955259886e-06	1.004537e-09
4.862883017451452e-06	1.007453e-09
4.864120867324644e-06	1.003487e-09
4.865604805944624e-06	1.005836e-09
4.867224491887737e-06	1.002564e-09
4.869693692471507e-06	1.004833e-09
4.872015399673949e-06	1.002543e-09
4.876658814078833e-06	1.005266e-09
4.881541626578832e-06	1.005136e-09
4.886424439078832e-06	1.005140e-09
4.891307251578832e-06	1.005137e-09
4.896190064078832e-06	1.005139e-09
4.901072876578832e-06	1.005137e-09
4.905955689078831e-06	1.005139e-09
4.910838501578831e-06	1.005137e-09
4.915721314078831e-06	1.005139e-09
4.920604126578831e-06	1.005137e-09
4.925486939078831e-06	1.005139e-09
4.930369751578830e-06	1.005137e-09
4.935252564078830e-06	1.005140e-09
4.940135376578830e-06	1.005137e-09
4.945018189078830e-06	8.912016e-10
4.945117187500001e-06	9.462088e-10
4.945315184342344e-06	1.033228e-09
4.945711178027028e-06	9.914233e-10
4.946503165396398e-06	1.011913e-09
4.948087140135138e-06	1.003973e-09
4.950000000000001e-06	-1.377213e-09
4.950004986245790e-06	-6.504251e-10
4.950014958737370e-06	1.152526e-09
4.950017412838404e-06	1.125025e-09
4.950020453239205e-06	9.824258e-10
4.950026534040807e-06	9.708631e-10
4.950038695644011e-06	9.760255e-10
4.950051316396656e-06	9.880514e-10
4.950069249774243e-06	1.003537e-09
4.950089433709663e-06	1.011887e-09
4.950119717780002e-06	1.014064e-09
4.950154498793974e-06	1.012453e-09
4.950205843514920e-06	1.009778e-09
4.950267817487206e-06	1.007892e-09
4.950359076443327e-06	1.006541e-09
4.950471167250334e-06	1.005807e-09
4.950635493166281e-06	1.005391e-09
4.950852637025015e-06	1.005166e-09
4.951214308127144e-06	1.005020e-09
4.951732761583787e-06	1.004991e-09
4.952317697770715e-06	1.005047e-09
4.952953746202283e-06	1.005100e-09
4.953652967348118e-06	1.005135e-09
4.954689141131350e-06	1.005158e-09
4.955707859006412e-06	1.005151e-09
4.956799160017030e-06	1.005136e-09
4.958081221566522e-06	1.005134e-09
4.959777973040589e-06	1.005139e-09
4.961573228075425e-06	1.005139e-09
4.964435467981046e-06	1.005138e-09
4.968207054298890e-06	1.005138e-09
4.973024749911616e-06	1.005138e-09
4.977907562411616e-06	1.005138e-09
4.982790374911616e-06	1.005138e-09
4.987673187411616e-06	1.005138e-09
4.995117187500001e-06	1.005138e-09
5.000000000000000e-06	1.005138e-09
