time	V(comp_out)
0.000000000000000e+00	1.005148e-09
2.000000000000000e-18	1.005148e-09
3.000000000000000e-18	1.005148e-09
5.000000000000000e-18	1.005148e-09
9.000000000000001e-18	1.005149e-09
1.700000000000000e-17	1.005150e-09
3.300000000000001e-17	1.005152e-09
6.500000000000001e-17	1.005155e-09
1.000000000000000e-16	1.005159e-09
1.023410081821180e-16	1.005159e-09
1.070230245463541e-16	1.005159e-09
1.607143934515960e-10	1.055959e-09
3.214286798801675e-10	1.095265e-09
4.821429663087390e-10	1.123077e-09
6.428572527373105e-10	1.139396e-09
8.035715391658819e-10	1.144220e-09
9.642858255944537e-10	1.137550e-09
1.125000112023025e-09	1.119386e-09
1.375000112023025e-09	1.038400e-09
1.608115626407147e-09	1.005202e-09
1.900997993526482e-09	1.005143e-09
2.206066401371179e-09	1.004953e-09
2.282333503332353e-09	1.004981e-09
2.434867707254701e-09	1.005132e-09
2.473001258235288e-09	1.005137e-09
2.549268360196462e-09	1.005148e-09
2.568335135686756e-09	1.005147e-09
2.606468686667343e-09	1.005145e-09
2.682735788628517e-09	1.005145e-09
2.706569257991384e-09	1.005145e-09
2.716102645736531e-09	1.005145e-09
2.735169421226824e-09	1.005145e-09
2.773302972207411e-09	1.005145e-09
2.849570074168585e-09	1.005145e-09
3.002104278090934e-09	1.005145e-09
3.261945954339524e-09	1.005145e-09
3.781629306836705e-09	1.005145e-09
4.602800596759915e-09	1.005146e-09
5.581243919709918e-09	1.005147e-09
6.475268159633286e-09	1.005147e-09
7.502715639044883e-09	1.005147e-09
8.845868903419123e-09	1.005148e-09
1.027474431044851e-08	1.005148e-09
1.170865925487193e-08	1.005148e-09
1.192709282004540e-08	1.005148e-09
1.196986422491384e-08	1.005148e-09
1.205540703465074e-08	1.005148e-09
1.222649265412453e-08	1.005148e-09
1.226926405899298e-08	1.005148e-09
1.234411401751277e-08	1.005148e-09
1.235480686872988e-08	1.005148e-09
1.239223184798977e-08	1.005148e-09
1.241361755042400e-08	1.005148e-09
1.245638895529245e-08	1.005148e-09
1.254193176502934e-08	1.005148e-09
1.271301738450314e-08	1.005148e-09
1.305518862345072e-08	1.005148e-09
1.359905139660172e-08	1.005148e-09
1.430239924907073e-08	1.005148e-09
1.565031314199565e-08	1.005148e-09
1.804803940297461e-08	1.005148e-09
2.058645526454572e-08	1.005148e-09
2.359858338106406e-08	1.005148e-09
2.705915377614932e-08	1.005148e-09
3.075762744188028e-08	1.005148e-09
3.482912362605450e-08	1.005148e-09
3.971193612605449e-08	1.005148e-09
4.459474862605449e-08	1.005148e-09
4.947756112605449e-08	1.005148e-09
5.436037362605449e-08	1.005148e-09
5.924318612605449e-08	1.005148e-09
6.412599862605449e-08	1.005148e-09
6.900881112605449e-08	1.005148e-09
7.389162362605449e-08	1.005148e-09
7.877443612605448e-08	1.005148e-09
8.365724862605448e-08	1.005148e-09
8.854006112605448e-08	1.005148e-09
9.342287362605448e-08	1.005148e-09
9.701163099578209e-08	1.005148e-09
9.959332037839314e-08	1.005148e-09
1.000000001000000e-07	1.005148e-09
1.000000001100000e-07	1.005148e-09
1.000000001300000e-07	1.005149e-09
1.000000001700000e-07	1.005149e-09
1.000000002000000e-07	1.005150e-09
1.000000002053985e-07	1.005150e-09
1.000000002161954e-07	1.005151e-09
1.010000002161954e-07	1.108025e-09
1.020000002161954e-07	1.119493e-09
1.080000002161954e-07	1.005146e-09
2.000000000000000e-07	1.005227e-09
2.000000000100000e-07	4.227040e-05
2.000000000300000e-07	2.721471e-04
2.000000000350000e-07	3.725484e-04
2.000000000450000e-07	6.319601e-04
2.000000000650000e-07	1.165060e-03
2.000000000693750e-07	1.283401e-03
2.000000000781250e-07	1.521997e-03
2.000000000791250e-07	1.549316e-03
2.000000000801250e-07	1.576675e-03
2.000000000821250e-07	1.631425e-03
2.000000000843594e-07	1.692636e-03
2.000000000868477e-07	1.760869e-03
2.000000000904013e-07	1.858438e-03
2.000000000975085e-07	2.053808e-03
2.000000001000000e-07	2.122358e-03
2.001000001000000e-07	5.308042e-04
2.002000001000000e-07	-1.644106e-06
2.003000001000000e-07	-6.729550e-06
2.004372657867792e-07	-1.680786e-05
2.006857086580004e-07	-4.245553e-05
2.009726193689897e-07	-9.204230e-05
2.012483306448516e-07	-6.609716e-05
2.014437769670961e-07	1.573898e-02
2.016622852161036e-07	7.234554e-02
2.016752475660500e-07	8.642162e-02
2.017011722659429e-07	1.564584e-01
2.017280170435945e-07	2.958142e-01
2.017540475817069e-07	4.992824e-01
2.017584132132815e-07	5.403138e-01
2.017671444764307e-07	6.297390e-01
2.017846070027292e-07	8.184088e-01
2.017870889896732e-07	8.486717e-01
2.017920529635614e-07	9.217617e-01
2.018003559788252e-07	1.075148e+00
2.018064076215144e-07	1.225239e+00
2.018110710730203e-07	1.380065e+00
2.018177438475008e-07	1.633184e+00
2.018203604765342e-07	1.714780e+00
2.018230980735785e-07	1.761987e+00
2.018261422402281e-07	1.783417e+00
2.018294659036683e-07	1.791960e+00
2.018331459089769e-07	1.795827e+00
2.018390898316566e-07	1.798398e+00
2.018458335632838e-07	1.799236e+00
2.018537149424666e-07	1.799477e+00
2.018647098783824e-07	1.799776e+00
2.018819322414765e-07	1.800067e+00
2.019053231849499e-07	1.800176e+00
2.019402358919705e-07	1.800182e+00
2.020000718461431e-07	1.800175e+00
2.021197437544881e-07	1.800154e+00
2.023590875711783e-07	1.800124e+00
2.028359735388193e-07	1.800077e+00
2.029322742119353e-07	1.800070e+00
2.031248755581674e-07	1.800061e+00
2.031850634788649e-07	1.800058e+00
2.032271950233531e-07	1.800056e+00
2.032495505367551e-07	1.800055e+00
2.032719060501570e-07	1.800054e+00
2.032942615635589e-07	1.800053e+00
2.033166170769609e-07	1.800052e+00
2.033389725903628e-07	1.800052e+00
2.033613281037648e-07	1.800051e+00
2.033836836171667e-07	1.800050e+00
2.034799842902827e-07	1.800047e+00
2.036725856365148e-07	1.800041e+00
2.040577883289789e-07	1.800032e+00
2.046240876434380e-07	1.800022e+00
2.053673274558952e-07	1.800014e+00
2.067242499708427e-07	1.800007e+00
2.082512244786709e-07	1.800003e+00
2.103231139984688e-07	1.800001e+00
2.123340676923932e-07	1.800000e+00
2.150787684672542e-07	1.800000e+00
2.186497805334770e-07	1.800000e+00
2.235325930334769e-07	1.800000e+00
2.284154055334770e-07	1.800000e+00
2.319695393665650e-07	1.800000e+00
2.324066051373059e-07	1.800000e+00
2.328436709080468e-07	1.800000e+00
2.332807366787876e-07	1.800000e+00
2.337178024495285e-07	1.800000e+00
2.341548682202694e-07	1.800000e+00
2.345919339910103e-07	1.800000e+00
2.350289997617512e-07	1.800000e+00
2.379685802092415e-07	1.800000e+00
2.411015645513008e-07	1.800000e+00
2.459843770513008e-07	1.800000e+00
2.508671895513008e-07	1.800000e+00
2.557500020513008e-07	1.800000e+00
2.606328145513008e-07	1.800000e+00
2.655156270513008e-07	1.800000e+00
2.703984395513009e-07	1.800000e+00
2.752812520513009e-07	1.800000e+00
2.801640645513009e-07	1.800000e+00
2.850468770513009e-07	1.800000e+00
2.899296895513009e-07	1.800000e+00
2.951171876000000e-07	1.800000e+00
2.975625157104074e-07	1.800000e+00
3.000000001000000e-07	1.800000e+00
3.000000001012500e-07	1.799743e+00
3.000000001037500e-07	1.799229e+00
3.000000001087500e-07	1.798202e+00
3.000000001187500e-07	1.796150e+00
3.000000001212501e-07	1.795859e+00
3.000000004362500e-07	1.787681e+00
3.000000004559374e-07	1.787440e+00
3.000000234903056e-07	1.787720e+00
3.000000465246737e-07	1.787992e+00
3.000000695590419e-07	1.788258e+00
3.000000925934101e-07	1.788517e+00
3.000001156277782e-07	1.788769e+00
3.000001386621464e-07	1.789013e+00
3.000001616965145e-07	1.789251e+00
3.000003229764666e-07	1.790761e+00
3.000006455363707e-07	1.793102e+00
3.000012906561790e-07	1.796052e+00
3.000025808957956e-07	1.798847e+00
3.000042828064731e-07	1.800051e+00
3.000064385982679e-07	1.800301e+00
3.000095725178895e-07	1.800306e+00
3.000158403571327e-07	1.800257e+00
3.000239190277327e-07	1.800199e+00
3.000319732452443e-07	1.800153e+00
3.000415482874934e-07	1.800115e+00
3.000530665570329e-07	1.800085e+00
3.000695361168615e-07	1.800057e+00
3.000927408385072e-07	1.800033e+00
3.001325152577623e-07	1.800015e+00
3.002109433153163e-07	1.800003e+00
3.003677994304244e-07	1.800000e+00
3.006815116606406e-07	1.800000e+00
3.009916337283219e-07	1.800000e+00
3.013340301236000e-07	1.800000e+00
3.017241385677066e-07	1.800000e+00
3.022377028948057e-07	1.800000e+00
3.029615290306396e-07	1.800000e+00
3.038023684895374e-07	1.800000e+00
3.047648554121006e-07	1.800000e+00
3.057773761753092e-07	1.800000e+00
3.069656978813113e-07	1.800000e+00
3.083106985426563e-07	1.800000e+00
3.094891017054578e-07	1.800000e+00
3.109532744835859e-07	1.800000e+00
3.133761329073367e-07	1.800000e+00
3.157591930145674e-07	1.800000e+00
3.184914344886845e-07	1.800000e+00
3.196798639910797e-07	1.800000e+00
3.210007169681186e-07	1.800000e+00
3.222859636446163e-07	1.800000e+00
3.229536142862058e-07	1.800000e+00
3.234405528264380e-07	1.800000e+00
3.239851328272335e-07	1.800000e+00
3.245505779809759e-07	1.800000e+00
3.249322530399548e-07	1.800000e+00
3.253904471333613e-07	1.800000e+00
3.258618456396585e-07	1.800000e+00
3.264470030188304e-07	1.800000e+00
3.271040088396240e-07	1.800000e+00
3.279367035164889e-07	1.800000e+00
3.288969185377750e-07	1.800000e+00
3.303457400953763e-07	1.800000e+00
3.324067223394954e-07	1.800000e+00
3.351264599188861e-07	1.800000e+00
3.384580376831482e-07	1.800000e+00
3.430472720004388e-07	1.800000e+00
3.451171875000000e-07	1.800000e+00
3.473461320026325e-07	1.800000e+00
3.500000000000000e-07	1.800000e+00
3.500000000100001e-07	1.800000e+00
3.500000001914063e-07	1.800000e+00
3.510000001914063e-07	1.800000e+00
3.520000001914063e-07	1.800000e+00
3.530000001914064e-07	1.800000e+00
3.540000001914064e-07	1.800000e+00
3.559853417140318e-07	1.800000e+00
3.584629415582635e-07	1.800000e+00
3.617541566320190e-07	1.800000e+00
3.652758067659128e-07	1.800000e+00
3.701586192659129e-07	1.800000e+00
3.750414317659129e-07	1.800000e+00
3.799242442659129e-07	1.800000e+00
3.848070567659129e-07	1.800000e+00
3.896898692659129e-07	1.800000e+00
3.945726817659129e-07	1.800000e+00
4.008505835516272e-07	1.800000e+00
4.071284853373415e-07	1.800000e+00
4.134063871230559e-07	1.800000e+00
4.196842889087702e-07	1.800000e+00
4.259621906944844e-07	1.800000e+00
4.322400924801987e-07	1.800000e+00
4.385179942659130e-07	1.800000e+00
4.451171875000000e-07	1.800000e+00
4.470998979363479e-07	1.800000e+00
4.500000000000000e-07	1.800000e+00
4.500000000012500e-07	1.800000e+00
4.500000000037501e-07	1.800000e+00
4.500000000064828e-07	1.800000e+00
4.500000000119483e-07	1.800000e+00
4.500000000228792e-07	1.800000e+00
4.500000000256120e-07	1.800000e+00
4.500000000266120e-07	1.800000e+00
4.500000000286120e-07	1.800000e+00
4.500000000326120e-07	1.800000e+00
4.500000000336119e-07	1.800000e+00
4.500000000356119e-07	1.800000e+00
4.500000000396120e-07	1.800000e+00
4.500000000476120e-07	1.800000e+00
4.500000000496120e-07	1.800000e+00
4.500000000536120e-07	1.800000e+00
4.500000000546120e-07	1.800000e+00
4.500000000566120e-07	1.800000e+00
4.500000000606120e-07	1.800000e+00
4.500000000686120e-07	1.800000e+00
4.500000000706120e-07	1.800000e+00
4.500000000746120e-07	1.800000e+00
4.500000000826120e-07	1.800000e+00
4.500000000986120e-07	1.800000e+00
4.500000000996120e-07	1.800000e+00
4.500000001006119e-07	1.800000e+00
4.500000001026119e-07	1.800000e+00
4.510000001026120e-07	1.800000e+00
4.520000001026120e-07	1.800000e+00
4.530000001026120e-07	1.800000e+00
4.540000001026120e-07	1.800000e+00
4.541450964559790e-07	1.800000e+00
4.544352891627130e-07	1.800000e+00
4.550156745761809e-07	1.800000e+00
4.561764454031167e-07	1.800000e+00
4.572083118695861e-07	1.800000e+00
4.579417348187030e-07	1.800000e+00
4.586375136154697e-07	1.800000e+00
4.594235583796142e-07	1.800000e+00
4.603154395609498e-07	1.800000e+00
4.614606273298203e-07	1.800000e+00
4.616333497912279e-07	1.800000e+00
4.619787947140431e-07	1.800000e+00
4.623036948178768e-07	1.800000e+00
4.626766910575179e-07	1.800000e+00
4.630662303314900e-07	1.800000e+00
4.633265023819246e-07	1.800000e+00
4.636570921198663e-07	1.800000e+00
4.639983500682622e-07	1.800000e+00
4.644604002603483e-07	1.800000e+00
4.650142504154975e-07	1.800000e+00
4.656450029942135e-07	1.800000e+00
4.664337948650916e-07	1.800000e+00
4.674517050571320e-07	1.800000e+00
4.687824723983685e-07	1.800000e+00
4.709464622982480e-07	1.800000e+00
4.731114274599353e-07	1.800000e+00
4.756754346831093e-07	1.800000e+00
4.799311934592253e-07	1.800000e+00
4.848140059592253e-07	1.800000e+00
4.896968184592253e-07	1.800000e+00
4.945796309592253e-07	1.800000e+00
4.994624434592253e-07	1.800000e+00
5.043452559592254e-07	1.800000e+00
5.092280684592254e-07	1.800000e+00
5.480540313523942e-07	1.800000e+00
5.500000001000001e-07	1.800000e+00
5.500000001012501e-07	1.800000e+00
5.500000001037501e-07	1.800000e+00
5.500000004887499e-07	1.800000e+00
5.500000006812498e-07	1.800000e+00
5.500000147062413e-07	1.800000e+00
5.500000287312329e-07	1.800000e+00
5.500000427562244e-07	1.800000e+00
5.500000567812160e-07	1.800000e+00
5.500000708062075e-07	1.800000e+00
5.500000848311991e-07	1.800000e+00
5.500000988561906e-07	1.800000e+00
5.500001974161312e-07	1.800000e+00
5.500003945360124e-07	1.800000e+00
5.500007887757747e-07	1.800000e+00
5.500015772552995e-07	1.800000e+00
5.500031542143489e-07	1.800000e+00
5.500063081324478e-07	1.800000e+00
5.500126159686456e-07	1.800000e+00
5.500252316410413e-07	1.800000e+00
5.500504629858325e-07	1.800000e+00
5.501009256754151e-07	1.800000e+00
5.502018510545801e-07	1.800000e+00
5.504037018129103e-07	1.800000e+00
5.507659058023940e-07	1.800000e+00
5.511811132840210e-07	1.800000e+00
5.520115282472749e-07	1.800000e+00
5.536723581737829e-07	1.800000e+00
5.552506032350792e-07	1.800000e+00
5.570658407900966e-07	1.800000e+00
5.600000001000000e-07	1.800000e+00
5.600082255325548e-07	1.800000e+00
5.600246763976646e-07	1.800000e+00
5.600286757380981e-07	1.800000e+00
5.600336214594445e-07	1.800000e+00
5.600435129021372e-07	1.800000e+00
5.600576267142883e-07	1.800000e+00
5.600828695453346e-07	1.800000e+00
5.601333552074270e-07	1.800000e+00
5.602097568206598e-07	1.800000e+00
5.603625600471255e-07	1.800000e+00
5.606599893287369e-07	1.800000e+00
5.611351191560023e-07	1.800000e+00
5.620853788105332e-07	1.800000e+00
5.633165178949871e-07	1.800000e+00
5.649896103608488e-07	1.800000e+00
5.670809188488786e-07	1.800000e+00
5.702412900330960e-07	1.800000e+00
5.746252753713261e-07	1.800000e+00
5.892737128713261e-07	1.800000e+00
6.043942092468510e-07	1.800000e+00
6.195147056223758e-07	1.800000e+00
6.346352019979007e-07	1.800000e+00
6.497556983734255e-07	1.800000e+00
6.648761947489504e-07	1.800000e+00
6.799966911244752e-07	1.800000e+00
6.951171875000001e-07	1.800000e+00
7.000000000000001e-07	1.790243e+00
7.000011920928955e-07	1.788322e+00
7.000035762786866e-07	1.792688e+00
7.000041691684660e-07	1.798572e+00
7.000048899112513e-07	1.804155e+00
7.000061823452692e-07	1.805583e+00
7.000073784440530e-07	1.804836e+00
7.000097706416208e-07	1.802991e+00
7.000139596991309e-07	1.801132e+00
7.000208526409492e-07	1.799891e+00
7.000283475305014e-07	1.799595e+00
7.000399454695976e-07	1.799693e+00
7.000520830948264e-07	1.799815e+00
7.000708669221131e-07	1.799908e+00
7.000906418704004e-07	1.799951e+00
7.000938613991520e-07	1.799955e+00
7.001003004566555e-07	1.799962e+00
7.001051297497830e-07	1.799967e+00
7.001115688072865e-07	1.799973e+00
7.001131785716624e-07	1.799974e+00
7.001163981004140e-07	1.799976e+00
7.001188127469778e-07	1.799978e+00
7.001220322757295e-07	1.799981e+00
7.001284713332329e-07	1.799985e+00
7.001413494482398e-07	1.799992e+00
7.001671056782535e-07	1.800006e+00
7.002186181382809e-07	1.800041e+00
7.002771564987023e-07	1.800120e+00
7.003614252376667e-07	1.799814e+00
7.004125969643099e-07	1.793464e+00
7.004622172174531e-07	1.773646e+00
7.004697036440983e-07	1.765048e+00
7.004846764973886e-07	1.729074e+00
7.004993456911308e-07	1.662306e+00
7.005183979943465e-07	1.523208e+00
7.005332241049572e-07	1.383058e+00
7.005465313476006e-07	1.240830e+00
7.005619537593657e-07	1.057351e+00
7.005765356110173e-07	8.376146e-01
7.005909520856198e-07	5.490148e-01
7.006063829192616e-07	2.043824e-01
7.006142670804035e-07	7.842097e-02
7.006243211788929e-07	1.634360e-02
7.006344417893924e-07	3.206408e-03
7.006435592774807e-07	1.960790e-03
7.006576486856963e-07	1.147585e-03
7.006858275021274e-07	5.842101e-04
7.007260323483883e-07	3.550537e-04
7.007973421237108e-07	2.334490e-04
7.008925984167271e-07	1.611806e-04
7.009935668252611e-07	9.953800e-05
7.010594879746275e-07	4.788596e-05
7.011522676854506e-07	-5.921557e-06
7.012190635320199e-07	-1.280742e-05
7.012984713694621e-07	-9.238915e-06
7.013870901487344e-07	-8.571844e-06
7.015632341629877e-07	-6.625087e-06
7.018570782561303e-07	-4.348975e-06
7.021772160228110e-07	-2.696557e-06
7.025742209985463e-07	-1.561571e-06
7.030717411587900e-07	-8.162775e-07
7.036644684503939e-07	-3.966486e-07
7.044718297021829e-07	3.518099e-06
7.045885963081732e-07	2.677307e-06
7.048221295201536e-07	-6.910647e-08
7.048805128231488e-07	-6.423562e-08
7.049972794291391e-07	-5.846928e-08
7.052891959441147e-07	-4.009298e-08
7.054059625501050e-07	-3.513904e-08
7.056394957620855e-07	-2.622610e-08
7.061065621860464e-07	-1.424600e-08
7.070191812905773e-07	-1.605022e-09
7.080623979717435e-07	4.292007e-09
7.100329165513186e-07	7.182448e-09
7.139739537104686e-07	8.572749e-09
7.188567662104686e-07	8.611747e-09
7.237395787104686e-07	7.315182e-09
7.286223912104686e-07	5.296475e-09
7.335052037104687e-07	3.642972e-09
7.383880162104687e-07	2.661766e-09
7.432708287104687e-07	2.091009e-09
7.481536412104687e-07	1.733917e-09
7.530364537104687e-07	1.499274e-09
7.579192662104687e-07	1.341505e-09
7.628020787104687e-07	1.234821e-09
7.676848912104687e-07	1.162070e-09
7.725677037104688e-07	1.112554e-09
7.774505162104688e-07	1.078640e-09
7.823333287104688e-07	1.055498e-09
7.872161412104688e-07	1.039623e-09
7.951171876000000e-07	1.023515e-09
8.000000001000000e-07	-2.935849e-05
8.000095368431641e-07	-8.593791e-06
8.000286103294922e-07	2.841525e-05
8.000333972312237e-07	1.315596e-06
8.000391299771320e-07	-1.992624e-05
8.000505954689489e-07	-7.032922e-07
8.000734244873269e-07	-8.985873e-07
8.001190825240827e-07	-1.636572e-09
8.001681460626079e-07	-1.067788e-07
8.002328158599586e-07	3.638612e-08
8.003044381600161e-07	-8.814899e-08
8.004188956782338e-07	4.598419e-08
8.005876452075096e-07	-4.061951e-08
8.009042353635921e-07	-2.973475e-09
8.011928888315940e-07	-1.997173e-08
8.016911085875295e-07	5.104453e-09
8.022708204168965e-07	-1.227566e-09
8.029074918152381e-07	6.917707e-09
8.037788822399647e-07	-4.188089e-09
8.050771948655855e-07	4.481010e-09
8.070099151474132e-07	-8.429161e-11
8.092977227165434e-07	1.732082e-09
8.118964879720846e-07	-2.647761e-10
8.153386066441164e-07	1.839823e-09
8.196906011923639e-07	6.770484e-10
8.245734136923639e-07	1.017497e-09
8.343390386923639e-07	1.017611e-09
8.392218511923639e-07	1.014541e-09
8.441046636923640e-07	-9.468947e-09
8.471422351152724e-07	2.940070e-09
8.500000000000001e-07	2.825863e-06
8.500079478389872e-07	1.923907e-06
8.500238435169615e-07	-1.474647e-07
8.500277072738243e-07	-1.003014e-07
8.500324892464053e-07	2.063139e-08
8.500416816481993e-07	-1.232975e-09
8.500542020233353e-07	2.262258e-09
8.500771249463163e-07	6.913731e-10
8.501091678354747e-07	1.220876e-09
8.501587152141265e-07	9.125834e-10
8.502281113804736e-07	1.083870e-09
8.503385982523755e-07	9.603742e-10
8.505165263268106e-07	1.025520e-09
8.507635301899842e-07	9.874069e-10
8.511474454853027e-07	1.012373e-09
8.516483486226293e-07	1.003411e-09
8.521826778729381e-07	1.007109e-09
8.527692220690553e-07	1.005853e-09
8.533333843789981e-07	1.008105e-09
8.539889122318678e-07	1.002423e-09
8.547662340825177e-07	1.004001e-09
8.554849982354166e-07	1.002122e-09
8.563719739332255e-07	1.007119e-09
8.574242971132412e-07	1.005428e-09
8.584468936172020e-07	1.008129e-09
8.598608908653134e-07	1.004570e-09
8.613832931851922e-07	1.006541e-09
8.632757859069992e-07	1.004423e-09
8.654367451710864e-07	1.006179e-09
8.681636366487061e-07	1.004653e-09
8.712685424851053e-07	1.006205e-09
8.757489954851116e-07	1.004939e-09
8.806318079851117e-07	1.005139e-09
8.855146204851117e-07	1.005137e-09
8.903974329851117e-07	1.005139e-09
8.952802454851117e-07	1.005137e-09
9.001630579851117e-07	1.005139e-09
9.050458704851117e-07	1.005137e-09
9.099286829851117e-07	1.005139e-09
9.148114954851118e-07	1.005137e-09
9.196943079851118e-07	1.005139e-09
9.245771204851118e-07	1.005137e-09
9.294599329851118e-07	1.005139e-09
9.343427454851118e-07	1.005137e-09
9.392255579851118e-07	1.005139e-09
9.441083704851118e-07	1.013436e-09
9.451171875000001e-07	1.010375e-09
9.471348215297767e-07	1.003594e-09
9.500000000000001e-07	-1.195576e-09
9.500086199751646e-07	-4.935136e-10
9.500258599254937e-07	1.097372e-09
9.500300190880341e-07	1.060500e-09
9.500353204580102e-07	9.724961e-10
9.500457326776921e-07	9.970996e-10
9.500665571170559e-07	1.001472e-09
9.501038835337753e-07	1.008384e-09
9.501438108705279e-07	1.008836e-09
9.501915147802607e-07	1.008081e-09
9.502572004778910e-07	1.006729e-09
9.503636229596701e-07	1.006042e-09
9.505358896699819e-07	1.005380e-09
9.507754691298974e-07	1.005184e-09
9.510517706848618e-07	1.005077e-09
9.513618311889048e-07	1.005067e-09
9.518195429220480e-07	1.005037e-09
9.525468913059884e-07	1.005090e-09
9.532232221956977e-07	1.005118e-09
9.541726105807913e-07	1.005158e-09
9.553457718240871e-07	1.005151e-09
9.565316318736820e-07	1.005136e-09
9.578110331264100e-07	1.005133e-09
9.592123168393093e-07	1.005141e-09
9.608251209156801e-07	1.005136e-09
9.629689109609261e-07	1.005140e-09
9.663956930332254e-07	1.005137e-09
9.712785055332254e-07	1.005138e-09
9.761613180332254e-07	1.005138e-09
9.810441305332255e-07	1.005138e-09
9.859269430332255e-07	1.005138e-09
9.908097555332255e-07	1.005138e-09
9.956925680332255e-07	1.005138e-09
1.000575380533226e-06	1.005138e-09
1.006938495828479e-06	1.005136e-09
1.013301611123733e-06	1.005135e-09
1.019664726418986e-06	1.005136e-09
1.026027841714240e-06	1.005138e-09
1.032390957009493e-06	1.005141e-09
1.038754072304747e-06	1.005146e-09
1.045117187600000e-06	1.005152e-09
1.047614021832902e-06	1.005144e-09
1.050000000100000e-06	1.005135e-09
1.054771956634197e-06	1.005099e-09
1.055117187600000e-06	1.005117e-09
1.055807649531607e-06	1.005148e-09
1.057188573394821e-06	1.005431e-09
1.057238152373572e-06	1.005295e-09
1.057337310331075e-06	1.005069e-09
1.057535626246081e-06	1.005172e-09
1.057932258076093e-06	1.005123e-09
1.058725521736117e-06	1.005144e-09
1.060000000100000e-06	8.740198e-10
1.060003597094434e-06	8.436337e-10
1.060010791083301e-06	8.930056e-10
1.060012540623723e-06	9.890475e-10
1.060014701884827e-06	1.100598e-09
1.060019024407035e-06	1.150635e-09
1.060023319135941e-06	1.133701e-09
1.060031908593754e-06	1.081914e-09
1.060049087509381e-06	1.024472e-09
1.060070636733319e-06	1.004315e-09
1.060113735181196e-06	1.003778e-09
1.060187390479477e-06	1.004971e-09
1.060334701076041e-06	1.005093e-09
1.060609896101922e-06	1.005135e-09
1.061021269999243e-06	1.005140e-09
1.061762052721704e-06	1.005135e-09
1.062945378668032e-06	1.005135e-09
1.064238692296416e-06	1.005136e-09
1.066052659661806e-06	1.005137e-09
1.068568790346850e-06	1.005138e-09
1.072050196301436e-06	1.005138e-09
1.076933008801436e-06	1.005138e-09
1.081815821301436e-06	1.005138e-09
1.189237696301436e-06	1.005138e-09
1.194120508801436e-06	1.005138e-09
1.197110544897128e-06	1.005138e-09
1.200000000000000e-06	2.749424e-05
1.200008383478218e-06	1.964834e-05
1.200025150434654e-06	1.412082e-05
1.200029212840248e-06	2.286296e-05
1.200034343731474e-06	2.192208e-05
1.200044605513924e-06	4.862408e-06
1.200063234779146e-06	4.391930e-06
1.200100493309590e-06	1.183156e-06
1.200152333864995e-06	3.493753e-07
1.200222988991653e-06	-5.229252e-07
1.200331135814207e-06	-6.865792e-07
1.200487868683506e-06	-7.725112e-07
1.200698827970136e-06	-5.381723e-07
1.201084711000350e-06	-3.806562e-07
1.201750188739330e-06	-1.386892e-07
1.203003211899894e-06	-1.082091e-08
1.204308513855641e-06	1.994168e-08
1.206348671860917e-06	-4.055667e-09
1.209091857475506e-06	-8.294352e-09
1.213974669975506e-06	-1.203694e-08
1.218857482475506e-06	-9.758196e-09
1.223740294975506e-06	-7.320068e-09
1.228623107475506e-06	-5.199581e-09
1.233505919975506e-06	-3.511332e-09
1.238388732475506e-06	-2.262368e-09
1.243271544975506e-06	-1.351054e-09
1.248154357475506e-06	-7.153176e-10
1.253037169975506e-06	-2.694378e-10
1.257919982475506e-06	3.524292e-11
1.262802794975506e-06	2.437446e-10
1.267685607475506e-06	3.860805e-10
1.272568419975506e-06	4.806679e-10
1.277451232475506e-06	5.468337e-10
1.282334044975506e-06	5.886704e-10
1.287216857475506e-06	6.200480e-10
1.292099669975506e-06	3.223071e-09
1.295117187600000e-06	3.234361e-09
1.300000000100000e-06	-2.129784e-05
1.300009536843164e-06	-3.233152e-06
1.300028610329492e-06	2.808748e-05
1.300033397579955e-06	1.158517e-06
1.300039117616358e-06	-1.980503e-05
1.300050557689166e-06	-9.199774e-07
1.300068054513985e-06	-1.097206e-06
1.300103048163624e-06	-3.926186e-08
1.300139156284011e-06	-1.530972e-07
1.300187871062911e-06	1.516729e-08
1.300236487721981e-06	-9.507357e-08
1.300308325973291e-06	2.782987e-08
1.300390881303803e-06	-5.720097e-08
1.300530609708307e-06	3.330360e-08
1.300767012661964e-06	-4.474857e-09
1.301033951062246e-06	2.479321e-09
1.301308753809885e-06	-8.823892e-09
1.301681219926893e-06	1.197849e-08
1.302311097353669e-06	-1.754570e-09
1.303074109816147e-06	5.747190e-09
1.304284159945898e-06	-1.553316e-09
1.306061584637373e-06	2.505922e-09
1.308511423115788e-06	1.149134e-09
1.310875359751193e-06	2.382523e-09
1.314440954296715e-06	1.069342e-09
1.317928050682223e-06	1.576555e-09
1.322317368451235e-06	7.895943e-10
1.327200180951235e-06	1.011870e-09
1.332082993451235e-06	1.009710e-09
1.345117187500000e-06	1.973197e-09
1.350000000000000e-06	1.974939e-06
1.350009536743164e-06	1.337466e-06
1.350028610229492e-06	-8.320106e-08
1.350033380559159e-06	-4.959264e-08
1.350038990163588e-06	1.688413e-08
1.350048427397801e-06	-1.575744e-09
1.350060711164862e-06	2.577754e-09
1.350081533621209e-06	5.204330e-10
1.350113547817818e-06	1.226979e-09
1.350156435695944e-06	8.238125e-10
1.350230046134956e-06	1.062899e-09
1.350323383070973e-06	9.417028e-10
1.350472345858516e-06	1.019925e-09
1.350642505383316e-06	9.762268e-10
1.350897681537192e-06	1.014414e-09
1.351201913652401e-06	9.850997e-10
1.351732332278081e-06	1.002083e-09
1.352209074479823e-06	1.010356e-09
1.352607486315138e-06	1.009618e-09
1.353065340154223e-06	1.001335e-09
1.353590547465958e-06	9.946118e-10
1.353955990263193e-06	1.002867e-09
1.354345455299287e-06	1.008483e-09
1.354775172342266e-06	9.961160e-10
1.355392889026948e-06	1.005911e-09
1.356034564264350e-06	1.006968e-09
1.356616373118937e-06	1.006121e-09
1.357224413648701e-06	1.001355e-09
1.357972710773279e-06	1.003237e-09
1.358638146169820e-06	1.003352e-09
1.359374701976501e-06	1.009723e-09
1.360402480565013e-06	1.005650e-09
1.361382785254054e-06	1.005811e-09
1.362418367788632e-06	1.004776e-09
1.363486370000029e-06	1.006487e-09
1.364703077087135e-06	1.003852e-09
1.366106715084871e-06	1.005866e-09
1.367644140780018e-06	1.003550e-09
1.369595370816319e-06	1.005445e-09
1.371652106176893e-06	1.002664e-09
1.375363688945927e-06	1.005365e-09
1.379369533005507e-06	1.004627e-09
1.384252345505507e-06	1.005140e-09
1.389135158005507e-06	1.005137e-09
1.394017970505507e-06	1.005140e-09
1.398900783005507e-06	1.005137e-09
1.403783595505507e-06	1.005139e-09
1.408666408005507e-06	1.005137e-09
1.413549220505507e-06	1.005139e-09
1.418432033005507e-06	1.005137e-09
1.423314845505507e-06	1.005139e-09
1.428197658005507e-06	1.005137e-09
1.433080470505507e-06	1.005139e-09
1.437963283005507e-06	1.005137e-09
1.442846095505507e-06	1.002506e-09
1.445117187500000e-06	1.032778e-09
1.445457816011014e-06	1.021464e-09
1.446139073033041e-06	9.970873e-10
1.447501587077096e-06	1.008774e-09
1.450000000000000e-06	3.307328e-09
1.450007586308669e-06	2.568601e-09
1.450022758926006e-06	8.462139e-10
1.450026416796344e-06	8.771321e-10
1.450031083556890e-06	9.786408e-10
1.450040417077980e-06	9.679897e-10
1.450056941623778e-06	9.899320e-10
1.450076728225825e-06	1.007280e-09
1.450100647404610e-06	1.015704e-09
1.450129054042566e-06	1.015500e-09
1.450168130192228e-06	1.012752e-09
1.450218845425204e-06	1.009831e-09
1.450287710468909e-06	1.007829e-09
1.450375403715454e-06	1.006523e-09
1.450492440346807e-06	1.005817e-09
1.450642378249460e-06	1.005401e-09
1.450847200424205e-06	1.005184e-09
1.451130153539561e-06	1.005015e-09
1.451584392029064e-06	1.004965e-09
1.452130803574691e-06	1.005013e-09
1.452759366684743e-06	1.005084e-09
1.453399301649126e-06	1.005123e-09
1.454288110243077e-06	1.005155e-09
1.455335491369363e-06	1.005153e-09
1.456402792026317e-06	1.005140e-09
1.457555215208438e-06	1.005134e-09
1.458798608972434e-06	1.005139e-09
1.460309564367118e-06	1.005139e-09
1.462179724324101e-06	1.005138e-09
1.464035031523859e-06	1.005137e-09
1.466168298907091e-06	1.005139e-09
1.470138586568213e-06	1.005138e-09
1.475021399068213e-06	1.005138e-09
1.479904211568213e-06	1.005138e-09
1.484787024068213e-06	1.005138e-09
1.548485741608588e-06	1.005138e-09
1.550000000100000e-06	1.005136e-09
1.553028517082825e-06	1.005138e-09
1.555117187600000e-06	1.005140e-09
1.555822659065649e-06	1.005139e-09
1.557233601996948e-06	1.005138e-09
1.560000000100000e-06	9.094352e-10
1.560006576007003e-06	9.157810e-10
1.560019727821009e-06	1.071668e-09
1.560023000772913e-06	1.131174e-09
1.560026833020538e-06	1.139988e-09
1.560033431581916e-06	1.081676e-09
1.560040166255370e-06	1.045688e-09
1.560052377516915e-06	1.019345e-09
1.560070928711288e-06	1.006399e-09
1.560099493638350e-06	1.004470e-09
1.560156623492473e-06	1.005072e-09
1.560270883200718e-06	1.005327e-09
1.560499402617210e-06	1.005185e-09
1.560854618177852e-06	1.005157e-09
1.561367336735364e-06	1.005132e-09
1.562232101389449e-06	1.005134e-09
1.563315874514414e-06	1.005133e-09
1.564595892246872e-06	1.005136e-09
1.566191818375518e-06	1.005137e-09
1.567876506782529e-06	1.005139e-09
1.570851402315326e-06	1.005138e-09
1.573888300213622e-06	1.005139e-09
1.578771112713622e-06	1.005138e-09
1.583653925213622e-06	1.005138e-09
1.588536737713622e-06	1.005138e-09
1.593419550213622e-06	1.005138e-09
1.598302362713622e-06	1.005138e-09
1.608067987713622e-06	1.005138e-09
1.695117187500000e-06	1.005138e-09
1.700000000000000e-06	2.188451e-05
1.700014273889274e-06	3.658782e-05
1.700014480395233e-06	3.102141e-05
1.700014893407150e-06	1.396148e-05
1.700015719430985e-06	1.889014e-06
1.700017371478653e-06	3.050113e-06
1.700020675573991e-06	1.128159e-05
1.700027283764667e-06	1.147922e-05
1.700040500146019e-06	1.689331e-06
1.700056097299162e-06	-2.517468e-06
1.700072539840499e-06	-2.106610e-06
1.700097898329382e-06	-1.287615e-06
1.700145712520071e-06	-7.606895e-07
1.700241340901449e-06	-5.986351e-07
1.700432597664206e-06	-4.689233e-07
1.700698911897480e-06	-2.878827e-07
1.701047866810108e-06	-1.327575e-07
1.701591105923744e-06	-1.820144e-08
1.701726915702154e-06	1.645431e-09
1.701998535258972e-06	3.417566e-08
1.702202249926585e-06	4.267688e-08
1.702304107260392e-06	4.631261e-08
1.702439917038801e-06	5.362898e-08
1.702473869483404e-06	5.675829e-08
1.702558750594909e-06	6.653695e-08
1.702660607928716e-06	6.863539e-08
1.702796417707125e-06	6.804348e-08
1.703068037263944e-06	6.262528e-08
1.703611276377580e-06	4.837150e-08
1.704697754604853e-06	2.097114e-08
1.706098673246240e-06	-5.295332e-09
1.707545905157009e-06	-1.945294e-08
1.709332924332101e-06	-2.320393e-08
1.711138258558632e-06	-1.893801e-08
1.713041008756907e-06	-1.187092e-08
1.715252364835729e-06	-5.513153e-09
1.717817147175933e-06	-1.742990e-09
1.721418062666803e-06	1.490160e-11
1.724925228491881e-06	-4.954919e-10
1.726948170377819e-06	5.614765e-09
1.727103539313763e-06	8.283548e-09
1.727414277185651e-06	1.051447e-08
1.728035752929427e-06	2.692750e-09
1.728307648567329e-06	1.102969e-09
1.728463017503273e-06	-2.396146e-09
1.728773755375160e-06	-1.008380e-08
1.729395231118936e-06	-1.599226e-08
1.730638182606487e-06	-1.499873e-08
1.733079285573604e-06	-1.278908e-08
1.737961491507837e-06	-1.036543e-08
1.742844304007837e-06	-7.418008e-09
1.747727116507837e-06	-4.999706e-09
1.752609929007837e-06	-3.518007e-09
1.757492741507837e-06	-1.906807e-08
1.762375554007837e-06	-1.346347e-07
1.767258366507838e-06	-4.315578e-07
1.772141179007838e-06	-1.307945e-06
1.774451688861338e-06	-3.192961e-06
1.776130357634815e-06	-6.354099e-06
1.778574420034554e-06	-1.195091e-05
1.779988024285347e-06	4.552382e-05
1.781905748189659e-06	5.614334e-03
1.783659204777594e-06	2.493349e-02
1.783900572114197e-06	3.655123e-02
1.784383306787402e-06	8.284795e-02
1.784503990455704e-06	1.068215e-01
1.784745357792307e-06	1.875551e-01
1.784782994317628e-06	2.105610e-01
1.784858267368272e-06	2.794758e-01
1.784877085630933e-06	3.009984e-01
1.784914722156255e-06	3.537032e-01
1.784979770435523e-06	4.587500e-01
1.784994479825601e-06	4.903996e-01
1.785023898605757e-06	5.726017e-01
1.785031253300796e-06	6.003915e-01
1.785045962690873e-06	6.716737e-01
1.785049640038393e-06	6.939040e-01
1.785056994733432e-06	7.543938e-01
1.785069890874759e-06	9.010546e-01
1.785078355617583e-06	1.041453e+00
1.785084128882089e-06	1.179772e+00
1.785088884763228e-06	1.335941e+00
1.785095210923439e-06	1.582817e+00
1.785098189746300e-06	1.688259e+00
1.785100670363800e-06	1.744347e+00
1.785103703680565e-06	1.776190e+00
1.785106548311742e-06	1.788054e+00
1.785110220593318e-06	1.793879e+00
1.785114674035258e-06	1.797242e+00
1.785120369683758e-06	1.798911e+00
1.785128056256784e-06	1.799418e+00
1.785136205442510e-06	1.799589e+00
1.785149334336312e-06	1.799881e+00
1.785167323626866e-06	1.800111e+00
1.785192607915964e-06	1.800179e+00
1.785231375975734e-06	1.800177e+00
1.785308912095273e-06	1.800167e+00
1.785462214342848e-06	1.800142e+00
1.785768818837999e-06	1.800099e+00
1.785845469961786e-06	1.800095e+00
1.785864632742733e-06	1.800095e+00
1.785979609428415e-06	1.800087e+00
1.785998772209361e-06	1.800085e+00
1.786015539642690e-06	1.800084e+00
1.786049074509347e-06	1.800082e+00
1.786164051195029e-06	1.800074e+00
1.786317353442604e-06	1.800066e+00
1.786623957937755e-06	1.800053e+00
1.787030741999427e-06	1.800040e+00
1.787496546405413e-06	1.800029e+00
1.788255816875736e-06	1.800019e+00
1.789740606478825e-06	1.800008e+00
1.791131990260521e-06	1.800004e+00
1.793202558039491e-06	1.800001e+00
1.795301226655920e-06	1.800000e+00
1.797375173356114e-06	1.800000e+00
1.800000000100000e-06	1.799576e+00
1.800006574356123e-06	1.799843e+00
1.800019722868367e-06	1.800794e+00
1.800022963110859e-06	1.800633e+00
1.800026845709264e-06	1.800342e+00
1.800031817552748e-06	1.800334e+00
1.800037242544302e-06	1.800276e+00
1.800048092527410e-06	1.800214e+00
1.800065398058179e-06	1.800142e+00
1.800100009119718e-06	1.800068e+00
1.800154054040518e-06	1.800022e+00
1.800262143882119e-06	1.800002e+00
1.800435651390371e-06	1.800000e+00
1.800688739235691e-06	1.800000e+00
1.801038613784530e-06	1.800000e+00
1.801692653880458e-06	1.799997e+00
1.801818834107336e-06	1.799999e+00
1.801841424087604e-06	1.800000e+00
1.801886604048139e-06	1.800000e+00
1.801909194028407e-06	1.800000e+00
1.801931784008674e-06	1.800000e+00
1.801954373988942e-06	1.800000e+00
1.801976963969209e-06	1.800000e+00
1.801999553949477e-06	1.800000e+00
1.802022143929745e-06	1.800000e+00
1.802044733910012e-06	1.800000e+00
1.802123798840949e-06	1.800000e+00
1.802214158762019e-06	1.800000e+00
1.802394878604160e-06	1.800000e+00
1.802756318288442e-06	1.800000e+00
1.803103397989572e-06	1.800000e+00
1.803676120480511e-06	1.800000e+00
1.804517212434608e-06	1.800000e+00
1.806199396342801e-06	1.800000e+00
1.808151123633687e-06	1.800000e+00
1.810371356308344e-06	1.800000e+00
1.813258557985134e-06	1.800000e+00
1.816845239635313e-06	1.800000e+00
1.848079238469691e-06	1.800000e+00
1.850000000000000e-06	1.800000e+00
1.850000937871841e-06	1.800000e+00
1.850002813615523e-06	1.800000e+00
1.850003282317778e-06	1.800000e+00
1.850003848412964e-06	1.800000e+00
1.850004980603338e-06	1.800000e+00
1.850006578796136e-06	1.800000e+00
1.850009775181733e-06	1.800000e+00
1.850016167952926e-06	1.800000e+00
1.850028953495313e-06	1.800000e+00
1.850042849970069e-06	1.800000e+00
1.850066259109165e-06	1.800000e+00
1.850104130397056e-06	1.800000e+00
1.850179872972840e-06	1.800000e+00
1.850303044999469e-06	1.800000e+00
1.850493607431707e-06	1.800000e+00
1.850819712016824e-06	1.800000e+00
1.851167584898470e-06	1.800000e+00
1.851849755814006e-06	1.800000e+00
1.852466688477797e-06	1.800000e+00
1.853027196226333e-06	1.800000e+00
1.853722181031281e-06	1.800000e+00
1.854371878903883e-06	1.800000e+00
1.855059207473226e-06	1.800000e+00
1.855864848638533e-06	1.800000e+00
1.856706068444274e-06	1.800000e+00
1.857675578514437e-06	1.800000e+00
1.858609947038522e-06	1.800000e+00
1.860186402059399e-06	1.800000e+00
1.861645744705659e-06	1.800000e+00
1.863773955458841e-06	1.800000e+00
1.866241887965738e-06	1.800000e+00
1.869277780654758e-06	1.800000e+00
1.873488305223879e-06	1.800000e+00
1.878371117723879e-06	1.800000e+00
1.883253930223879e-06	1.800000e+00
1.888136742723879e-06	1.800000e+00
1.893019555223879e-06	1.800000e+00
1.897902367723879e-06	1.800000e+00
1.902785180223879e-06	1.800000e+00
1.907667992723878e-06	1.800000e+00
1.912550805223878e-06	1.800000e+00
1.917433617723878e-06	1.800000e+00
1.922316430223878e-06	1.800000e+00
1.927199242723878e-06	1.800000e+00
1.932082055223877e-06	1.800000e+00
1.936964867723877e-06	1.800000e+00
1.941847680223877e-06	1.800000e+00
1.945117187500000e-06	1.800000e+00
1.950000000000000e-06	1.800000e+00
1.950014439912372e-06	1.800000e+00
1.950043319737117e-06	1.800000e+00
1.950050299103380e-06	1.800000e+00
1.950059174183635e-06	1.800000e+00
1.950076924344145e-06	1.800000e+00
1.950112424665164e-06	1.800000e+00
1.950183425307202e-06	1.800000e+00
1.950325426591278e-06	1.800000e+00
1.950609429159430e-06	1.800000e+00
1.951177434295735e-06	1.800000e+00
1.951923672728439e-06	1.800000e+00
1.953373627899840e-06	1.800000e+00
1.955422437163439e-06	1.800000e+00
1.957574666220052e-06	1.800000e+00
1.961142642813752e-06	1.800000e+00
1.966025455313752e-06	1.800000e+00
1.970908267813752e-06	1.800000e+00
1.975791080313752e-06	1.800000e+00
1.980673892813751e-06	1.800000e+00
1.990156287007859e-06	1.800000e+00
1.999638681201966e-06	1.800000e+00
2.009121075396074e-06	1.800000e+00
2.018603469590181e-06	1.800000e+00
2.028085863784288e-06	1.800000e+00
2.037568257978396e-06	1.800000e+00
2.047050652172503e-06	1.800000e+00
2.050000000100000e-06	1.800000e+00
2.054882812600000e-06	1.800000e+00
2.055117187600001e-06	1.800000e+00
2.055585937600002e-06	1.800000e+00
2.056523437600005e-06	1.800000e+00
2.058125000099995e-06	1.800000e+00
2.060000000100000e-06	1.800000e+00
2.060004936964780e-06	1.800000e+00
2.060014810694338e-06	1.800000e+00
2.060017234458828e-06	1.800000e+00
2.060020143033593e-06	1.800000e+00
2.060024878999915e-06	1.800000e+00
2.060029764643158e-06	1.800000e+00
2.060038945468871e-06	1.800000e+00
2.060053303533591e-06	1.800000e+00
2.060074126494015e-06	1.800000e+00
2.060115772414863e-06	1.800000e+00
2.060185550433755e-06	1.800000e+00
2.060325106471539e-06	1.800000e+00
2.060581584708172e-06	1.800000e+00
2.061018257827166e-06	1.800000e+00
2.061891604065155e-06	1.800000e+00
2.062854734655396e-06	1.800000e+00
2.064239167598491e-06	1.800000e+00
2.065687304754513e-06	1.800000e+00
2.067321573810361e-06	1.800000e+00
2.070157726977729e-06	1.800000e+00
2.072817508720309e-06	1.800000e+00
2.077700321220308e-06	1.800000e+00
2.082583133720308e-06	1.800000e+00
2.087465946220308e-06	1.800000e+00
2.092348758720308e-06	1.800000e+00
2.102114383720307e-06	1.800000e+00
2.190005008720304e-06	1.800000e+00
2.194887821220304e-06	1.800000e+00
2.195117187500000e-06	1.800000e+00
2.195575920059394e-06	1.800000e+00
2.196493385178180e-06	1.800000e+00
2.198328315415754e-06	1.800000e+00
2.200000000000000e-06	1.794868e+00
2.200004267692888e-06	1.796057e+00
2.200012803078664e-06	1.805713e+00
2.200014895685270e-06	1.805735e+00
2.200017469788573e-06	1.801894e+00
2.200020320532909e-06	1.800157e+00
2.200023385312325e-06	1.800167e+00
2.200027845256644e-06	1.799978e+00
2.200036765145283e-06	1.799952e+00
2.200052350037404e-06	1.799950e+00
2.200083519821645e-06	1.799990e+00
2.200114608129620e-06	1.800004e+00
2.200158940974103e-06	1.799988e+00
2.200165388878293e-06	1.799993e+00
2.200178284686672e-06	1.800013e+00
2.200181508638767e-06	1.800012e+00
2.200182314626791e-06	1.800011e+00
2.200183926602838e-06	1.800011e+00
2.200187150554934e-06	1.800011e+00
2.200193598459123e-06	1.800011e+00
2.200206494267503e-06	1.800011e+00
2.200232285884262e-06	1.800011e+00
2.200283869117781e-06	1.800010e+00
2.200387035584818e-06	1.800009e+00
2.200521468985917e-06	1.800008e+00
2.200675151541262e-06	1.800007e+00
2.200861031800192e-06	1.800006e+00
2.201136379582759e-06	1.800005e+00
2.201604825608518e-06	1.800004e+00
2.202541717660035e-06	1.800002e+00
2.204415501763070e-06	1.800001e+00
2.206141251313406e-06	1.800000e+00
2.208224309453455e-06	1.800000e+00
2.210162946002932e-06	1.800000e+00
2.213133864496010e-06	1.800000e+00
2.216956865972469e-06	1.800000e+00
2.221839678472469e-06	1.800000e+00
2.224936941406443e-06	1.800000e+00
2.225421290599452e-06	1.800000e+00
2.225905639792461e-06	1.800000e+00
2.226389988985470e-06	1.800000e+00
2.226874338178479e-06	1.800000e+00
2.227358687371488e-06	1.800000e+00
2.227843036564497e-06	1.800000e+00
2.228327385757506e-06	1.800000e+00
2.228811734950515e-06	1.800000e+00
2.231568130405662e-06	1.800000e+00
2.233950840282007e-06	1.800000e+00
2.238716260034699e-06	1.800000e+00
2.243599072534699e-06	1.800001e+00
2.248481885034699e-06	1.800001e+00
2.253364697534698e-06	1.800000e+00
2.256716353859491e-06	1.800001e+00
2.259370359325627e-06	1.800001e+00
2.259778563217659e-06	1.800002e+00
2.260594971001723e-06	1.800004e+00
2.260799072947739e-06	1.800007e+00
2.261207276839771e-06	1.800018e+00
2.261288544057992e-06	1.800021e+00
2.261451078494435e-06	1.799987e+00
2.261716591031051e-06	1.799083e+00
2.261910588975591e-06	1.795608e+00
2.262055391817515e-06	1.787109e+00
2.262210661512477e-06	1.763847e+00
2.262332600514725e-06	1.723849e+00
2.262399372788137e-06	1.679509e+00
2.262484983139834e-06	1.586622e+00
2.262539290130659e-06	1.490977e+00
2.262579980471471e-06	1.355526e+00
2.262607728536475e-06	1.166579e+00
2.262626275467069e-06	9.130914e-01
2.262648632185677e-06	4.498831e-01
2.262660708784181e-06	1.804129e-01
2.262668434338793e-06	6.663480e-02
2.262679624752295e-06	1.031001e-02
2.262687818065146e-06	2.231974e-03
2.262698007217006e-06	1.692884e-03
2.262712132513690e-06	1.007904e-03
2.262740383107057e-06	5.456042e-04
2.262779391042580e-06	3.440723e-04
2.262820897110772e-06	2.573067e-04
2.262872540634653e-06	2.002832e-04
2.262955405312970e-06	1.478153e-04
2.263053347317929e-06	8.202744e-05
2.263122829331736e-06	2.607563e-05
2.263205647177412e-06	-1.114640e-05
2.263258349392006e-06	-1.358719e-05
2.263338047996373e-06	-1.126541e-05
2.263459122846383e-06	-9.666299e-06
2.263701272546403e-06	-7.092331e-06
2.264185571946443e-06	-3.556322e-06
2.264626907105515e-06	-1.790215e-06
2.265082353459349e-06	-9.291208e-07
2.265583933835284e-06	-4.591617e-07
2.266388314589511e-06	-1.437085e-07
2.267297793302468e-06	-1.816904e-08
2.268754983071780e-06	1.057900e-08
2.270582048263653e-06	1.008751e-08
2.274236178647399e-06	5.404056e-06
2.274772576111780e-06	1.235610e-06
2.274906675477875e-06	-5.797249e-09
2.275376023259208e-06	-8.670503e-09
2.275409548100731e-06	-7.512817e-09
2.275493360204541e-06	-9.286007e-10
2.275593934729112e-06	6.660916e-09
2.275728034095207e-06	8.660571e-09
2.275996232827397e-06	6.705914e-09
2.276532630291778e-06	1.303429e-09
2.277605425220538e-06	-7.534736e-09
2.279132556694303e-06	-1.742304e-08
2.280561787357092e-06	-2.277380e-08
2.282494326468256e-06	-2.282657e-08
2.284197165603957e-06	-1.793141e-08
2.286112867260270e-06	-1.094672e-08
2.288357611341193e-06	-5.035388e-09
2.291123274452072e-06	-1.473853e-09
2.295718640457111e-06	3.653469e-10
2.296921546171331e-06	1.993681e-09
2.297594188671559e-06	4.870420e-09
2.298654715099545e-06	6.490938e-09
2.299108132005502e-06	8.559197e-10
2.299372625200644e-06	-8.699724e-11
2.299448194684970e-06	-1.003602e-09
2.299599333653623e-06	-4.212242e-09
2.299803223081854e-06	-1.023599e-08
2.300000000100000e-06	-4.518946e-04
2.300000565684842e-06	-4.912173e-04
2.300001696854525e-06	-2.616080e-04
2.300001970925061e-06	-1.521456e-04
2.300002317257315e-06	-7.716865e-05
2.300003009921824e-06	1.360340e-05
2.300004395250843e-06	8.592468e-05
2.300007165908881e-06	9.585523e-05
2.300012707224956e-06	4.826804e-05
2.300020632516718e-06	1.168531e-05
2.300030777519178e-06	1.346492e-06
2.300043467040693e-06	-5.686595e-08
2.300062406177115e-06	-4.760196e-08
2.300096588370426e-06	-1.306755e-08
2.300134475194512e-06	-8.513220e-10
2.300176546243835e-06	6.954584e-10
2.300221831925106e-06	1.301234e-09
2.300280020919974e-06	8.352381e-10
2.300350566422903e-06	1.183711e-09
2.300444683697803e-06	8.836827e-10
2.300568621760689e-06	1.132720e-09
2.300766477906380e-06	9.603202e-10
2.301012181428816e-06	1.040835e-09
2.301331267170803e-06	1.010246e-09
2.301629493035972e-06	1.043472e-09
2.302060170509076e-06	9.826902e-10
2.302619874466498e-06	1.035455e-09
2.303670906590799e-06	9.908939e-10
2.305351846211861e-06	1.013227e-09
2.308070790610838e-06	1.006077e-09
2.310592598742748e-06	1.006779e-09
2.313433051787242e-06	1.001915e-09
2.317197911745392e-06	1.004353e-09
2.320682600572854e-06	1.002091e-09
2.325565413072853e-06	1.005142e-09
2.330448225572853e-06	1.005134e-09
2.340213850572853e-06	1.005133e-09
2.345096663072853e-06	-5.822426e-10
2.345158236354297e-06	1.342925e-09
2.345240334062889e-06	8.543141e-10
2.345404529480073e-06	1.076386e-09
2.345732920314442e-06	9.705091e-10
2.346389701983179e-06	1.022207e-09
2.347703265320654e-06	9.978780e-10
2.350000000000000e-06	-5.322574e-09
2.350001121452480e-06	-4.001530e-09
2.350003364357441e-06	3.560220e-10
2.350003924818028e-06	8.293718e-10
2.350004601232953e-06	9.017756e-10
2.350005954062802e-06	9.287053e-10
2.350007682914418e-06	8.931956e-10
2.350011140617651e-06	8.075228e-10
2.350018056024116e-06	7.443017e-10
2.350025049444328e-06	7.877310e-10
2.350035714536484e-06	9.209333e-10
2.350049521835267e-06	1.028518e-09
2.350077136432833e-06	1.069175e-09
2.350103158157241e-06	1.049251e-09
2.350149256297928e-06	1.021849e-09
2.350204575711180e-06	1.012783e-09
2.350314093916612e-06	1.008121e-09
2.350440718564036e-06	1.006510e-09
2.350636775101276e-06	1.005757e-09
2.350866504349048e-06	1.005215e-09
2.351165066652063e-06	1.004736e-09
2.351544372078798e-06	1.004623e-09
2.352089739071627e-06	1.004887e-09
2.352645505557469e-06	1.005066e-09
2.353232918217959e-06	1.005146e-09
2.354020503314068e-06	1.005207e-09
2.354779921744764e-06	1.005186e-09
2.355631894170488e-06	1.005141e-09
2.356304936482753e-06	1.005117e-09
2.357069573343170e-06	1.005110e-09
2.357936674485550e-06	1.005130e-09
2.359084092564033e-06	1.005149e-09
2.360201690223146e-06	1.005144e-09
2.361716650046035e-06	1.005134e-09
2.363293850446977e-06	1.005135e-09
2.365690993232336e-06	1.005140e-09
2.367865373633637e-06	1.005138e-09
2.372214134436239e-06	1.005138e-09
2.376509174897384e-06	1.005138e-09
2.381391987397383e-06	1.005138e-09
2.386274799897383e-06	1.005138e-09
2.391157612397383e-06	1.005138e-09
2.396040424897383e-06	1.005138e-09
2.400923237397383e-06	1.005138e-09
2.405806049897382e-06	1.005138e-09
2.410688862397382e-06	1.005138e-09
2.415571674897382e-06	1.005138e-09
2.420454487397382e-06	1.005138e-09
2.425337299897382e-06	1.005138e-09
2.430220112397381e-06	1.005138e-09
2.435102924897381e-06	1.005138e-09
2.439985737397381e-06	1.005138e-09
2.444868549897381e-06	1.005146e-09
2.445117187500000e-06	1.005143e-09
2.445614462705240e-06	1.005136e-09
2.446609013115718e-06	1.005138e-09
2.448010899179043e-06	1.005137e-09
2.450000000000000e-06	1.003092e-09
2.450005842227497e-06	9.997608e-10
2.450017526682491e-06	9.840101e-10
2.450020356831989e-06	9.786363e-10
2.450023943470295e-06	9.718178e-10
2.450031116746905e-06	9.655190e-10
2.450045463300126e-06	9.706296e-10
2.450068030713864e-06	9.922879e-10
2.450096589497403e-06	1.011313e-09
2.450137798758346e-06	1.016474e-09
2.450192585146734e-06	1.012775e-09
2.450271814522440e-06	1.009014e-09
2.450358670156081e-06	1.007207e-09
2.450477355391852e-06	1.006151e-09
2.450625370709741e-06	1.005611e-09
2.450851102506457e-06	1.005251e-09
2.451157719463102e-06	1.005021e-09
2.451589938336157e-06	1.004927e-09
2.452053921007834e-06	1.004974e-09
2.452605360457279e-06	1.005055e-09
2.453244638347663e-06	1.005115e-09
2.453880670494875e-06	1.005150e-09
2.454588594256413e-06	1.005163e-09
2.455290233000010e-06	1.005153e-09
2.456390791542648e-06	1.005135e-09
2.457595138979222e-06	1.005134e-09
2.458832890011205e-06	1.005140e-09
2.460260232388666e-06	1.005141e-09
2.461769639122162e-06	1.005138e-09
2.463360218308029e-06	1.005137e-09
2.465282564356599e-06	1.005138e-09
2.467471884434068e-06	1.005138e-09
2.471850524589007e-06	1.005138e-09
2.476733337089007e-06	1.005138e-09
2.481616149589007e-06	1.005138e-09
2.486498962089007e-06	1.005138e-09
2.491381774589007e-06	1.005138e-09
2.540209899589005e-06	1.005138e-09
2.545092712089004e-06	1.005149e-09
2.545166138621992e-06	1.005136e-09
2.545264040665975e-06	1.005139e-09
2.545851452929876e-06	1.005138e-09
2.548201101985480e-06	1.005138e-09
2.550000000100000e-06	1.005138e-09
2.553597796329041e-06	1.005138e-09
2.555117187600001e-06	1.005138e-09
2.556961217558080e-06	1.005138e-09
2.560000000100000e-06	9.278185e-10
2.560007581616143e-06	9.351511e-10
2.560022744648427e-06	1.069134e-09
2.560026492246644e-06	1.111841e-09
2.560030837843634e-06	1.107600e-09
2.560037127686313e-06	1.061800e-09
2.560043703263531e-06	1.036123e-09
2.560054165655029e-06	1.018097e-09
2.560067806748715e-06	1.008691e-09
2.560089749016058e-06	1.005828e-09
2.560131316046299e-06	1.005476e-09
2.560205600574222e-06	1.005667e-09
2.560354169630067e-06	1.005400e-09
2.560651307741757e-06	1.005211e-09
2.561041701717193e-06	1.005144e-09
2.561593065790336e-06	1.005135e-09
2.562546996123601e-06	1.005131e-09
2.563563248964644e-06	1.005133e-09
2.564904857976251e-06	1.005135e-09
2.567000218897870e-06	1.005137e-09
2.570988635683154e-06	1.005138e-09
2.575771603547005e-06	1.005138e-09
2.580654416047004e-06	1.005138e-09
2.585537228547004e-06	1.005138e-09
2.594605308904147e-06	1.005138e-09
2.603673389261289e-06	1.005138e-09
2.612741469618431e-06	1.005138e-09
2.621809549975574e-06	1.005138e-09
2.630877630332717e-06	1.005138e-09
2.639945710689859e-06	1.005138e-09
2.649013791047002e-06	1.005138e-09
2.688076291047000e-06	1.005138e-09
2.692959103547000e-06	1.005138e-09
2.695117187500001e-06	1.005141e-09
2.695683832093999e-06	1.005140e-09
2.696817121281995e-06	1.005139e-09
2.697733421624008e-06	1.005135e-09
2.698167399315974e-06	1.005135e-09
2.699035354699908e-06	1.005138e-09
2.700000000000000e-06	1.154079e-04
2.700002794604669e-06	9.534503e-05
2.700008383814007e-06	-1.356858e-05
2.700009738278794e-06	8.115279e-06
2.700011449395272e-06	5.366456e-05
2.700014871628226e-06	4.411791e-05
2.700020357388405e-06	3.010732e-05
2.700025130505767e-06	1.892019e-05
2.700030582524707e-06	9.806520e-06
2.700037978814692e-06	2.741801e-06
2.700052771394664e-06	-2.686282e-06
2.700069422218098e-06	-3.697389e-06
2.700093132710764e-06	-2.709756e-06
2.700122442227229e-06	-1.881382e-06
2.700178106697233e-06	-1.411159e-06
2.700283388973806e-06	-1.183869e-06
2.700493953526951e-06	-8.927235e-07
2.700915082633242e-06	-4.798376e-07
2.701446071966364e-06	-2.016850e-07
2.701456196150652e-06	-1.826417e-07
2.701476444519228e-06	-1.436703e-07
2.701481506611372e-06	-1.422156e-07
2.701491630795660e-06	-1.369735e-07
2.701516941256380e-06	-1.122900e-07
2.701527065440668e-06	-1.012431e-07
2.701547313809244e-06	-8.326022e-08
2.701587810546396e-06	-6.378807e-08
2.701668804020701e-06	-4.818915e-08
2.701830790969310e-06	-3.293504e-08
2.702154764866528e-06	-1.610722e-08
2.702802712660965e-06	-1.814625e-09
2.703528860813507e-06	1.345960e-09
2.704981157118594e-06	-3.643744e-09
2.705289861597911e-06	-5.341340e-09
2.705907270556545e-06	-9.044816e-09
2.706546201781337e-06	-5.723962e-08
2.706912475471449e-06	-9.385950e-07
2.707126751231506e-06	-4.230768e-06
2.707302868006704e-06	-1.224821e-05
2.707410910806076e-06	-2.530099e-05
2.707511491250734e-06	-5.622331e-05
2.707594632625143e-06	-1.113481e-04
2.707703628470521e-06	-2.396495e-04
2.707814283390608e-06	4.433019e-04
2.707905244078142e-06	3.978797e-03
2.707917133119724e-06	8.343113e-03
2.707940911202890e-06	3.394636e-02
2.707958585282331e-06	7.057493e-02
2.707963003802191e-06	8.725836e-02
2.707971840841911e-06	1.467908e-01
2.707985470267514e-06	2.824273e-01
2.707987313847989e-06	3.082970e-01
2.707991001008941e-06	3.732471e-01
2.707998375330844e-06	5.143036e-01
2.708007827924375e-06	7.065676e-01
2.708019993193645e-06	9.659833e-01
2.708022127771818e-06	1.014902e+00
2.708026396928165e-06	1.122321e+00
2.708031756687289e-06	1.273491e+00
2.708037253196662e-06	1.448979e+00
2.708043770818798e-06	1.661892e+00
2.708046645706928e-06	1.731206e+00
2.708050415875695e-06	1.774354e+00
2.708054247600500e-06	1.790175e+00
2.708057764307304e-06	1.795044e+00
2.708062643498239e-06	1.797924e+00
2.708068892932974e-06	1.799157e+00
2.708076089549165e-06	1.799430e+00
2.708085659308138e-06	1.799667e+00
2.708098791842574e-06	1.799963e+00
2.708119149282280e-06	1.800153e+00
2.708144789386289e-06	1.800187e+00
2.708190447196924e-06	1.800183e+00
2.708277918014077e-06	1.800166e+00
2.708448672937262e-06	1.800138e+00
2.708610263345358e-06	1.800117e+00
2.708844048968964e-06	1.800095e+00
2.709065111315758e-06	1.800079e+00
2.709340817543998e-06	1.800065e+00
2.709640875632654e-06	1.800053e+00
2.710007661689544e-06	1.800050e+00
2.710050559891888e-06	1.800048e+00
2.710136356296575e-06	1.800041e+00
2.710157805397747e-06	1.800040e+00
2.710173892223626e-06	1.800040e+00
2.710177722420264e-06	1.800040e+00
2.710181552616901e-06	1.800040e+00
2.710185382813539e-06	1.800040e+00
2.710189213010177e-06	1.800040e+00
2.710193043206815e-06	1.800040e+00
2.710196873403453e-06	1.800040e+00
2.710200703600091e-06	1.800040e+00
2.710211428150676e-06	1.800040e+00
2.710232877251848e-06	1.800039e+00
2.710361571858880e-06	1.800034e+00
2.710533164668254e-06	1.800029e+00
2.710876350287003e-06	1.800023e+00
2.711402783567993e-06	1.800017e+00
2.712138857512674e-06	1.800011e+00
2.713478334327324e-06	1.800006e+00
2.716074313969508e-06	1.800002e+00
2.718534282761868e-06	1.800001e+00
2.722914378235508e-06	1.800000e+00
2.727797190735508e-06	1.800000e+00
2.732680003235507e-06	1.800000e+00
2.747328440735507e-06	1.800000e+00
2.761976878235506e-06	1.800000e+00
2.771742503235506e-06	1.800000e+00
2.781508128235505e-06	1.800000e+00
2.795117187600001e-06	1.800000e+00
2.800000000100001e-06	1.799596e+00
2.800009536843165e-06	1.799762e+00
2.800028610329493e-06	1.800336e+00
2.800033379848268e-06	1.800224e+00
2.800038930299942e-06	1.800069e+00
2.800046043043433e-06	1.800094e+00
2.800053771790940e-06	1.800061e+00
2.800067924470799e-06	1.800051e+00
2.800086843057727e-06	1.800030e+00
2.800124680231582e-06	1.800015e+00
2.800180828398170e-06	1.800004e+00
2.800293124731345e-06	1.800001e+00
2.800508764684698e-06	1.800000e+00
2.800730230918055e-06	1.800000e+00
2.801016301718574e-06	1.800000e+00
2.801329995986350e-06	1.800000e+00
2.801793309245586e-06	1.800000e+00
2.802375937780589e-06	1.800000e+00
2.803520224456627e-06	1.800000e+00
2.804680065037190e-06	1.800000e+00
2.805999274447258e-06	1.800000e+00
2.806774100800568e-06	1.800000e+00
2.807619978401555e-06	1.800000e+00
2.808535162061204e-06	1.800000e+00
2.809734729389202e-06	1.800000e+00
2.811182538572429e-06	1.800000e+00
2.812938027285922e-06	1.800000e+00
2.815633429767317e-06	1.800000e+00
2.820516242267317e-06	1.800000e+00
2.825399054767317e-06	1.800000e+00
2.830281867267317e-06	1.800000e+00
2.840047492267316e-06	1.800000e+00
2.844930304767316e-06	1.800000e+00
2.845117187500001e-06	1.800000e+00
2.845490952965371e-06	1.800000e+00
2.846238483896110e-06	1.800000e+00
2.847603831946230e-06	1.800000e+00
2.850000000000001e-06	1.800014e+00
2.850001170003933e-06	1.800011e+00
2.850003510011798e-06	1.800000e+00
2.850004093797401e-06	1.800000e+00
2.850004799071561e-06	1.800000e+00
2.850006209619881e-06	1.800000e+00
2.850007752093760e-06	1.800000e+00
2.850010837041518e-06	1.800000e+00
2.850017006937036e-06	1.800000e+00
2.850029346728070e-06	1.800000e+00
2.850049189003306e-06	1.800000e+00
2.850074414874315e-06	1.800000e+00
2.850117891409115e-06	1.800000e+00
2.850204844478715e-06	1.800000e+00
2.850318107041830e-06	1.800000e+00
2.850477031170566e-06	1.800000e+00
2.850695669799230e-06	1.800000e+00
2.850954775165602e-06	1.800000e+00
2.851265610399412e-06	1.800000e+00
2.851710708046252e-06	1.800000e+00
2.852221625401158e-06	1.800000e+00
2.852698004251608e-06	1.800000e+00
2.853168061559970e-06	1.800000e+00
2.853651456474342e-06	1.800000e+00
2.854200959780418e-06	1.800000e+00
2.854815793097867e-06	1.800000e+00
2.855430643530329e-06	1.800000e+00
2.856218105299973e-06	1.800000e+00
2.857068992555190e-06	1.800000e+00
2.857850776390028e-06	1.800000e+00
2.858826359893404e-06	1.800000e+00
2.859963951137115e-06	1.800000e+00
2.861004978268790e-06	1.800000e+00
2.862385567684955e-06	1.800000e+00
2.863664180800935e-06	1.800000e+00
2.865422920474739e-06	1.800000e+00
2.867131323966415e-06	1.800000e+00
2.869667640399847e-06	1.800000e+00
2.872202242459412e-06	1.800000e+00
2.875653256529889e-06	1.800000e+00
2.879975560358833e-06	1.800000e+00
2.884858372858832e-06	1.800000e+00
2.889741185358832e-06	1.800000e+00
2.894623997858832e-06	1.800000e+00
2.899506810358832e-06	1.800000e+00
2.904389622858832e-06	1.800000e+00
2.909272435358831e-06	1.800000e+00
2.914155247858831e-06	1.800000e+00
2.919038060358831e-06	1.800000e+00
2.923920872858831e-06	1.800000e+00
2.928803685358831e-06	1.800000e+00
2.933686497858830e-06	1.800000e+00
2.938569310358830e-06	1.800000e+00
2.943452122858830e-06	1.800000e+00
2.945117187500001e-06	1.800000e+00
2.946669870717659e-06	1.800000e+00
2.946894633564684e-06	1.800000e+00
2.947344159258733e-06	1.800000e+00
2.948243210646832e-06	1.800000e+00
2.950000000000001e-06	1.800000e+00
2.950409294185086e-06	1.800000e+00
2.950599999783848e-06	1.800000e+00
2.950730361838873e-06	1.800000e+00
2.950885756767278e-06	1.800000e+00
2.951087452475815e-06	1.800000e+00
2.951298529750260e-06	1.800000e+00
2.951613996401786e-06	1.800000e+00
2.952008684934005e-06	1.800000e+00
2.952565280817216e-06	1.800000e+00
2.953396014164340e-06	1.800000e+00
2.954194673298749e-06	1.800000e+00
2.955257707292449e-06	1.800000e+00
2.956496458630905e-06	1.800000e+00
2.957295203655259e-06	1.800000e+00
2.958067102474222e-06	1.800000e+00
2.958926205416220e-06	1.800000e+00
2.959963965366686e-06	1.800000e+00
2.961277099547810e-06	1.800000e+00
2.962767912744246e-06	1.800000e+00
2.964708438371286e-06	1.800000e+00
2.968589489625365e-06	1.800000e+00
2.972862761094789e-06	1.800000e+00
2.977745573594789e-06	1.800000e+00
2.982628386094789e-06	1.800000e+00
2.987511198594789e-06	1.800000e+00
2.992394011094788e-06	1.800000e+00
3.036339323594787e-06	1.800000e+00
3.041222136094786e-06	1.800000e+00
3.045117187600001e-06	1.800000e+00
3.050000000100000e-06	1.800000e+00
3.054882812600000e-06	1.800000e+00
3.055201357983340e-06	1.800000e+00
3.055838448750019e-06	1.800000e+00
3.056609072799296e-06	1.800000e+00
3.057491813249519e-06	1.800000e+00
3.058409058275935e-06	1.800000e+00
3.058753331858820e-06	1.800000e+00
3.059311452934230e-06	1.800000e+00
3.060000000100001e-06	1.800000e+00
3.060021517198931e-06	1.800000e+00
3.060044641860542e-06	1.800000e+00
3.060051449986895e-06	1.800000e+00
3.060062100323777e-06	1.800000e+00
3.060081118729732e-06	1.800000e+00
3.060103708881687e-06	1.800000e+00
3.060146541045756e-06	1.800000e+00
3.060214350361559e-06	1.800000e+00
3.060337814356840e-06	1.800000e+00
3.060584742347401e-06	1.800000e+00
3.060998708492038e-06	1.800000e+00
3.061813357511918e-06	1.800000e+00
3.062628171630242e-06	1.800000e+00
3.064257799866889e-06	1.800000e+00
3.065784898150868e-06	1.800000e+00
3.068003843301783e-06	1.800000e+00
3.070811395573749e-06	1.800000e+00
3.074638979232337e-06	1.800000e+00
3.079521791732337e-06	1.800000e+00
3.084404604232337e-06	1.800000e+00
3.089287416732337e-06	1.800000e+00
3.094170229232336e-06	1.800000e+00
3.099053041732336e-06	1.800000e+00
3.108818666732336e-06	1.800000e+00
3.113701479232336e-06	1.800000e+00
3.118584291732335e-06	1.800000e+00
3.123467104232335e-06	1.800000e+00
3.132535184589478e-06	1.800000e+00
3.141603264946620e-06	1.800000e+00
3.150671345303762e-06	1.800000e+00
3.159739425660905e-06	1.800000e+00
3.168807506018048e-06	1.800000e+00
3.177875586375190e-06	1.800000e+00
3.186943666732333e-06	1.800000e+00
3.195117187500001e-06	1.800000e+00
3.200000000000001e-06	1.798018e+00
3.200009536743165e-06	1.798979e+00
3.200028610229493e-06	1.802611e+00
3.200033377068797e-06	1.801208e+00
3.200038994451743e-06	1.799324e+00
3.200045221717873e-06	1.799845e+00
3.200052118568276e-06	1.799986e+00
3.200062045708524e-06	1.799945e+00
3.200073110534951e-06	1.800011e+00
3.200089563208962e-06	1.799971e+00
3.200111799219982e-06	1.800005e+00
3.200143918020713e-06	1.799991e+00
3.200192408999094e-06	1.800006e+00
3.200263635126417e-06	1.799999e+00
3.200373262070045e-06	1.800003e+00
3.200539819832334e-06	1.800000e+00
3.200795277040246e-06	1.800001e+00
3.201123788752970e-06	1.800000e+00
3.201590525330067e-06	1.800000e+00
3.202285890310076e-06	1.799999e+00
3.203447359471823e-06	1.799999e+00
3.205124457882647e-06	1.799999e+00
3.207812517497461e-06	1.800000e+00
3.210607853944252e-06	1.800000e+00
3.215490666444252e-06	1.800000e+00
3.220373478944252e-06	1.800000e+00
3.225256291444252e-06	1.800000e+00
3.230139103944251e-06	1.800000e+00
3.235021916444251e-06	1.800000e+00
3.239904728944251e-06	1.800000e+00
3.244787541444251e-06	1.800000e+00
3.249670353944251e-06	1.800000e+00
3.254553166444250e-06	1.800000e+00
3.259435978944250e-06	1.800000e+00
3.264318791444250e-06	1.800000e+00
3.269201603944250e-06	1.800000e+00
3.274084416444250e-06	1.800000e+00
3.278967228944249e-06	1.800000e+00
3.283850041444249e-06	1.800000e+00
3.288732853944249e-06	1.800000e+00
3.293615666444249e-06	1.799999e+00
3.295117187600001e-06	1.800000e+00
3.296996957788497e-06	1.800000e+00
3.300000000100000e-06	1.799733e+00
3.300007535193192e-06	1.799842e+00
3.300022605379574e-06	1.800419e+00
3.300026312831443e-06	1.800303e+00
3.300030765951923e-06	1.800097e+00
3.300036344923096e-06	1.800118e+00
3.300042501669963e-06	1.800085e+00
3.300054815163698e-06	1.800068e+00
3.300070221646348e-06	1.800045e+00
3.300101034611649e-06	1.800023e+00
3.300142675292318e-06	1.800009e+00
3.300225956653656e-06	1.800002e+00
3.300392519376332e-06	1.800000e+00
3.300572017676302e-06	1.800000e+00
3.300809068238919e-06	1.800000e+00
3.301091982381927e-06	1.800000e+00
3.301583262298657e-06	1.800000e+00
3.302303660077987e-06	1.800000e+00
3.303257972082694e-06	1.800000e+00
3.304374977851374e-06	1.800000e+00
3.305732734482762e-06	1.800000e+00
3.307241831623148e-06	1.800000e+00
3.308489385730275e-06	1.800000e+00
3.309134308047601e-06	1.800000e+00
3.309864206406374e-06	1.800000e+00
3.310335817149734e-06	1.800000e+00
3.310779849490255e-06	1.800000e+00
3.311263919235687e-06	1.800000e+00
3.311994769210206e-06	1.800000e+00
3.312776298486192e-06	1.800000e+00
3.313697633195460e-06	1.800000e+00
3.314843906415038e-06	1.800000e+00
3.316577861688603e-06	1.800000e+00
3.319687035807674e-06	1.800000e+00
3.324554494055115e-06	1.800000e+00
3.329437306555115e-06	1.800000e+00
3.334320119055115e-06	1.800000e+00
3.339202931555114e-06	1.800000e+00
3.344085744055114e-06	1.800000e+00
3.347180074389775e-06	1.800000e+00
3.350000000000001e-06	1.799994e+00
3.350001192092896e-06	1.799996e+00
3.350003576278687e-06	1.800000e+00
3.350004172194494e-06	1.800000e+00
3.350004888987445e-06	1.800000e+00
3.350006322573347e-06	1.800000e+00
3.350007862283203e-06	1.800000e+00
3.350010941702916e-06	1.800000e+00
3.350017100542342e-06	1.800000e+00
3.350026783818230e-06	1.800000e+00
3.350037541507284e-06	1.800000e+00
3.350052918840252e-06	1.800000e+00
3.350075717678278e-06	1.800000e+00
3.350121315354330e-06	1.800000e+00
3.350212510706434e-06	1.800000e+00
3.350329681557585e-06	1.800000e+00
3.350461270053542e-06	1.800000e+00
3.350672716444843e-06	1.800000e+00
3.350924500704064e-06	1.800000e+00
3.351176089084371e-06	1.800000e+00
3.351366789112253e-06	1.800000e+00
3.351555863980372e-06	1.800000e+00
3.351784983585695e-06	1.800000e+00
3.352057066799106e-06	1.800000e+00
3.352280802856393e-06	1.800000e+00
3.352574544686359e-06	1.800000e+00
3.352859796779498e-06	1.800000e+00
3.353246266926292e-06	1.800000e+00
3.353612649569237e-06	1.800000e+00
3.354121768547095e-06	1.800000e+00
3.354601713776771e-06	1.800000e+00
3.355163152930187e-06	1.800000e+00
3.355847084729521e-06	1.800000e+00
3.356495528019609e-06	1.800000e+00
3.357152169963374e-06	1.800000e+00
3.357908429550089e-06	1.800000e+00
3.358748036176012e-06	1.800000e+00
3.359649351467381e-06	1.800000e+00
3.360714714824574e-06	1.800000e+00
3.361857801911543e-06	1.800000e+00
3.363144157456634e-06	1.800000e+00
3.364765157609703e-06	1.800000e+00
3.366449946230988e-06	1.800000e+00
3.368714895205114e-06	1.800000e+00
3.371387178764111e-06	1.800000e+00
3.374849107269793e-06	1.800000e+00
3.379213070722978e-06	1.800000e+00
3.384095883222978e-06	1.800000e+00
3.388978695722978e-06	1.800000e+00
3.393861508222978e-06	1.800000e+00
3.398744320722977e-06	1.800000e+00
3.403627133222977e-06	1.800000e+00
3.408509945722977e-06	1.800000e+00
3.413392758222977e-06	1.800000e+00
3.418275570722977e-06	1.800000e+00
3.423158383222976e-06	1.800000e+00
3.428041195722976e-06	1.800000e+00
3.432924008222976e-06	1.800000e+00
3.437806820722976e-06	1.800000e+00
3.442689633222976e-06	1.800000e+00
3.445117187500001e-06	1.800000e+00
3.445200299337848e-06	1.800000e+00
3.445532746689234e-06	1.800000e+00
3.445976009824415e-06	1.800000e+00
3.446862536094778e-06	1.800000e+00
3.448226947459276e-06	1.800000e+00
3.450000000000001e-06	1.800000e+00
3.450004883920844e-06	1.800000e+00
3.450014651762531e-06	1.800000e+00
3.450017035669109e-06	1.800000e+00
3.450020025247104e-06	1.800000e+00
3.450026004403095e-06	1.800000e+00
3.450036275020197e-06	1.800000e+00
3.450047450637725e-06	1.800000e+00
3.450063217275030e-06	1.800000e+00
3.450084090776751e-06	1.800000e+00
3.450124154222334e-06	1.800000e+00
3.450201159095396e-06	1.800000e+00
3.450355168841520e-06	1.800000e+00
3.450525385061237e-06	1.800000e+00
3.450704294815923e-06	1.800000e+00
3.450945078745816e-06	1.800000e+00
3.451216219466059e-06	1.800000e+00
3.451521102480601e-06	1.800000e+00
3.451942607626658e-06	1.800000e+00
3.452634330814760e-06	1.800000e+00
3.453542969172101e-06	1.800000e+00
3.454564692288209e-06	1.800000e+00
3.455830656729044e-06	1.800000e+00
3.456980142958330e-06	1.800000e+00
3.457940324187966e-06	1.800000e+00
3.459150016593299e-06	1.800000e+00
3.459766147692405e-06	1.800000e+00
3.460188226973565e-06	1.800000e+00
3.460698169088168e-06	1.800000e+00
3.461092974983455e-06	1.800000e+00
3.461421772702543e-06	1.800000e+00
3.461797194718038e-06	1.800000e+00
3.462369886953909e-06	1.800000e+00
3.462989079404341e-06	1.800000e+00
3.463677380726956e-06	1.800000e+00
3.464514479255770e-06	1.800000e+00
3.465632764525539e-06	1.800000e+00
3.467070567521940e-06	1.800000e+00
3.469527304777847e-06	1.800000e+00
3.472085633733162e-06	1.800000e+00
3.474829591014628e-06	1.800000e+00
3.479712403514628e-06	1.800000e+00
3.484595216014627e-06	1.800000e+00
3.489478028514627e-06	1.800000e+00
3.494360841014627e-06	1.800000e+00
3.499243653514627e-06	1.800000e+00
3.547947261441502e-06	1.800000e+00
3.550000000100000e-06	1.800000e+00
3.554105477416997e-06	1.800000e+00
3.555117187600001e-06	1.800000e+00
3.557140607966008e-06	1.800000e+00
3.560000000100001e-06	1.800000e+00
3.560007798021110e-06	1.800000e+00
3.560023393863328e-06	1.800000e+00
3.560027199618715e-06	1.800000e+00
3.560031833096361e-06	1.800000e+00
3.560041100051654e-06	1.800000e+00
3.560051245059993e-06	1.800000e+00
3.560071089698146e-06	1.800000e+00
3.560108612671138e-06	1.800000e+00
3.560156702223170e-06	1.800000e+00
3.560252881327231e-06	1.800000e+00
3.560445239535355e-06	1.800000e+00
3.560774566576502e-06	1.800000e+00
3.561298934740078e-06	1.800000e+00
3.561867047835200e-06	1.800000e+00
3.562852863284717e-06	1.800000e+00
3.564283107321862e-06	1.800000e+00
3.565778740891047e-06	1.800000e+00
3.568245223065407e-06	1.800000e+00
3.571764265741098e-06	1.800000e+00
3.576647078241098e-06	1.800000e+00
3.586412703241098e-06	1.800000e+00
3.688951765741094e-06	1.800000e+00
3.693834578241093e-06	1.800000e+00
3.697682406017817e-06	1.800000e+00
3.700000000000001e-06	1.796656e+00
3.700005832022444e-06	1.797837e+00
3.700017496067332e-06	1.804537e+00
3.700020364619351e-06	1.803403e+00
3.700023853575424e-06	1.799978e+00
3.700027801620934e-06	1.799558e+00
3.700032177304653e-06	1.799901e+00
3.700037622682191e-06	1.799824e+00
3.700045989342028e-06	1.799953e+00
3.700058767594141e-06	1.799961e+00
3.700081022308037e-06	1.799999e+00
3.700110039376707e-06	1.800092e+00
3.700114797941398e-06	1.800039e+00
3.700115987582571e-06	1.800018e+00
3.700118366864917e-06	1.800006e+00
3.700118961685503e-06	1.800006e+00
3.700120151326676e-06	1.800007e+00
3.700122530609022e-06	1.800007e+00
3.700127289173714e-06	1.800007e+00
3.700136806303097e-06	1.800007e+00
3.700155840561865e-06	1.800007e+00
3.700193909079399e-06	1.800006e+00
3.700270046114467e-06	1.800005e+00
3.700371044879502e-06	1.800004e+00
3.700494230040950e-06	1.800004e+00
3.700630418268677e-06	1.800003e+00
3.700823947663537e-06	1.800003e+00
3.701105298002319e-06	1.800002e+00
3.701630735477248e-06	1.800002e+00
3.702681610427108e-06	1.800001e+00
3.704186077751460e-06	1.800000e+00
3.706049717820165e-06	1.800000e+00
3.708009317328365e-06	1.800000e+00
3.709546348343398e-06	1.800000e+00
3.711626180278395e-06	1.800000e+00
3.713646748449260e-06	1.800000e+00
3.717065044991642e-06	1.800000e+00
3.718945141574189e-06	1.800000e+00
3.719415165719826e-06	1.800000e+00
3.720355214011099e-06	1.800000e+00
3.721620511000400e-06	1.800002e+00
3.721799730800768e-06	1.800005e+00
3.722158170401505e-06	1.800022e+00
3.722185951878638e-06	1.800028e+00
3.722241514832903e-06	1.800055e+00
3.722352640741434e-06	1.799888e+00
3.722443325735957e-06	1.792740e+00
3.722542315499224e-06	1.751710e+00
3.722603539487294e-06	1.688512e+00
3.722665834380071e-06	1.597584e+00
3.722730318669121e-06	1.473654e+00
3.722755480354503e-06	1.359351e+00
3.722776978252678e-06	1.138728e+00
3.722792152636006e-06	8.512387e-01
3.722809932276853e-06	3.902293e-01
3.722819651754412e-06	1.530959e-01
3.722826854746061e-06	5.038333e-02
3.722836021962317e-06	8.691057e-03
3.722843204982345e-06	2.357560e-03
3.722852793716582e-06	1.534493e-03
3.722867517843431e-06	9.317377e-04
3.722896966097128e-06	5.019288e-04
3.722927308111343e-06	3.481778e-04
3.722966236695731e-06	2.659630e-04
3.723017253623088e-06	2.074143e-04
3.723104668589378e-06	1.518888e-04
3.723196775367506e-06	9.742362e-05
3.723262168813037e-06	4.521369e-05
3.723353085288531e-06	-6.968769e-06
3.723418413193852e-06	-1.390422e-05
3.723497115978026e-06	-1.051764e-05
3.723587154948661e-06	-9.632268e-06
3.723767232889933e-06	-7.512306e-06
3.724057848929288e-06	4.632059e-06
3.724075567685389e-06	2.041774e-06
3.724111005197590e-06	-4.417403e-06
3.724119864575641e-06	-4.334776e-06
3.724137583331742e-06	-4.141544e-06
3.724144860677998e-06	-4.093413e-06
3.724152138024253e-06	-4.046178e-06
3.724159415370509e-06	-3.999837e-06
3.724166692716765e-06	-3.954392e-06
3.724173970063021e-06	-3.909841e-06
3.724181247409276e-06	-3.866186e-06
3.724188524755532e-06	-3.823426e-06
3.724250540401885e-06	-3.481718e-06
3.724321415426289e-06	-3.142686e-06
3.724463165475096e-06	-2.588288e-06
3.724746665572711e-06	-1.755321e-06
3.725003507926245e-06	-1.240510e-06
3.725417927233247e-06	-7.361771e-07
3.725967615173841e-06	-3.721148e-07
3.726963649888018e-06	-8.513574e-08
3.727994710854540e-06	1.794789e-08
3.729740109899379e-06	3.998489e-08
3.731943213782164e-06	1.810744e-08
3.735285349634027e-06	-9.043285e-09
3.738768474718942e-06	-1.292035e-08
3.743651287218942e-06	-9.613220e-09
3.748534099718942e-06	-7.201777e-09
3.753416912218941e-06	-4.850982e-09
3.758299724718941e-06	-3.146407e-09
3.763182537218941e-06	-1.843719e-09
3.768065349718941e-06	-9.542402e-10
3.772948162218941e-06	-3.183122e-10
3.777830974718940e-06	1.081830e-10
3.782713787218940e-06	4.037497e-10
3.787596599718940e-06	6.010162e-10
3.792479412218940e-06	7.483132e-10
3.795117187600001e-06	8.008181e-10
3.800000000100000e-06	-1.522724e-05
3.800014285398796e-06	-3.138342e-06
3.800042855996387e-06	3.693319e-06
3.800049766600088e-06	-1.009938e-05
3.800058452942443e-06	-1.363272e-05
3.800075825627152e-06	2.514359e-07
3.800093889436612e-06	-1.623481e-06
3.800130017055530e-06	3.526750e-09
3.800164453388823e-06	-4.283147e-07
3.800219605050289e-06	-2.125287e-08
3.800270088497634e-06	-2.366333e-07
3.800353692457080e-06	3.087360e-08
3.800443287032805e-06	-1.403587e-07
3.800622476184254e-06	1.638543e-08
3.800822317365585e-06	-2.433418e-08
3.801075365353980e-06	4.433788e-09
3.801335715905556e-06	-2.954840e-08
3.801739165017927e-06	1.887512e-08
3.802338670430290e-06	-9.483943e-09
3.803183175809339e-06	8.828606e-09
3.804400091533272e-06	-6.649600e-09
3.806567286595073e-06	1.827543e-09
3.808923218492308e-06	3.304349e-10
3.811476277426432e-06	2.753479e-09
3.814697271825619e-06	1.302066e-10
3.818430855854933e-06	1.428396e-09
3.822443716593676e-06	9.689358e-11
3.827326529093676e-06	1.034778e-09
3.832209341593675e-06	1.030230e-09
3.845117187500001e-06	3.405009e-09
3.850000000000000e-06	5.921885e-06
3.850001192092896e-06	4.675867e-06
3.850003576278687e-06	6.027420e-07
3.850004173119522e-06	1.713505e-07
3.850004890881386e-06	1.054953e-07
3.850006326405113e-06	4.225125e-08
3.850008269821808e-06	1.185373e-08
3.850012156655198e-06	1.480248e-09
3.850018600980042e-06	5.713783e-10
3.850025845141839e-06	8.675446e-10
3.850036310146557e-06	9.384152e-10
3.850051662173408e-06	1.037757e-09
3.850074515436339e-06	1.048761e-09
3.850100729676110e-06	1.037214e-09
3.850141630713755e-06	1.018084e-09
3.850198824523111e-06	1.012006e-09
3.850292267404150e-06	1.007492e-09
3.850413077489202e-06	1.006494e-09
3.850583837896767e-06	1.005538e-09
3.850788987231151e-06	1.005301e-09
3.851068547392833e-06	1.004752e-09
3.851482735319383e-06	1.004766e-09
3.851960831929841e-06	1.004900e-09
3.852391381306812e-06	1.005024e-09
3.852886281001303e-06	1.005141e-09
3.853332707395215e-06	1.005248e-09
3.853824275975050e-06	1.005328e-09
3.854217797029926e-06	1.005307e-09
3.854713508835132e-06	1.005175e-09
3.855178217014916e-06	1.005125e-09
3.855788994460328e-06	1.005071e-09
3.856352941254524e-06	1.005109e-09
3.857007374491153e-06	1.005138e-09
3.857700814623712e-06	1.005178e-09
3.858413119690363e-06	1.005153e-09
3.859215489184567e-06	1.005132e-09
3.860044243605019e-06	1.005111e-09
3.860958799052966e-06	1.005141e-09
3.861968345531543e-06	1.005131e-09
3.863305655366109e-06	1.005139e-09
3.864617984229467e-06	1.005121e-09
3.866375416044619e-06	1.005139e-09
3.868183742114803e-06	1.005131e-09
3.870640896339687e-06	1.005138e-09
3.873185189685675e-06	1.005128e-09
3.877271576093766e-06	1.005138e-09
3.881435435116969e-06	1.005135e-09
3.886318247616969e-06	1.005138e-09
3.891201060116969e-06	1.005138e-09
3.896083872616968e-06	1.005138e-09
3.900966685116968e-06	1.005138e-09
3.905849497616968e-06	1.005138e-09
3.910732310116968e-06	1.005138e-09
3.915615122616968e-06	1.005138e-09
3.920497935116967e-06	1.005138e-09
3.925380747616967e-06	1.005138e-09
3.930263560116967e-06	1.005138e-09
3.935146372616967e-06	1.005138e-09
3.940029185116967e-06	1.005138e-09
3.944911997616966e-06	1.004852e-09
3.945117187500000e-06	1.004988e-09
3.945527567266069e-06	1.005211e-09
3.946348326798205e-06	1.005101e-09
3.947989845862477e-06	1.005145e-09
3.950000000000000e-06	1.014847e-09
3.950006110297038e-06	1.006159e-09
3.950018330891114e-06	9.751123e-10
3.950021276816954e-06	9.688126e-10
3.950025035764597e-06	9.628133e-10
3.950032553659882e-06	9.606821e-10
3.950047589450453e-06	9.754745e-10
3.950063073257121e-06	9.953911e-10
3.950083863404211e-06	1.012582e-09
3.950106198937900e-06	1.017803e-09
3.950138897358973e-06	1.016132e-09
3.950177500373794e-06	1.012861e-09
3.950233646333087e-06	1.009712e-09
3.950300529519512e-06	1.007773e-09
3.950394587822191e-06	1.006490e-09
3.950506620149575e-06	1.005808e-09
3.950661276332686e-06	1.005411e-09
3.950851274611242e-06	1.005179e-09
3.951122695553788e-06	1.005011e-09
3.951487653505470e-06	1.004942e-09
3.952057991630571e-06	1.004996e-09
3.952639850982991e-06	1.005071e-09
3.953295156705341e-06	1.005120e-09
3.954073698270126e-06	1.005152e-09
3.955058652972990e-06	1.005155e-09
3.956181293848796e-06	1.005140e-09
3.957227718754816e-06	1.005134e-09
3.958425212578628e-06	1.005138e-09
3.959607364398024e-06	1.005140e-09
3.961268749867534e-06	1.005138e-09
3.963024695957063e-06	1.005137e-09
3.964763640987327e-06	1.005138e-09
3.967107784890148e-06	1.005138e-09
3.971796072695788e-06	1.005138e-09
3.976678885195788e-06	1.005138e-09
3.981561697695788e-06	1.005138e-09
4.040155447695786e-06	1.005138e-09
4.045038260195785e-06	1.005136e-09
4.045275042408430e-06	1.005138e-09
4.047485009726445e-06	1.005138e-09
4.050000000100000e-06	1.005138e-09
4.054882812600000e-06	1.005142e-09
4.055117187600000e-06	1.005140e-09
4.055585937600001e-06	1.005137e-09
4.056523437600002e-06	1.005137e-09
4.058125000099998e-06	1.005139e-09
4.060000000100000e-06	8.955622e-10
4.060004886183229e-06	8.860386e-10
4.060014658349686e-06	9.963504e-10
4.060017060575830e-06	1.075616e-09
4.060019929646425e-06	1.134811e-09
4.060024391156675e-06	1.121848e-09
4.060029028548817e-06	1.091589e-09
4.060037510122064e-06	1.052716e-09
4.060050282439952e-06	1.022072e-09
4.060071221676576e-06	1.007467e-09
4.060113100149822e-06	1.004654e-09
4.060183860709590e-06	1.005338e-09
4.060325381829125e-06	1.005301e-09
4.060608424068196e-06	1.005181e-09
4.060993253651166e-06	1.005147e-09
4.061577721707786e-06	1.005134e-09
4.062712243180432e-06	1.005133e-09
4.063780914075327e-06	1.005134e-09
4.065294801302491e-06	1.005136e-09
4.067181220121332e-06	1.005137e-09
4.069729842547514e-06	1.005138e-09
4.073795423932470e-06	1.005138e-09
4.078678236432470e-06	1.005138e-09
4.083561048932470e-06	1.005138e-09
4.088443861432470e-06	1.005138e-09
4.093326673932470e-06	1.005138e-09
4.103092298932469e-06	1.005138e-09
4.107975111432469e-06	1.005138e-09
4.112857923932469e-06	1.005138e-09
4.117740736432469e-06	1.005138e-09
4.195117187500001e-06	1.005138e-09
4.200000000000000e-06	2.335602e-05
4.200014265731112e-06	1.857016e-05
4.200042797193337e-06	5.612268e-06
4.200049700177169e-06	2.171222e-06
4.200058438476186e-06	-3.122333e-06
4.200075915074219e-06	-4.106938e-06
4.200100133677410e-06	-6.745019e-07
4.200148570883790e-06	-1.327703e-06
4.200245445296553e-06	-5.348638e-07
4.200439194122077e-06	-5.958084e-07
4.200700590823822e-06	-3.147937e-07
4.201049277305262e-06	9.591496e-06
4.201116176824014e-06	7.627884e-06
4.201249975861517e-06	-1.947367e-07
4.201283425620892e-06	-1.667638e-07
4.201350325139644e-06	-5.081623e-08
4.201367050019332e-06	-4.196960e-08
4.201400499778707e-06	-2.200829e-08
4.201408862218551e-06	-1.739024e-08
4.201425587098239e-06	-1.105616e-08
4.201459036857614e-06	-1.902025e-09
4.201525936376366e-06	1.031484e-08
4.201659735413869e-06	2.600266e-08
4.201927333488874e-06	4.413443e-08
4.202462529638885e-06	5.577747e-08
4.203532921938906e-06	4.325028e-08
4.205394560895629e-06	3.887495e-09
4.207425658991058e-06	-2.033406e-08
4.209647302426455e-06	-2.200755e-08
4.211287690482766e-06	-1.592240e-08
4.213473005038968e-06	-7.741463e-09
4.215779729997096e-06	-2.818264e-09
4.219637670370015e-06	5.075447e-11
4.224520482870015e-06	7.131297e-10
4.229403295370015e-06	-1.154876e-09
4.234286107870015e-06	7.605659e-09
4.234355952877723e-06	1.299177e-08
4.234495642893142e-06	2.234363e-08
4.234530565396996e-06	2.006943e-08
4.234740100420124e-06	1.000225e-09
4.235019480450960e-06	-1.392225e-08
4.235578240512633e-06	-1.638822e-07
4.236682610293017e-06	-1.804071e-06
4.236832834248134e-06	-3.641030e-06
4.237133282158367e-06	-1.299381e-05
4.237302211617531e-06	-2.721555e-05
4.237450144588049e-06	-5.685809e-05
4.237624330138732e-06	-1.127930e-04
4.237804705366275e-06	-1.741334e-04
4.237945598109466e-06	2.376800e-03
4.238100061178979e-06	1.541302e-02
4.238131299419141e-06	3.438266e-02
4.238193775899465e-06	1.187613e-01
4.238202215111799e-06	1.437661e-01
4.238219093536468e-06	2.422488e-01
4.238243643338423e-06	4.583573e-01
4.238263533881618e-06	6.968243e-01
4.238284421130716e-06	1.035236e+00
4.238293984593571e-06	1.266825e+00
4.238300519166647e-06	1.485047e+00
4.238305756457147e-06	1.670447e+00
4.238308229188298e-06	1.731858e+00
4.238312244515527e-06	1.776972e+00
4.238315417706819e-06	1.790120e+00
4.238319053091547e-06	1.794881e+00
4.238323410607813e-06	1.797631e+00
4.238329905210353e-06	1.799041e+00
4.238337011788917e-06	1.799397e+00
4.238347105500666e-06	1.799655e+00
4.238359933135171e-06	1.799947e+00
4.238380651183751e-06	1.800145e+00
4.238406410165899e-06	1.800183e+00
4.238452156866910e-06	1.800179e+00
4.238541310613969e-06	1.800165e+00
4.238713885424077e-06	1.800139e+00
4.239059035044294e-06	1.800088e+00
4.239144249883414e-06	1.800082e+00
4.239314679561655e-06	1.800078e+00
4.239442501820335e-06	1.800070e+00
4.239517064804564e-06	1.800066e+00
4.239530760046565e-06	1.800065e+00
4.239544455288567e-06	1.800064e+00
4.239558150530568e-06	1.800063e+00
4.239571845772569e-06	1.800063e+00
4.239585541014570e-06	1.800062e+00
4.239599236256572e-06	1.800061e+00
4.239612931498573e-06	1.800061e+00
4.239740753757253e-06	1.800055e+00
4.239911183435493e-06	1.800049e+00
4.240252042791973e-06	1.800039e+00
4.240820742168769e-06	1.800026e+00
4.241425539809157e-06	1.800018e+00
4.242531548076018e-06	1.800010e+00
4.244443123476217e-06	1.800004e+00
4.246452792854481e-06	1.800001e+00
4.248543831319985e-06	1.800000e+00
4.250964826151700e-06	1.800000e+00
4.254535792204126e-06	1.800000e+00
4.259418604704125e-06	1.800000e+00
4.264301417204125e-06	1.800000e+00
4.268049801780967e-06	1.800000e+00
4.268721483592430e-06	1.800000e+00
4.269393165403893e-06	1.800000e+00
4.270064847215356e-06	1.800000e+00
4.270736529026818e-06	1.800000e+00
4.271408210838281e-06	1.800000e+00
4.272079892649744e-06	1.800000e+00
4.272751574461207e-06	1.800000e+00
4.274927640853576e-06	1.800000e+00
4.276900161578134e-06	1.800000e+00
4.280845203027250e-06	1.800000e+00
4.285728015527250e-06	1.800001e+00
4.290610828027250e-06	1.800000e+00
4.295493640527250e-06	1.800000e+00
4.300000000100000e-06	1.799687e+00
4.300011175542209e-06	1.799842e+00
4.300033526426629e-06	1.800321e+00
4.300039036302609e-06	1.800214e+00
4.300045594340936e-06	1.800075e+00
4.300054775115121e-06	1.800092e+00
4.300064458863099e-06	1.800058e+00
4.300080543422773e-06	1.800050e+00
4.300104093972845e-06	1.800025e+00
4.300138856665889e-06	1.800014e+00
4.300202266939612e-06	1.800003e+00
4.300296182747350e-06	1.800001e+00
4.300472023815579e-06	1.800000e+00
4.300668100756681e-06	1.800000e+00
4.300951193800960e-06	1.800000e+00
4.301313668068671e-06	1.800000e+00
4.301931920492086e-06	1.800000e+00
4.302963297468846e-06	1.800000e+00
4.303940309077474e-06	1.800000e+00
4.305240561806320e-06	1.800000e+00
4.306763354766309e-06	1.800000e+00
4.307939419166936e-06	1.800000e+00
4.309183679467516e-06	1.800000e+00
4.310470799628775e-06	1.800000e+00
4.311245119978835e-06	1.800000e+00
4.311859969744883e-06	1.800000e+00
4.312334018993587e-06	1.800000e+00
4.312843814471745e-06	1.800000e+00
4.313408026421765e-06	1.800000e+00
4.313745379500857e-06	1.800000e+00
4.314170809858024e-06	1.800000e+00
4.314619383683441e-06	1.800000e+00
4.315209937781706e-06	1.800000e+00
4.315928392421702e-06	1.800000e+00
4.316732373070413e-06	1.800000e+00
4.317742869663023e-06	1.800000e+00
4.319119004175313e-06	1.800000e+00
4.321321631631946e-06	1.800000e+00
4.324202194297209e-06	1.800000e+00
4.327884545049977e-06	1.800000e+00
4.332767357549977e-06	1.800000e+00
4.337650170049977e-06	1.800000e+00
4.342532982549977e-06	1.800000e+00
4.345117187500001e-06	1.800000e+00
4.350000000000001e-06	1.800017e+00
4.350009536743164e-06	1.800011e+00
4.350028610229493e-06	1.799999e+00
4.350033277820064e-06	1.800000e+00
4.350038851644786e-06	1.800000e+00
4.350049360505967e-06	1.800000e+00
4.350059483049121e-06	1.800000e+00
4.350078419252805e-06	1.800000e+00
4.350107341362100e-06	1.800000e+00
4.350152377813033e-06	1.800000e+00
4.350242450714898e-06	1.800000e+00
4.350391762086646e-06	1.800000e+00
4.350526728090708e-06	1.800000e+00
4.350774317304759e-06	1.800000e+00
4.351033162537355e-06	1.800000e+00
4.351241080076868e-06	1.800000e+00
4.351453042795036e-06	1.800000e+00
4.351675699384904e-06	1.800000e+00
4.351923729916013e-06	1.800000e+00
4.352206271369128e-06	1.800000e+00
4.352515084396491e-06	1.800000e+00
4.352898355047219e-06	1.800000e+00
4.353266493543502e-06	1.800000e+00
4.353655826504802e-06	1.800000e+00
4.354014227907575e-06	1.800000e+00
4.354377044058657e-06	1.800000e+00
4.354826774460419e-06	1.800000e+00
4.355310675702225e-06	1.800000e+00
4.355850822917456e-06	1.800000e+00
4.356433672979581e-06	1.800000e+00
4.357039253068102e-06	1.800000e+00
4.357774465338993e-06	1.800000e+00
4.358591115180648e-06	1.800000e+00
4.359385099318115e-06	1.800000e+00
4.360447706730511e-06	1.800000e+00
4.361470380977878e-06	1.800000e+00
4.362807393291360e-06	1.800000e+00
4.364547317131968e-06	1.800000e+00
4.366315081332476e-06	1.800000e+00
4.368844059163390e-06	1.800000e+00
4.371652819824590e-06	1.800000e+00
4.375307859461741e-06	1.800000e+00
4.380190671961740e-06	1.800000e+00
4.385073484461740e-06	1.800000e+00
4.389956296961740e-06	1.800000e+00
4.394839109461740e-06	1.800000e+00
4.399721921961740e-06	1.800000e+00
4.404604734461739e-06	1.800000e+00
4.409487546961739e-06	1.800000e+00
4.414370359461739e-06	1.800000e+00
4.419253171961739e-06	1.800000e+00
4.424135984461739e-06	1.800000e+00
4.438784421961738e-06	1.800000e+00
4.443667234461738e-06	1.800000e+00
4.445117187500001e-06	1.800000e+00
4.447100093923475e-06	1.800000e+00
4.450000000000001e-06	1.800000e+00
4.450008416336545e-06	1.800000e+00
4.450025249009632e-06	1.800000e+00
4.450029326466233e-06	1.800000e+00
4.450034495678145e-06	1.800000e+00
4.450041391098303e-06	1.800000e+00
4.450055181938618e-06	1.800000e+00
4.450082763619250e-06	1.800000e+00
4.450137926980513e-06	1.800000e+00
4.450248253703039e-06	1.800000e+00
4.450410869246596e-06	1.800000e+00
4.450614378756580e-06	1.800000e+00
4.450799833044386e-06	1.800000e+00
4.451087483747114e-06	1.800000e+00
4.451417124416754e-06	1.800000e+00
4.451729613765471e-06	1.800000e+00
4.452211469297061e-06	1.800000e+00
4.452941261185763e-06	1.800000e+00
4.453965626018783e-06	1.800000e+00
4.454983922658013e-06	1.800000e+00
4.456446481271002e-06	1.800000e+00
4.457442312891484e-06	1.800000e+00
4.458188709206398e-06	1.800000e+00
4.459011687083625e-06	1.800000e+00
4.459937757831594e-06	1.800000e+00
4.460940517667746e-06	1.800000e+00
4.461396777947381e-06	1.800000e+00
4.461746180059354e-06	1.800000e+00
4.462275144800122e-06	1.800000e+00
4.462599879571780e-06	1.800000e+00
4.462898350318148e-06	1.800000e+00
4.463232330598298e-06	1.800000e+00
4.463728448131461e-06	1.800000e+00
4.464269891173535e-06	1.800000e+00
4.464889741724731e-06	1.800000e+00
4.465654260526754e-06	1.800000e+00
4.466665684277892e-06	1.800000e+00
4.467962331619341e-06	1.800000e+00
4.469962956697757e-06	1.800000e+00
4.472055368386653e-06	1.800000e+00
4.474581589777602e-06	1.800000e+00
4.478358465790558e-06	1.800000e+00
4.483241278290558e-06	1.800000e+00
4.488124090790558e-06	1.800000e+00
4.493006903290558e-06	1.800000e+00
4.497889715790558e-06	1.800000e+00
4.502772528290557e-06	1.800000e+00
4.507655340790557e-06	1.800000e+00
4.545117187600001e-06	1.800000e+00
4.550000000100000e-06	1.800000e+00
4.554882812600000e-06	1.800000e+00
4.555117187600000e-06	1.800000e+00
4.555585937600001e-06	1.800000e+00
4.556523437600002e-06	1.800000e+00
4.558125000099998e-06	1.800000e+00
4.560000000100000e-06	1.800000e+00
4.560005235085903e-06	1.800000e+00
4.560015705057708e-06	1.800000e+00
4.560018254596296e-06	1.800000e+00
4.560021403291073e-06	1.800000e+00
4.560027700680626e-06	1.800000e+00
4.560035360655436e-06	1.800000e+00
4.560050680605055e-06	1.800000e+00
4.560075162448239e-06	1.800000e+00
4.560105440608799e-06	1.800000e+00
4.560165996929918e-06	1.800000e+00
4.560287109572158e-06	1.800000e+00
4.560504927851380e-06	1.800000e+00
4.560842124918349e-06	1.800000e+00
4.561363452939109e-06	1.800000e+00
4.561933446241840e-06	1.800000e+00
4.562946191216404e-06	1.800000e+00
4.564310989512219e-06	1.800000e+00
4.565747587246975e-06	1.800000e+00
4.567804199624483e-06	1.800000e+00
4.571223791504987e-06	1.800000e+00
4.575246292121667e-06	1.800000e+00
4.580129104621666e-06	1.800000e+00
4.585011917121666e-06	1.800000e+00
4.687550979621662e-06	1.800000e+00
4.695117187500001e-06	1.800000e+00
4.700000000000001e-06	1.790225e+00
4.700001192092897e-06	1.788293e+00
4.700003576278688e-06	1.792634e+00
4.700004169208364e-06	1.798525e+00
4.700004889937777e-06	1.804187e+00
4.700006069868051e-06	1.805634e+00
4.700007295007013e-06	1.804916e+00
4.700009745284938e-06	1.803062e+00
4.700013835397484e-06	1.801286e+00
4.700022015622574e-06	1.799977e+00
4.700032344666725e-06	1.799692e+00
4.700043442749751e-06	1.799791e+00
4.700061817690032e-06	1.799911e+00
4.700081870385377e-06	1.799959e+00
4.700107811665339e-06	1.799980e+00
4.700112148292765e-06	1.799983e+00
4.700113232449621e-06	1.799983e+00
4.700115942841762e-06	1.799984e+00
4.700119195312330e-06	1.799985e+00
4.700123531939756e-06	1.799986e+00
4.700132205194607e-06	1.799988e+00
4.700149551704308e-06	1.799992e+00
4.700184244723710e-06	1.799998e+00
4.700249769847617e-06	1.800004e+00
4.700352266230381e-06	1.800009e+00
4.700468116553842e-06	1.800011e+00
4.700601561754307e-06	1.800011e+00
4.700774469273860e-06	1.800010e+00
4.701038441024033e-06	1.800009e+00
4.701472749408277e-06	1.800007e+00
4.702117126702781e-06	1.800005e+00
4.703405881291789e-06	1.800003e+00
4.703590235455510e-06	1.800003e+00
4.703958943782953e-06	1.800004e+00
4.704332807318976e-06	1.800006e+00
4.704426273202981e-06	1.800008e+00
4.704613204970993e-06	1.800027e+00
4.704753687066724e-06	1.800015e+00
4.704922314449071e-06	1.796007e+00
4.705012327222624e-06	1.777706e+00
4.705068302257450e-06	1.734474e+00
4.705137923716948e-06	1.644119e+00
4.705187261208872e-06	1.569626e+00
4.705233342670289e-06	1.460691e+00
4.705254423555903e-06	1.338087e+00
4.705276353035502e-06	1.074007e+00
4.705290930404614e-06	7.722130e-01
4.705307959946787e-06	3.194450e-01
4.705317209509470e-06	1.166529e-01
4.705325571690560e-06	2.841229e-02
4.705334744769668e-06	4.956435e-03
4.705345733082774e-06	1.685935e-03
4.705355648463056e-06	1.137373e-03
4.705375479223620e-06	6.699536e-04
4.705404093118686e-06	4.194830e-04
4.705437078705096e-06	3.117927e-04
4.705478981762998e-06	2.437338e-04
4.705562787878802e-06	1.756761e-04
4.705663566698429e-06	1.158953e-04
4.705740656906051e-06	5.902856e-05
4.705819620145268e-06	3.938716e-06
4.705900900694209e-06	-1.248725e-05
4.705976314047267e-06	-1.057891e-05
4.706054745613170e-06	-9.814202e-06
4.706211608744975e-06	-7.953226e-06
4.706489883977293e-06	-5.415885e-06
4.706874756372251e-06	-3.158818e-06
4.707346580105185e-06	-1.649224e-06
4.707781488893592e-06	-9.499529e-07
4.708371318371187e-06	-1.624193e-05
4.708438561738388e-06	-3.934158e-06
4.708455372580187e-06	-3.859267e-07
4.708488994263788e-06	-3.342883e-07
4.708523816721802e-06	-3.180218e-07
4.708558639179816e-06	-3.026943e-07
4.708593461637831e-06	-2.883057e-07
4.708628284095845e-06	-2.748560e-07
4.708663106553860e-06	-2.623454e-07
4.708697929011874e-06	-2.507737e-07
4.708732751469888e-06	-2.401409e-07
4.708867238204290e-06	-2.024644e-07
4.709136211673092e-06	-1.450774e-07
4.709627473706833e-06	-7.580212e-08
4.710184015532763e-06	-3.359025e-08
4.711210754312370e-06	-4.131492e-09
4.713264231871585e-06	1.004943e-08
4.717066786612760e-06	1.048220e-08
4.721949599112760e-06	6.287529e-09
4.726832411612760e-06	3.279534e-09
4.731715224112760e-06	2.110927e-09
4.736598036612759e-06	1.724374e-09
4.741480849112759e-06	1.477353e-09
4.746363661612759e-06	1.332968e-09
4.751246474112759e-06	1.226459e-09
4.756129286612759e-06	1.158285e-09
4.761012099112758e-06	1.109435e-09
4.765894911612758e-06	1.077091e-09
4.770777724112758e-06	1.054360e-09
4.775660536612758e-06	1.039030e-09
4.780543349112758e-06	1.028384e-09
4.790308974112757e-06	1.016119e-09
4.795191786612757e-06	1.012679e-09
4.800000000100000e-06	-2.936255e-05
4.800009536843164e-06	-8.598182e-06
4.800028610329492e-06	2.841863e-05
4.800033397239270e-06	1.302339e-06
4.800039125106254e-06	-1.993379e-05
4.800050580840221e-06	-7.884595e-07
4.800070915271546e-06	-9.841817e-07
4.800111584134195e-06	-1.961322e-08
4.800154219475040e-06	-1.285540e-07
4.800211379063442e-06	2.844312e-08
4.800271885075565e-06	-9.315578e-08
4.800365936181666e-06	3.919683e-08
4.800489265472917e-06	-5.421073e-08
4.800735924055418e-06	5.653626e-09
4.801003624875411e-06	-8.219845e-09
4.801332867470543e-06	1.323400e-08
4.801814748091170e-06	-3.119254e-09
4.802386352745529e-06	5.514167e-09
4.803107110763702e-06	-3.809943e-09
4.804114014781061e-06	5.069865e-09
4.805632669469536e-06	-9.331362e-10
4.807643967052302e-06	2.301162e-09
4.810206571042342e-06	8.696446e-10
4.812848354749690e-06	2.366851e-09
4.816616822911998e-06	5.949894e-10
4.820958106272589e-06	1.319004e-09
4.825840918772589e-06	1.012381e-09
4.835606543772589e-06	1.012495e-09
4.845372168772588e-06	1.145835e-09
4.850000000000001e-06	-2.459792e-06
4.850009536743165e-06	-1.665249e-06
4.850028610229493e-06	1.055726e-07
4.850033384142825e-06	6.403927e-08
4.850039032692451e-06	-1.946716e-08
4.850048998382885e-06	3.984216e-09
4.850061587854435e-06	-1.109758e-09
4.850085248225158e-06	1.622463e-09
4.850121883425995e-06	7.143546e-10
4.850176882975626e-06	1.164593e-09
4.850255742675134e-06	8.982287e-10
4.850375088378272e-06	1.078818e-09
4.850565113522210e-06	9.694695e-10
4.850837686896236e-06	1.026185e-09
4.851207013271368e-06	9.857007e-10
4.851760844888412e-06	1.009045e-09
4.852378932159987e-06	1.008476e-09
4.852937588950635e-06	1.008062e-09
4.853541083584267e-06	1.002730e-09
4.854190137210545e-06	1.009680e-09
4.854946642677058e-06	1.007396e-09
4.855640232484031e-06	1.012721e-09
4.856583175264276e-06	1.006099e-09
4.857481741225803e-06	1.009018e-09
4.858571243443276e-06	1.004485e-09
4.859699877454030e-06	1.010006e-09
4.861273084278275e-06	1.005912e-09
4.862750011922841e-06	1.008622e-09
4.864762877915254e-06	1.004855e-09
4.866834536865080e-06	1.007655e-09
4.869680826111931e-06	1.003614e-09
4.873362338128230e-06	1.006190e-09
4.877981888647297e-06	1.004914e-09
4.882864701147297e-06	1.005140e-09
4.887747513647296e-06	1.005136e-09
4.892630326147296e-06	1.005140e-09
4.897513138647296e-06	1.005136e-09
4.902395951147296e-06	1.005140e-09
4.907278763647296e-06	1.005136e-09
4.912161576147295e-06	1.005140e-09
4.917044388647295e-06	1.005136e-09
4.921927201147295e-06	1.005140e-09
4.926810013647295e-06	1.005136e-09
4.931692826147295e-06	1.005140e-09
4.936575638647294e-06	1.005136e-09
4.941458451147294e-06	1.003857e-09
4.945117187500001e-06	1.003853e-09
4.950000000000001e-06	-2.742423e-09
4.950014547412909e-06	-1.521791e-09
4.950043642238728e-06	1.087726e-09
4.950050671794213e-06	1.043388e-09
4.950059613645807e-06	9.759258e-10
4.950071840140885e-06	1.011329e-09
4.950088138098443e-06	1.002707e-09
4.950120734013560e-06	1.011736e-09
4.950174466048359e-06	1.008914e-09
4.950228064956074e-06	1.008440e-09
4.950311839586621e-06	1.006214e-09
4.950421386205385e-06	1.006219e-09
4.950640479442912e-06	1.005295e-09
4.950864098557081e-06	1.005242e-09
4.951171442715224e-06	1.005037e-09
4.951496088384110e-06	1.005121e-09
4.952008358585007e-06	1.005005e-09
4.952709615203865e-06	1.005095e-09
4.953410955422787e-06	1.005098e-09
4.954380145235952e-06	1.005169e-09
4.955528355842909e-06	1.005152e-09
4.956642252283059e-06	1.005146e-09
4.957967367945320e-06	1.005133e-09
4.959324862792193e-06	1.005145e-09
4.960829778050431e-06	1.005124e-09
4.962952411807983e-06	1.005151e-09
4.966238811687493e-06	1.005132e-09
4.970538759153347e-06	1.005140e-09
4.975421571653347e-06	1.005138e-09
4.980304384153347e-06	1.005138e-09
4.985187196653347e-06	1.005138e-09
4.990070009153347e-06	1.005138e-09
4.994952821653346e-06	1.005581e-09
4.995445919193309e-06	1.005026e-09
4.996103382579925e-06	1.005193e-09
4.997418309353159e-06	1.005111e-09
5.000000000000000e-06	1.005166e-09
