time	V(comp_out)
0.000000000000000e+00	1.005148e-09
2.000000000000000e-18	1.005148e-09
3.000000000000000e-18	1.005148e-09
4.000000000000000e-18	1.005148e-09
6.000000000000000e-18	1.005148e-09
1.000000000000000e-17	1.005149e-09
1.800000000000000e-17	1.005149e-09
3.400000000000000e-17	1.005151e-09
6.600000000000001e-17	1.005154e-09
1.000000000000000e-16	1.005157e-09
1.022860130522447e-16	1.005157e-09
1.068580391567342e-16	1.005158e-09
1.713240104795957e-13	1.020111e-09
3.425411629200346e-13	1.033514e-09
5.137583153604735e-13	1.045366e-09
6.849754678009124e-13	1.055669e-09
8.561926202413513e-13	1.064422e-09
1.027409772681790e-12	1.071624e-09
1.198626925122229e-12	1.077277e-09
1.348443076514139e-12	1.082004e-09
1.648075379297959e-12	1.087607e-09
2.247339984865600e-12	1.094897e-09
2.397156136257510e-12	1.095791e-09
2.696788439041330e-12	1.095967e-09
3.296053044608971e-12	1.094034e-09
4.494582255744252e-12	1.085865e-09
6.891640678014814e-12	1.066921e-09
1.168575752255594e-11	1.038609e-09
2.127399121163819e-11	1.011255e-09
3.769945526027940e-11	9.974893e-10
5.823371693523828e-11	9.960391e-10
8.726627577320959e-11	9.984746e-10
1.221021733087497e-10	1.000945e-09
1.682605067178112e-10	1.002965e-09
2.267881505642784e-10	1.004198e-09
3.201034685938093e-10	1.004886e-09
4.483256410682187e-10	1.005110e-09
6.944861605923577e-10	1.005148e-09
9.187811796950905e-10	1.005148e-09
1.213492564573668e-09	1.005148e-09
1.557801649497132e-09	1.005148e-09
2.244887833489073e-09	1.005148e-09
2.997352462166644e-09	1.005141e-09
3.119339648248586e-09	1.005146e-09
3.149836444769071e-09	1.005148e-09
3.226078436070285e-09	1.005148e-09
3.264199431720891e-09	1.005148e-09
3.279447829981134e-09	1.005148e-09
3.309944626501620e-09	1.005148e-09
3.317568825631741e-09	1.005148e-09
3.332817223891983e-09	1.005148e-09
3.370938219542590e-09	1.005148e-09
3.386186617802833e-09	1.005148e-09
3.416683414323318e-09	1.005148e-09
3.477677007364289e-09	1.005148e-09
3.599664193446231e-09	1.005148e-09
3.843638565610114e-09	1.005148e-09
4.331587309937881e-09	1.005148e-09
5.307484798593416e-09	1.005148e-09
6.241410624065087e-09	1.005148e-09
7.251328241753032e-09	1.005148e-09
8.121798594764696e-09	1.005148e-09
9.383970452244999e-09	1.005148e-09
1.083564363794857e-08	1.005148e-09
1.233121806662770e-08	1.005148e-09
1.260818052010609e-08	1.005148e-09
1.265247103705767e-08	1.005148e-09
1.274105207096082e-08	1.005148e-09
1.291821413876712e-08	1.005148e-09
1.296250465571870e-08	1.005148e-09
1.297357728495659e-08	1.005148e-09
1.300125885805132e-08	1.005148e-09
1.301233148728922e-08	1.005148e-09
1.303447674576501e-08	1.005148e-09
1.307876726271658e-08	1.005148e-09
1.316734829661973e-08	1.005148e-09
1.334451036442603e-08	1.005148e-09
1.369883450003863e-08	1.005148e-09
1.422810593132430e-08	1.005148e-09
1.495428479561311e-08	1.005148e-09
1.632568002576125e-08	1.005148e-09
1.874149671122349e-08	1.005148e-09
2.131018299175078e-08	1.005148e-09
2.431486278905574e-08	1.005148e-09
2.781804222577306e-08	1.005148e-09
3.156974337583359e-08	1.005148e-09
3.567199415684578e-08	1.005148e-09
4.055480665684578e-08	1.005148e-09
4.543761915684578e-08	1.005148e-09
5.032043165684578e-08	1.005148e-09
5.520324415684578e-08	1.005148e-09
6.008605665684577e-08	1.005148e-09
6.496886915684577e-08	1.005148e-09
6.985168165684577e-08	1.005148e-09
7.473449415684577e-08	1.005148e-09
8.450011915684577e-08	1.005148e-09
8.938293165684577e-08	1.005148e-09
9.426574415684577e-08	1.005148e-09
9.682007448630848e-08	1.005148e-09
1.000000001000000e-07	1.005148e-09
1.000000001100000e-07	1.005148e-09
1.000000001300000e-07	1.005148e-09
1.000000001700000e-07	1.005148e-09
1.000000001737500e-07	1.005148e-09
1.000000001812500e-07	1.005148e-09
1.000000001962500e-07	1.005148e-09
1.000000002000000e-07	1.005148e-09
1.000000002030000e-07	1.005149e-09
1.010000002030000e-07	1.108024e-09
1.020000002030000e-07	1.119493e-09
1.080000002030000e-07	1.005146e-09
2.000000000000000e-07	1.005227e-09
2.000000000012500e-07	7.159520e-08
2.000000000037500e-07	3.642961e-07
2.000000000087500e-07	1.289027e-06
2.000000000100000e-07	1.645944e-06
2.000000000110000e-07	9.270540e-06
2.000000000346406e-07	2.718670e-04
2.000000002960782e-07	1.802258e-03
2.000000004267970e-07	2.088668e-03
2.000000051700214e-07	2.069668e-03
2.000000099132458e-07	2.050850e-03
2.000000146564702e-07	2.032215e-03
2.000000193996946e-07	2.013763e-03
2.000000241429190e-07	1.995494e-03
2.000000288861435e-07	1.977407e-03
2.000000336293679e-07	1.959503e-03
2.000000670933764e-07	1.837975e-03
2.000001340213933e-07	1.618229e-03
2.000002678774272e-07	1.255887e-03
2.000005355894950e-07	7.495380e-04
2.000010710136306e-07	2.172203e-04
2.000021418619017e-07	-1.207773e-04
2.000042835584441e-07	-1.591991e-04
2.000071928546509e-07	-7.821282e-05
2.000130114470644e-07	-1.208391e-05
2.000246486318914e-07	6.846837e-06
2.000479230015455e-07	2.374005e-06
2.000812214874176e-07	-3.719575e-07
2.001222329723406e-07	-2.063009e-06
2.001829396337415e-07	-6.523713e-06
2.003043529565432e-07	-1.663079e-05
2.004641314049160e-07	-3.307318e-05
2.006565077285197e-07	-6.507459e-05
2.009069011953899e-07	-1.211238e-04
2.010623931919551e-07	-9.567675e-05
2.012522993950558e-07	1.194624e-02
2.014455966690006e-07	5.379571e-02
2.014609741264720e-07	6.823961e-02
2.014917290414149e-07	1.252090e-01
2.014994177701506e-07	1.493150e-01
2.015147952276221e-07	2.355269e-01
2.015455501425649e-07	4.857023e-01
2.015632293455430e-07	6.640463e-01
2.015757803919337e-07	8.065111e-01
2.015789181535314e-07	8.465121e-01
2.015851936767268e-07	9.397122e-01
2.015916585031059e-07	1.050664e+00
2.015931640075868e-07	1.081678e+00
2.015961750165486e-07	1.156523e+00
2.016007242145720e-07	1.296087e+00
2.016060978857905e-07	1.493317e+00
2.016109583391123e-07	1.670529e+00
2.016136799907886e-07	1.738767e+00
2.016171099231704e-07	1.777485e+00
2.016198751571634e-07	1.789019e+00
2.016234663636308e-07	1.794316e+00
2.016277854146853e-07	1.797340e+00
2.016341518672862e-07	1.798918e+00
2.016414997577152e-07	1.799362e+00
2.016513478983022e-07	1.799634e+00
2.016642410101840e-07	1.799936e+00
2.016847784663649e-07	1.800142e+00
2.017108790413958e-07	1.800184e+00
2.017555612720952e-07	1.800180e+00
2.018449252065525e-07	1.800166e+00
2.020176994314196e-07	1.800140e+00
2.023632478811537e-07	1.800103e+00
2.029426380636830e-07	1.800070e+00
2.030437077002912e-07	1.800057e+00
2.030689751094432e-07	1.800054e+00
2.031195099277474e-07	1.800052e+00
2.031402652995508e-07	1.800051e+00
2.031610206713543e-07	1.800050e+00
2.031817760431578e-07	1.800049e+00
2.032025314149612e-07	1.800048e+00
2.032232867867647e-07	1.800048e+00
2.032440421585682e-07	1.800047e+00
2.032647975303716e-07	1.800046e+00
2.033405997578278e-07	1.800044e+00
2.034416693944360e-07	1.800041e+00
2.036438086676524e-07	1.800036e+00
2.040480872140852e-07	1.800027e+00
2.046585491467217e-07	1.800019e+00
2.054360997042627e-07	1.800012e+00
2.069301997409131e-07	1.800006e+00
2.085219870336728e-07	1.800002e+00
2.107475150663742e-07	1.800001e+00
2.128055123082929e-07	1.800000e+00
2.159415434443134e-07	1.800000e+00
2.200125348451007e-07	1.800000e+00
2.248953473451007e-07	1.800000e+00
2.285329613238002e-07	1.800000e+00
2.290647093951213e-07	1.800000e+00
2.297483854868197e-07	1.800000e+00
2.304320615785182e-07	1.800000e+00
2.311157376702166e-07	1.800000e+00
2.317994137619151e-07	1.800000e+00
2.324830898536135e-07	1.800000e+00
2.331667659453120e-07	1.800000e+00
2.338504420370105e-07	1.800000e+00
2.358727426395314e-07	1.800000e+00
2.384180364940972e-07	1.800000e+00
2.433008489940972e-07	1.800000e+00
2.481836614940972e-07	1.800000e+00
2.530664739940972e-07	1.800000e+00
2.579492864940972e-07	1.800000e+00
2.628320989940973e-07	1.800000e+00
2.677149114940973e-07	1.800000e+00
2.725977239940973e-07	1.800000e+00
2.774805364940973e-07	1.800000e+00
2.823633489940973e-07	1.800000e+00
2.872461614940973e-07	1.800000e+00
2.921289739940973e-07	1.800000e+00
2.951171876000000e-07	1.800000e+00
3.000000001000000e-07	1.799690e+00
3.000121194476769e-07	1.799831e+00
3.000363581430308e-07	1.800261e+00
3.000423219365254e-07	1.800167e+00
3.000495094556276e-07	1.800040e+00
3.000615064010299e-07	1.800063e+00
3.000744918742735e-07	1.800034e+00
3.000946810288221e-07	1.800032e+00
3.001332249924265e-07	1.800011e+00
3.001775121862798e-07	1.800006e+00
3.002660865739862e-07	1.800000e+00
3.003997738127501e-07	1.800000e+00
3.006521023787510e-07	1.800000e+00
3.009448777442814e-07	1.800000e+00
3.012911952974986e-07	1.800000e+00
3.016863758684923e-07	1.800000e+00
3.021790538612549e-07	1.800000e+00
3.028552630857370e-07	1.800000e+00
3.037062520500366e-07	1.800000e+00
3.046903423471987e-07	1.800000e+00
3.056816237688313e-07	1.800000e+00
3.071774383731325e-07	1.800000e+00
3.085500888247963e-07	1.800000e+00
3.098776365419436e-07	1.800000e+00
3.114531530828846e-07	1.800000e+00
3.135977415257823e-07	1.800000e+00
3.157976427117953e-07	1.800000e+00
3.171758753508382e-07	1.800000e+00
3.182819569052391e-07	1.800000e+00
3.191392621838508e-07	1.800000e+00
3.200783603856062e-07	1.800000e+00
3.211706715745708e-07	1.800000e+00
3.218623863201388e-07	1.800000e+00
3.223565063787362e-07	1.800000e+00
3.227901453231010e-07	1.800000e+00
3.233865737410003e-07	1.800000e+00
3.238415692817815e-07	1.800000e+00
3.242009627513348e-07	1.800000e+00
3.246264262223553e-07	1.800000e+00
3.251246734291866e-07	1.800000e+00
3.257195412703882e-07	1.800000e+00
3.263588235404268e-07	1.800000e+00
3.271814489750689e-07	1.800000e+00
3.281376786950929e-07	1.800000e+00
3.296313371861851e-07	1.800000e+00
3.317559081546543e-07	1.800000e+00
3.345373009418272e-07	1.800000e+00
3.380030620635161e-07	1.800000e+00
3.427136954636006e-07	1.800000e+00
3.451171875000000e-07	1.799999e+00
3.451930159272012e-07	1.799999e+00
3.453446727816035e-07	1.800000e+00
3.456479864904082e-07	1.800000e+00
3.460862787290958e-07	1.800000e+00
3.469628632064710e-07	1.800000e+00
3.482468310452496e-07	1.800000e+00
3.500000000000000e-07	1.800042e+00
3.500000000010000e-07	1.800042e+00
3.501000001000001e-07	1.800011e+00
3.502000001000001e-07	1.800000e+00
3.503000001000001e-07	1.800000e+00
3.504000001000001e-07	1.800000e+00
3.506000001000001e-07	1.800000e+00
3.509254533503900e-07	1.800000e+00
3.514599593009986e-07	1.800000e+00
3.520168199839394e-07	1.800000e+00
3.527694872642266e-07	1.800000e+00
3.535300300554687e-07	1.800000e+00
3.544855106830781e-07	1.800000e+00
3.554001649057047e-07	1.800000e+00
3.566404974220713e-07	1.800000e+00
3.579223558128856e-07	1.800000e+00
3.594693333575551e-07	1.800000e+00
3.614037105922740e-07	1.800000e+00
3.635599464489910e-07	1.800000e+00
3.661916401715125e-07	1.800000e+00
3.702760371175759e-07	1.800000e+00
3.745045799958179e-07	1.800000e+00
3.793873924958180e-07	1.800000e+00
3.842702049958180e-07	1.800000e+00
3.891530174958180e-07	1.800000e+00
3.940358299958180e-07	1.800000e+00
3.989186424958180e-07	1.800000e+00
4.038014549958180e-07	1.800000e+00
4.086842674958180e-07	1.800000e+00
4.184498924958181e-07	1.800000e+00
4.233327049958181e-07	1.800000e+00
4.282155174958181e-07	1.800000e+00
4.379811424958181e-07	1.800000e+00
4.428639549958181e-07	1.800000e+00
4.454935349916363e-07	1.800000e+00
4.462462299749087e-07	1.800000e+00
4.477516199414536e-07	1.800000e+00
4.500000000000000e-07	1.800000e+00
4.500000000012500e-07	1.800000e+00
4.500000000037501e-07	1.800000e+00
4.500000000087500e-07	1.800000e+00
4.500000000100001e-07	1.800000e+00
4.500000000125001e-07	1.800000e+00
4.500000000175001e-07	1.800000e+00
4.500000000275001e-07	1.800000e+00
4.500000000475001e-07	1.800000e+00
4.500000002575001e-07	1.800000e+00
4.500000003625001e-07	1.800000e+00
4.500000156925007e-07	1.800000e+00
4.500000310225013e-07	1.800000e+00
4.500000463525019e-07	1.800000e+00
4.500000616825025e-07	1.800000e+00
4.500000770125030e-07	1.800000e+00
4.500000923425036e-07	1.800000e+00
4.500001076725042e-07	1.800000e+00
4.500002151925084e-07	1.800000e+00
4.500004302325168e-07	1.800000e+00
4.500008603125335e-07	1.800000e+00
4.500017204725670e-07	1.800000e+00
4.500034407926340e-07	1.800000e+00
4.500068814327679e-07	1.800000e+00
4.500101861430829e-07	1.800000e+00
4.500144643255718e-07	1.800000e+00
4.500190481877629e-07	1.800000e+00
4.500254968744682e-07	1.800000e+00
4.500328370500692e-07	1.800000e+00
4.500431262306236e-07	1.800000e+00
4.500557432722981e-07	1.800000e+00
4.500752286550684e-07	1.800000e+00
4.501041179724906e-07	1.800000e+00
4.501618966073351e-07	1.800000e+00
4.502774538770241e-07	1.800000e+00
4.504796995246936e-07	1.800000e+00
4.506893194118160e-07	1.800000e+00
4.508947497808383e-07	1.800000e+00
4.512095796235851e-07	1.800000e+00
4.515016022352221e-07	1.800000e+00
4.518662212998737e-07	1.800000e+00
4.523514293251339e-07	1.800000e+00
4.531840668595831e-07	1.800000e+00
4.541358819367298e-07	1.800000e+00
4.552748817536190e-07	1.800000e+00
4.567001906291662e-07	1.800000e+00
4.576656989603888e-07	1.800000e+00
4.583364178528505e-07	1.800000e+00
4.590108666386439e-07	1.800000e+00
4.599204923679810e-07	1.800000e+00
4.607959062243882e-07	1.800000e+00
4.614602849228561e-07	1.800000e+00
4.619011145080888e-07	1.800000e+00
4.622529098749732e-07	1.800000e+00
4.625830683183612e-07	1.800000e+00
4.630024170380170e-07	1.800000e+00
4.632975764208927e-07	1.800000e+00
4.635823202520430e-07	1.800000e+00
4.639053023078963e-07	1.800000e+00
4.644198164399124e-07	1.800000e+00
4.649774012913858e-07	1.800000e+00
4.655433565368137e-07	1.800000e+00
4.662811612873819e-07	1.800000e+00
4.672208736443513e-07	1.800000e+00
4.684829798125506e-07	1.800000e+00
4.702298292977420e-07	1.800000e+00
4.723108841360812e-07	1.800000e+00
4.746664349982369e-07	1.800000e+00
4.778980393083398e-07	1.800000e+00
4.827808518083398e-07	1.800000e+00
4.876636643083398e-07	1.800000e+00
4.925464768083398e-07	1.800000e+00
4.974292893083398e-07	1.800000e+00
5.023121018083398e-07	1.800000e+00
5.071949143083399e-07	1.800000e+00
5.451171876000001e-07	1.800000e+00
5.500000001000001e-07	1.800000e+00
5.512900189298895e-07	1.800000e+00
5.518518074517276e-07	1.800000e+00
5.522596437307268e-07	1.800000e+00
5.527405411955759e-07	1.800000e+00
5.537023361252740e-07	1.800000e+00
5.554309244466567e-07	1.800000e+00
5.573268141315995e-07	1.800000e+00
5.600000001000000e-07	1.800000e+00
5.600074784198265e-07	1.800000e+00
5.600224350594796e-07	1.800000e+00
5.600260730519061e-07	1.800000e+00
5.600305669791487e-07	1.800000e+00
5.600395548336337e-07	1.800000e+00
5.600517300920246e-07	1.800000e+00
5.600741056742495e-07	1.800000e+00
5.601188568386992e-07	1.800000e+00
5.601802162624225e-07	1.800000e+00
5.603029351098691e-07	1.800000e+00
5.605483728047622e-07	1.800000e+00
5.609524444197860e-07	1.800000e+00
5.617605876498337e-07	1.800000e+00
5.632274415423881e-07	1.800000e+00
5.645881227205813e-07	1.800000e+00
5.668215278875169e-07	1.800000e+00
5.691137220970851e-07	1.800000e+00
5.733152274797935e-07	1.800000e+00
5.781980399797935e-07	1.800000e+00
5.879636649797935e-07	1.800000e+00
6.953855399797938e-07	1.800000e+00
7.000000000000001e-07	1.797950e+00
7.000095367431641e-07	1.798703e+00
7.000286102294922e-07	1.801571e+00
7.000333869275170e-07	1.800328e+00
7.000389728265044e-07	1.798958e+00
7.000440584641104e-07	1.799639e+00
7.000497626132190e-07	1.799810e+00
7.000570341408172e-07	1.799805e+00
7.000667225222253e-07	1.799932e+00
7.000800415860872e-07	1.799922e+00
7.000998201042328e-07	1.799751e+00
7.001035683007626e-07	1.799792e+00
7.001110646938222e-07	1.799997e+00
7.001129387920872e-07	1.799990e+00
7.001134073166534e-07	1.799984e+00
7.001143443657859e-07	1.799980e+00
7.001162184640509e-07	1.799978e+00
7.001199666605806e-07	1.799980e+00
7.001274630536403e-07	1.799983e+00
7.001424558397597e-07	1.799988e+00
7.001724414119985e-07	1.799996e+00
7.002324125564760e-07	1.800004e+00
7.003392960175814e-07	1.800012e+00
7.004528140001505e-07	1.800014e+00
7.005857168642632e-07	1.800013e+00
7.007488378132798e-07	1.800012e+00
7.010072242968166e-07	1.800010e+00
7.013144052579298e-07	1.800009e+00
7.017895697207114e-07	1.800007e+00
7.026126275607698e-07	1.800005e+00
7.037420426872900e-07	1.800005e+00
7.039020879285767e-07	1.800011e+00
7.042221784111500e-07	1.800062e+00
7.043697946215129e-07	1.798830e+00
7.044896343748924e-07	1.786103e+00
7.045654459350910e-07	1.747544e+00
7.046210145148081e-07	1.686995e+00
7.046745781270295e-07	1.611186e+00
7.047301250993298e-07	1.510129e+00
7.047529102309702e-07	1.422491e+00
7.047750485368264e-07	1.243206e+00
7.047923013942542e-07	9.809448e-01
7.048086859893964e-07	5.952736e-01
7.048209595143017e-07	2.582961e-01
7.048282008307276e-07	1.043321e-01
7.048362045932969e-07	2.644665e-02
7.048445706689785e-07	5.085991e-03
7.048535876799056e-07	1.927398e-03
7.048634874805605e-07	1.246280e-03
7.048832870818702e-07	7.147046e-04
7.049118570347920e-07	4.325876e-04
7.049446718375790e-07	3.180145e-04
7.049877024691282e-07	2.463873e-04
7.050737637322268e-07	1.756888e-04
7.051803467644412e-07	1.116685e-04
7.052550427372475e-07	5.554435e-05
7.053366539112040e-07	1.331752e-06
7.054194195246081e-07	-1.262623e-05
7.054984800566552e-07	-1.028674e-05
7.055802289809884e-07	-9.601517e-06
7.057437268296548e-07	-7.675484e-06
7.060620588091757e-07	-4.934256e-06
7.064433797259727e-07	-2.865924e-06
7.069171347069827e-07	-1.504946e-06
7.073558513359921e-07	-8.615398e-07
7.079203601256138e-07	-1.171990e-05
7.079971595527615e-07	-8.927753e-06
7.081507584070571e-07	-2.461682e-07
7.081891581206309e-07	-2.387458e-07
7.082659575477787e-07	-2.397300e-07
7.082851574045656e-07	-2.339332e-07
7.083235571181395e-07	-2.240899e-07
7.084003565452872e-07	-2.025792e-07
7.084195564020741e-07	-1.974833e-07
7.084579561156480e-07	-1.879191e-07
7.085347555427957e-07	-1.700692e-07
7.086883543970913e-07	-1.399875e-07
7.089955521056824e-07	-9.608208e-08
7.096099475228645e-07	-4.170925e-08
7.102511277008294e-07	-1.391602e-08
7.114940984669223e-07	3.164508e-09
7.139800399991083e-07	9.954355e-09
7.188628524991083e-07	9.268715e-09
7.237456649991083e-07	6.607625e-09
7.286284774991083e-07	4.145107e-09
7.335112899991083e-07	2.780192e-09
7.383941024991083e-07	2.140028e-09
7.432769149991083e-07	1.756550e-09
7.481597274991084e-07	1.517656e-09
7.530425399991084e-07	1.352941e-09
7.579253524991084e-07	1.243870e-09
7.628081649991084e-07	1.168114e-09
7.676909774991084e-07	1.117131e-09
7.725737899991084e-07	1.081813e-09
7.774566024991084e-07	1.057824e-09
7.823394149991084e-07	1.041276e-09
7.872222274991085e-07	1.029953e-09
7.951171876000000e-07	1.018043e-09
8.000000001000000e-07	-2.936098e-05
8.000095368431641e-07	-8.595965e-06
8.000286103294922e-07	2.841704e-05
8.000333972535275e-07	1.314354e-06
8.000391290085223e-07	-1.992671e-05
8.000505925185120e-07	-7.203143e-07
8.000728622179749e-07	-9.164155e-07
8.001174016169010e-07	-6.708383e-09
8.001648312257992e-07	-1.115374e-07
8.002275622661447e-07	3.406192e-08
8.002960986812650e-07	-8.917395e-08
8.004043938200977e-07	4.354883e-08
8.005571716252301e-07	-4.707370e-08
8.008627272354950e-07	-2.029930e-09
8.011468271701466e-07	-1.659743e-08
8.015873364641033e-07	7.922718e-09
8.021505850684197e-07	-1.109586e-09
8.027656306680615e-07	7.317662e-09
8.036266998571203e-07	-3.552201e-09
8.048443405443383e-07	4.722673e-09
8.066854075086124e-07	-7.962420e-10
8.091436731961187e-07	1.067465e-09
8.116232075831103e-07	-4.379895e-10
8.150331267693505e-07	1.547408e-09
8.189856294659196e-07	3.806252e-10
8.238684419659196e-07	1.016929e-09
8.287512544659196e-07	1.014087e-09
8.385168794659196e-07	1.014087e-09
8.433996919659196e-07	-3.904346e-09
8.451171875000001e-07	2.412947e-09
8.465650089318391e-07	-1.398438e-08
8.471043571363220e-07	-1.097965e-08
8.481830535452879e-07	5.851279e-09
8.500000000000001e-07	2.861498e-06
8.500050458765456e-07	1.983215e-06
8.500151376296365e-07	-2.017279e-07
8.500175937566314e-07	-1.724902e-07
8.500206352403119e-07	-7.516671e-09
8.500267182076728e-07	1.136731e-09
8.500341377539439e-07	8.851539e-10
8.500489768464861e-07	1.024442e-09
8.500746902234315e-07	1.007890e-09
8.501039513434633e-07	1.017254e-09
8.501496468419476e-07	1.007214e-09
8.502109293859988e-07	1.009747e-09
8.503214610512093e-07	1.005405e-09
8.504716503818938e-07	1.006250e-09
8.507191055977488e-07	1.004905e-09
8.510497227022670e-07	1.005231e-09
8.515132420833089e-07	1.004881e-09
8.520505846080378e-07	1.005092e-09
8.526497613325649e-07	1.005184e-09
8.532008689255500e-07	1.005300e-09
8.538878544220065e-07	1.005198e-09
8.545681658806927e-07	1.005162e-09
8.552947660577168e-07	1.005085e-09
8.560562699178692e-07	1.005179e-09
8.570061116433711e-07	1.005120e-09
8.580584003245584e-07	1.005183e-09
8.592773243093733e-07	1.005100e-09
8.607657397579781e-07	1.005135e-09
8.622681838491541e-07	1.005091e-09
8.644333639723851e-07	1.005142e-09
8.666565330630116e-07	1.005105e-09
8.698065693234514e-07	1.005155e-09
8.738632619500975e-07	1.005128e-09
8.787205499103797e-07	1.005138e-09
8.836033624103798e-07	1.005138e-09
8.884861749103798e-07	1.005138e-09
8.933689874103798e-07	1.005138e-09
8.982517999103798e-07	1.005138e-09
9.031346124103798e-07	1.005138e-09
9.080174249103798e-07	1.005138e-09
9.129002374103798e-07	1.005138e-09
9.177830499103798e-07	1.005138e-09
9.226658624103799e-07	1.005138e-09
9.275486749103799e-07	1.005138e-09
9.324314874103799e-07	1.005138e-09
9.373142999103799e-07	1.005138e-09
9.421971124103799e-07	1.005170e-09
9.451171875000001e-07	1.005170e-09
9.500000000000001e-07	1.047628e-09
9.500145398653309e-07	1.029725e-09
9.500436195959923e-07	9.888977e-10
9.500506455829305e-07	9.907689e-10
9.500595827919204e-07	9.974331e-10
9.500720687384180e-07	1.003992e-09
9.500882856097129e-07	1.008088e-09
9.501207193523027e-07	1.009414e-09
9.501774158136395e-07	1.008564e-09
9.502321634051097e-07	1.007404e-09
9.503211049725207e-07	1.006326e-09
9.504371534403889e-07	1.005683e-09
9.506692503761253e-07	1.005263e-09
9.508986506674002e-07	1.005119e-09
9.512225710256785e-07	1.005053e-09
9.515514864458103e-07	1.005034e-09
9.521582150197072e-07	1.005064e-09
9.528150109408795e-07	1.005103e-09
9.536144705891070e-07	1.005140e-09
9.546095073060012e-07	1.005159e-09
9.556788096862965e-07	1.005146e-09
9.568220955443422e-07	1.005133e-09
9.583100880826255e-07	1.005137e-09
9.598040921350168e-07	1.005139e-09
9.614617208086394e-07	1.005138e-09
9.642547156544729e-07	1.005137e-09
9.679571354005722e-07	1.005138e-09
9.728399479005722e-07	1.005138e-09
9.777227604005722e-07	1.005138e-09
9.826055729005722e-07	1.005138e-09
9.874883854005722e-07	1.005138e-09
9.923711979005722e-07	1.005138e-09
1.002136822900572e-06	1.005138e-09
1.007019635400572e-06	1.005138e-09
1.011902447900572e-06	1.005138e-09
1.045117187600000e-06	1.005138e-09
1.050000000100000e-06	1.005138e-09
1.054882812600000e-06	1.005138e-09
1.055117187600000e-06	1.005138e-09
1.055585937600000e-06	1.005138e-09
1.056523437599999e-06	1.005137e-09
1.058125000100001e-06	1.005139e-09
1.060000000100000e-06	8.880157e-10
1.060005115411608e-06	8.835491e-10
1.060015346034824e-06	1.028484e-09
1.060017845068179e-06	1.112971e-09
1.060020897105882e-06	1.163758e-09
1.060027001181288e-06	1.121260e-09
1.060033148784396e-06	1.076151e-09
1.060045443990611e-06	1.032741e-09
1.060069553749543e-06	1.006197e-09
1.060098102957623e-06	1.003068e-09
1.060155201373784e-06	1.004746e-09
1.060269398206105e-06	1.005100e-09
1.060497791870748e-06	1.005126e-09
1.060845254936128e-06	1.005145e-09
1.061435753736234e-06	1.005134e-09
1.062616751336444e-06	1.005134e-09
1.063886325635621e-06	1.005135e-09
1.065483475430516e-06	1.005137e-09
1.067960795452271e-06	1.005137e-09
1.070906110018283e-06	1.005138e-09
1.075788922518283e-06	1.005138e-09
1.085554547518283e-06	1.005138e-09
1.095320172518283e-06	1.005138e-09
1.105085797518283e-06	1.005138e-09
1.114851422518283e-06	1.005138e-09
1.124617047518283e-06	1.005138e-09
1.134382672518283e-06	1.005138e-09
1.144148297518283e-06	1.005138e-09
1.188093610018283e-06	1.005138e-09
1.192976422518283e-06	1.005139e-09
1.195117187500000e-06	1.005135e-09
1.195718470036566e-06	1.005136e-09
1.197594869853737e-06	1.005136e-09
1.198652330511921e-06	1.005139e-09
1.200000000000000e-06	6.053404e-05
1.200003914041750e-06	3.767228e-05
1.200011742125250e-06	-3.215115e-05
1.200013638506975e-06	-2.231975e-06
1.200016034769893e-06	3.658735e-05
1.200020827295729e-06	2.108181e-05
1.200030412347401e-06	1.234390e-05
1.200049582450745e-06	5.308339e-06
1.200082760446115e-06	1.755348e-06
1.200125160630833e-06	4.144877e-07
1.200181371046290e-06	-1.115366e-07
1.200265404813256e-06	-5.849579e-07
1.200417763331185e-06	-7.101810e-07
1.200591831278710e-06	-6.332913e-07
1.200890587702893e-06	-4.190034e-07
1.201409816185203e-06	-2.216497e-07
1.202410083237284e-06	-4.086716e-08
1.203709047513749e-06	1.451304e-08
1.205471405400109e-06	8.108282e-09
1.208209496733290e-06	-9.477290e-09
1.212218309130717e-06	-1.294935e-08
1.217101121630717e-06	-1.140802e-08
1.221983934130717e-06	-9.000019e-09
1.226866746630717e-06	-6.457867e-09
1.231749559130717e-06	-4.362107e-09
1.236632371630717e-06	-2.752074e-09
1.241515184130717e-06	-1.595481e-09
1.246397996630717e-06	-7.741505e-10
1.251280809130717e-06	-2.086153e-10
1.256163621630717e-06	1.809894e-10
1.261046434130717e-06	4.447429e-10
1.265929246630717e-06	6.234586e-10
1.270812059130717e-06	7.436824e-10
1.275694871630717e-06	8.241727e-10
1.280577684130717e-06	8.785150e-10
1.285460496630717e-06	9.142695e-10
1.290343309130717e-06	9.387691e-10
1.295226121630717e-06	9.750898e-10
1.300000000100000e-06	-4.883664e-06
1.300034091272795e-06	-1.398219e-06
1.300102273618385e-06	-7.494859e-06
1.300117083748577e-06	-7.113332e-06
1.300138794126505e-06	-1.572761e-07
1.300165754712217e-06	2.766255e-07
1.300194656004226e-06	-1.130802e-06
1.300252458588246e-06	1.863048e-07
1.300320956356753e-06	-2.725156e-07
1.300422808464848e-06	9.539693e-08
1.300545477238668e-06	-2.035273e-07
1.300790814786307e-06	6.448316e-09
1.301040579573973e-06	-1.937093e-08
1.301318166228373e-06	3.658331e-08
1.301667852794721e-06	-5.359386e-08
1.302266017682490e-06	1.907743e-08
1.303047866987524e-06	-1.921618e-08
1.304254737450212e-06	1.413945e-08
1.306113612754954e-06	-3.458877e-09
1.308407456814733e-06	2.396322e-09
1.310862057151659e-06	-3.716608e-09
1.314207689739267e-06	1.934041e-09
1.317773676818248e-06	-3.496801e-10
1.321811559647270e-06	3.004299e-09
1.326694372147270e-06	1.102308e-09
1.331577184647270e-06	1.111857e-09
1.345117187500000e-06	-1.540855e-09
1.350000000000000e-06	-9.296428e-06
1.350009536743164e-06	-6.290067e-06
1.350028610229492e-06	3.962122e-07
1.350033379782227e-06	2.344529e-07
1.350038980485609e-06	-7.667460e-08
1.350048385077242e-06	1.317587e-08
1.350060668777516e-06	-6.027185e-09
1.350081074239290e-06	3.555847e-09
1.350112412329593e-06	1.433852e-10
1.350152747461496e-06	2.037051e-09
1.350226276696433e-06	7.942759e-10
1.350315658552589e-06	1.341703e-09
1.350463539596269e-06	9.588447e-10
1.350625080754697e-06	1.152283e-09
1.350871098487383e-06	9.744983e-10
1.351146160116167e-06	1.122490e-09
1.351696283373735e-06	1.005271e-09
1.352241479217048e-06	9.815389e-10
1.352691933183584e-06	9.962966e-10
1.353170247184160e-06	1.015288e-09
1.353686643817101e-06	1.042331e-09
1.354076747483419e-06	1.013714e-09
1.354486725242048e-06	9.894574e-10
1.354944195306089e-06	1.031462e-09
1.355517557303165e-06	9.940528e-10
1.356158396028233e-06	1.002369e-09
1.356777720480413e-06	1.001168e-09
1.357422225220123e-06	1.025634e-09
1.358260727477721e-06	1.006649e-09
1.359078354744929e-06	1.000691e-09
1.359843144943363e-06	9.926751e-10
1.360764341968282e-06	1.010130e-09
1.361767218904290e-06	9.962550e-10
1.362963167565068e-06	1.009098e-09
1.364270465001967e-06	1.003118e-09
1.365642007833996e-06	1.014469e-09
1.367438381013475e-06	1.004272e-09
1.369285809108861e-06	1.012802e-09
1.371794904845467e-06	1.001364e-09
1.374842133559609e-06	1.005687e-09
1.377985306010033e-06	9.995808e-10
1.382662299509711e-06	1.005623e-09
1.387545112009711e-06	1.005132e-09
1.392427924509711e-06	1.005144e-09
1.397310737009711e-06	1.005132e-09
1.402193549509711e-06	1.005144e-09
1.407076362009711e-06	1.005132e-09
1.411959174509711e-06	1.005144e-09
1.416841987009711e-06	1.005133e-09
1.421724799509711e-06	1.005144e-09
1.426607612009711e-06	1.005132e-09
1.431490424509711e-06	1.005144e-09
1.436373237009711e-06	1.005132e-09
1.441256049509711e-06	1.002308e-09
1.445117187500000e-06	1.002295e-09
1.450000000000000e-06	-9.467649e-09
1.450014627005455e-06	-6.052952e-09
1.450043881016366e-06	1.243140e-09
1.450050948302627e-06	1.117278e-09
1.450059939104967e-06	9.309752e-10
1.450071344228850e-06	1.026102e-09
1.450088256659932e-06	9.982967e-10
1.450122081522097e-06	1.019124e-09
1.450159919355253e-06	1.012481e-09
1.450207013143666e-06	1.012247e-09
1.450264955003148e-06	1.007260e-09
1.450347802373676e-06	1.007566e-09
1.450449104575155e-06	1.005509e-09
1.450585399495274e-06	1.005871e-09
1.450753727824319e-06	1.004937e-09
1.450987724184926e-06	1.005292e-09
1.451300144205744e-06	1.004748e-09
1.451780772460640e-06	1.005023e-09
1.452351402872804e-06	1.005014e-09
1.452962227059014e-06	1.005138e-09
1.453661036615932e-06	1.005089e-09
1.454523152405690e-06	1.005200e-09
1.455604520325858e-06	1.005163e-09
1.456590705472014e-06	1.005146e-09
1.457632166893840e-06	1.005115e-09
1.458812302027740e-06	1.005139e-09
1.459988915371334e-06	1.005130e-09
1.461247290043904e-06	1.005154e-09
1.462661317309771e-06	1.005125e-09
1.464238690428574e-06	1.005168e-09
1.466389723328124e-06	1.005098e-09
1.470691789127224e-06	1.005141e-09
1.475356909059138e-06	1.005136e-09
1.480239721559138e-06	1.005138e-09
1.547198193018277e-06	1.005117e-09
1.550000000100000e-06	1.005164e-09
1.554882812600000e-06	1.005819e-09
1.555117187600000e-06	1.005498e-09
1.555585937600000e-06	1.004962e-09
1.556523437599999e-06	1.005209e-09
1.558125000100001e-06	1.005124e-09
1.560000000100000e-06	8.591040e-10
1.560004890796418e-06	8.606915e-10
1.560014672189255e-06	9.992756e-10
1.560017076367313e-06	1.078364e-09
1.560019949071611e-06	1.135441e-09
1.560024435553771e-06	1.121968e-09
1.560029095546057e-06	1.091461e-09
1.560037639701271e-06	1.052396e-09
1.560050552562706e-06	1.021703e-09
1.560071565783778e-06	1.007334e-09
1.560113592225922e-06	1.004659e-09
1.560184976928961e-06	1.005344e-09
1.560327746335039e-06	1.005300e-09
1.560613285147195e-06	1.005180e-09
1.560998752707352e-06	1.005146e-09
1.561586133610542e-06	1.005134e-09
1.562734433093009e-06	1.005133e-09
1.563793174776335e-06	1.005134e-09
1.565323273182118e-06	1.005136e-09
1.567161055351494e-06	1.005137e-09
1.569724360013116e-06	1.005138e-09
1.573652912658287e-06	1.005138e-09
1.578535725158287e-06	1.005138e-09
1.583418537658287e-06	1.005138e-09
1.588301350158287e-06	1.005138e-09
1.593184162658287e-06	1.005138e-09
1.602949787658287e-06	1.005138e-09
1.607832600158287e-06	1.005138e-09
1.612715412658287e-06	1.005138e-09
1.617598225158287e-06	1.005138e-09
1.695117187500000e-06	1.005138e-09
1.700000000000000e-06	2.301764e-05
1.700014266625591e-06	1.828125e-05
1.700042799876772e-06	5.830487e-06
1.700049703243533e-06	2.413563e-06
1.700058442192419e-06	-3.012957e-06
1.700075920090190e-06	-4.435763e-06
1.700104730806421e-06	-7.193712e-07
1.700162352238881e-06	-1.199466e-06
1.700277595103801e-06	-5.140852e-07
1.700508080833642e-06	-5.024381e-07
1.700775354361497e-06	-2.502109e-07
1.701178620494951e-06	1.003730e-05
1.701255566386572e-06	2.430448e-06
1.701274802859477e-06	-1.250202e-09
1.701313275805287e-06	-7.584077e-08
1.701322894041740e-06	-7.246542e-08
1.701342130514645e-06	-6.167635e-08
1.701380603460455e-06	-4.268171e-08
1.701409458169813e-06	-2.561196e-08
1.701447931115623e-06	-8.233705e-09
1.701524877007244e-06	1.011765e-08
1.701678768790486e-06	2.848313e-08
1.701986552356969e-06	4.734238e-08
1.702602119489935e-06	5.621876e-08
1.703828527181038e-06	3.678283e-08
1.705163032321759e-06	6.439617e-09
1.706877045156340e-06	-1.787247e-08
1.708663432823474e-06	-2.389290e-08
1.710276734731357e-06	-1.977462e-08
1.712097178097897e-06	-1.235500e-08
1.714226251923268e-06	-5.660233e-09
1.716693981617815e-06	-1.677984e-09
1.720209120816039e-06	2.599481e-10
1.725091933316040e-06	2.951848e-10
1.729974745816040e-06	2.228659e-09
1.730538878727489e-06	4.429068e-09
1.731667144550388e-06	6.445758e-09
1.731990170753576e-06	1.321670e-09
1.732151683855169e-06	2.300262e-11
1.732216289095807e-06	-1.340420e-09
1.732603920539632e-06	-1.115039e-08
1.733120762464732e-06	-1.522992e-08
1.734154446314931e-06	-1.464034e-08
1.736221814015331e-06	-2.552363e-08
1.736989503733936e-06	-3.511421e-07
1.737481225434599e-06	-1.697107e-06
1.737824385469484e-06	-4.569054e-06
1.738081475863384e-06	-9.967580e-06
1.738271192224678e-06	-2.122005e-05
1.738428464359043e-06	-4.443913e-05
1.738599529141974e-06	-8.658299e-05
1.738791432739597e-06	-1.453345e-04
1.738923773265616e-06	-3.045733e-06
1.739096091114934e-06	1.016563e-02
1.739231432697684e-06	7.394574e-02
1.739299701471353e-06	1.733409e-01
1.739303837775958e-06	1.875638e-01
1.739312110385168e-06	2.359279e-01
1.739328655603589e-06	3.670221e-01
1.739344691072524e-06	5.238687e-01
1.739364333777211e-06	7.445084e-01
1.739377612732707e-06	9.126258e-01
1.739379745103791e-06	9.448606e-01
1.739384009845957e-06	1.023113e+00
1.739390122492815e-06	1.161520e+00
1.739395303667772e-06	1.316288e+00
1.739400531312407e-06	1.509888e+00
1.739404530073551e-06	1.660431e+00
1.739406923044694e-06	1.725525e+00
1.739410294349127e-06	1.771080e+00
1.739413255601888e-06	1.786972e+00
1.739416809696027e-06	1.793474e+00
1.739420746222421e-06	1.796782e+00
1.739426613653630e-06	1.798695e+00
1.739434346407414e-06	1.799328e+00
1.739442341505399e-06	1.799546e+00
1.739454835334392e-06	1.799866e+00
1.739472464826264e-06	1.800106e+00
1.739497840787189e-06	1.800179e+00
1.739536714231709e-06	1.800180e+00
1.739614461120751e-06	1.800170e+00
1.739760095454128e-06	1.800145e+00
1.740051364120882e-06	1.800112e+00
1.740602192622587e-06	1.800074e+00
1.740693246053061e-06	1.800063e+00
1.740716009410679e-06	1.800060e+00
1.740761536125916e-06	1.800058e+00
1.740801372001749e-06	1.800056e+00
1.740881043753413e-06	1.800053e+00
1.740972097183887e-06	1.800049e+00
1.741154204044835e-06	1.800044e+00
1.741518417766731e-06	1.800034e+00
1.742003893365692e-06	1.800025e+00
1.742649384289990e-06	1.800017e+00
1.743807446284860e-06	1.800009e+00
1.745390490056232e-06	1.800004e+00
1.747279256277375e-06	1.800001e+00
1.749319523932266e-06	1.800000e+00
1.751590615371962e-06	1.800000e+00
1.754740180996525e-06	1.800000e+00
1.759622993496525e-06	1.800000e+00
1.764505805996525e-06	1.800000e+00
1.769388618496525e-06	1.800000e+00
1.769998970059025e-06	1.800000e+00
1.770725148141332e-06	1.800000e+00
1.771451326223639e-06	1.800000e+00
1.772177504305946e-06	1.800000e+00
1.772903682388253e-06	1.800000e+00
1.773629860470559e-06	1.800000e+00
1.774356038552866e-06	1.800000e+00
1.775082216635173e-06	1.800000e+00
1.776882972716084e-06	1.800000e+00
1.779852295826854e-06	1.800000e+00
1.784735108326854e-06	1.800000e+00
1.789617920826854e-06	1.800000e+00
1.794500733326854e-06	1.800000e+00
1.795117187600000e-06	1.800000e+00
1.796350096146292e-06	1.800000e+00
1.797827113118420e-06	1.800000e+00
1.798998833562434e-06	1.800000e+00
1.800000000100000e-06	1.798603e+00
1.800002540539998e-06	1.798877e+00
1.800007621419994e-06	1.800827e+00
1.800008865832037e-06	1.800879e+00
1.800010408489328e-06	1.800457e+00
1.800013493803910e-06	1.800304e+00
1.800016458154562e-06	1.800268e+00
1.800022386855867e-06	1.800226e+00
1.800033228211928e-06	1.800163e+00
1.800044422553874e-06	1.800118e+00
1.800059865931491e-06	1.800079e+00
1.800078999501041e-06	1.800051e+00
1.800114897719008e-06	1.800024e+00
1.800177659346340e-06	1.800007e+00
1.800303182601003e-06	1.800000e+00
1.800470577745273e-06	1.800000e+00
1.800672896715127e-06	1.800000e+00
1.800927406031882e-06	1.800000e+00
1.801321397812313e-06	1.800000e+00
1.801894396637402e-06	1.800000e+00
1.802828367406030e-06	1.800000e+00
1.803842819394869e-06	1.800000e+00
1.805071879909376e-06	1.800000e+00
1.806608311888017e-06	1.800000e+00
1.807775175342835e-06	1.800000e+00
1.808984320449527e-06	1.800000e+00
1.810263845280484e-06	1.800000e+00
1.811282266320909e-06	1.800000e+00
1.811874511899051e-06	1.800000e+00
1.812364504388291e-06	1.800000e+00
1.812869601156026e-06	1.800000e+00
1.813441326890293e-06	1.800000e+00
1.813785603122299e-06	1.800000e+00
1.814200212764432e-06	1.800000e+00
1.814644289802594e-06	1.800000e+00
1.815241608143656e-06	1.800000e+00
1.815963194945640e-06	1.800000e+00
1.816757767621993e-06	1.800000e+00
1.817756670091756e-06	1.800000e+00
1.819100081225112e-06	1.800000e+00
1.821239778769156e-06	1.800000e+00
1.824098141347877e-06	1.800000e+00
1.827644012548532e-06	1.800000e+00
1.832526825048532e-06	1.800000e+00
1.837409637548532e-06	1.800000e+00
1.842292450048532e-06	1.800000e+00
1.845117187500000e-06	1.800000e+00
1.850000000000000e-06	1.800000e+00
1.850009536743164e-06	1.800000e+00
1.850028610229492e-06	1.800000e+00
1.850033280790002e-06	1.800000e+00
1.850038854668109e-06	1.800000e+00
1.850049346017742e-06	1.800000e+00
1.850059522399520e-06	1.800000e+00
1.850078501295601e-06	1.800000e+00
1.850107640887540e-06	1.800000e+00
1.850152907892191e-06	1.800000e+00
1.850243441901495e-06	1.800000e+00
1.850378855479835e-06	1.800000e+00
1.850520068098192e-06	1.800000e+00
1.850749963020484e-06	1.800000e+00
1.851027541079029e-06	1.800000e+00
1.851245845484623e-06	1.800000e+00
1.851458964287394e-06	1.800000e+00
1.851681336802848e-06	1.800000e+00
1.851928921903050e-06	1.800000e+00
1.852222484929752e-06	1.800000e+00
1.852535417995332e-06	1.800000e+00
1.852939339236385e-06	1.800000e+00
1.853345808155429e-06	1.800000e+00
1.853727037788167e-06	1.800000e+00
1.854084203980364e-06	1.800000e+00
1.854462866821637e-06	1.800000e+00
1.854961155013281e-06	1.800000e+00
1.855462182657105e-06	1.800000e+00
1.856080041249188e-06	1.800000e+00
1.856643775136857e-06	1.800000e+00
1.857291143153764e-06	1.800000e+00
1.857998656558398e-06	1.800000e+00
1.858769152348251e-06	1.800000e+00
1.859683702064105e-06	1.800000e+00
1.860725247555621e-06	1.800000e+00
1.861809836377586e-06	1.800000e+00
1.863213257785338e-06	1.800000e+00
1.864748640519541e-06	1.800000e+00
1.866763026223952e-06	1.800000e+00
1.868972521758798e-06	1.800000e+00
1.872650248532150e-06	1.800000e+00
1.876358975168014e-06	1.800000e+00
1.881241787668014e-06	1.800000e+00
1.886124600168014e-06	1.800000e+00
1.891007412668014e-06	1.800000e+00
1.895890225168014e-06	1.800000e+00
1.900773037668014e-06	1.800000e+00
1.905655850168014e-06	1.800000e+00
1.915421475168013e-06	1.800000e+00
1.920304287668013e-06	1.800000e+00
1.925187100168013e-06	1.800000e+00
1.939835537668012e-06	1.800000e+00
1.944718350168012e-06	1.800000e+00
1.945117187500000e-06	1.800000e+00
1.945914862163976e-06	1.800000e+00
1.947510211491929e-06	1.800000e+00
1.950000000000000e-06	1.800000e+00
1.950007229927613e-06	1.800000e+00
1.950021689782838e-06	1.800000e+00
1.950025192553482e-06	1.800000e+00
1.950029633025271e-06	1.800000e+00
1.950036179526716e-06	1.800000e+00
1.950049272529606e-06	1.800000e+00
1.950072572605361e-06	1.800000e+00
1.950104070977996e-06	1.800000e+00
1.950162558807625e-06	1.800000e+00
1.950279534466885e-06	1.800000e+00
1.950477724043960e-06	1.800000e+00
1.950663758754601e-06	1.800000e+00
1.950872792080101e-06	1.800000e+00
1.951128245623062e-06	1.800000e+00
1.951426042674712e-06	1.800000e+00
1.951772707627059e-06	1.800000e+00
1.952284828471363e-06	1.800000e+00
1.953053147851414e-06	1.800000e+00
1.954074688131397e-06	1.800000e+00
1.955135015736116e-06	1.800000e+00
1.956627862884511e-06	1.800000e+00
1.957513682895561e-06	1.800000e+00
1.958296512017155e-06	1.800000e+00
1.959172482989483e-06	1.800000e+00
1.960101687432376e-06	1.800000e+00
1.960834526984227e-06	1.800000e+00
1.961274713211915e-06	1.800000e+00
1.961616285057435e-06	1.800000e+00
1.962001061698255e-06	1.800000e+00
1.962414767231400e-06	1.800000e+00
1.962686972618754e-06	1.800000e+00
1.963048369881650e-06	1.800000e+00
1.963402614356656e-06	1.800000e+00
1.963865189400907e-06	1.800000e+00
1.964424724957509e-06	1.800000e+00
1.965097542817329e-06	1.800000e+00
1.965919344797661e-06	1.800000e+00
1.967008303414738e-06	1.800000e+00
1.968407466598025e-06	1.800000e+00
1.970722056510701e-06	1.800000e+00
1.973197204455717e-06	1.800000e+00
1.975838230885036e-06	1.800000e+00
1.980721043385036e-06	1.800000e+00
1.985603855885036e-06	1.800000e+00
1.990486668385036e-06	1.800000e+00
1.995369480885035e-06	1.800000e+00
2.000252293385035e-06	1.800000e+00
2.005135105885035e-06	1.800000e+00
2.014900730885035e-06	1.800000e+00
2.046956351029934e-06	1.800000e+00
2.050000000100000e-06	1.800000e+00
2.054882812600000e-06	1.800000e+00
2.055117187600001e-06	1.800000e+00
2.055585937600002e-06	1.800000e+00
2.056523437600005e-06	1.800000e+00
2.058125000099995e-06	1.800000e+00
2.060000000100000e-06	1.800000e+00
2.060005239267309e-06	1.800000e+00
2.060015717601925e-06	1.800000e+00
2.060018268899171e-06	1.800000e+00
2.060021421049907e-06	1.800000e+00
2.060027725351380e-06	1.800000e+00
2.060035457978335e-06	1.800000e+00
2.060050857471331e-06	1.800000e+00
2.060075198696599e-06	1.800000e+00
2.060105600410412e-06	1.800000e+00
2.060166403838037e-06	1.800000e+00
2.060288010693289e-06	1.800000e+00
2.060507125910614e-06	1.800000e+00
2.060844627293427e-06	1.800000e+00
2.061368642910691e-06	1.800000e+00
2.061940841114322e-06	1.800000e+00
2.062955906683257e-06	1.800000e+00
2.064327235577273e-06	1.800000e+00
2.065768656263836e-06	1.800000e+00
2.067824966728942e-06	1.800000e+00
2.071211704759766e-06	1.800000e+00
2.075212962649016e-06	1.800000e+00
2.080095775149016e-06	1.800000e+00
2.084978587649016e-06	1.800000e+00
2.187517650149012e-06	1.800000e+00
2.195117187500000e-06	1.800000e+00
2.200000000000000e-06	1.790219e+00
2.200001192092896e-06	1.788283e+00
2.200003576278687e-06	1.792605e+00
2.200004169198033e-06	1.798492e+00
2.200004889934446e-06	1.804150e+00
2.200006071809351e-06	1.805595e+00
2.200007299013603e-06	1.804876e+00
2.200009753422106e-06	1.803025e+00
2.200013852905663e-06	1.801249e+00
2.200021863629963e-06	1.799926e+00
2.200030026109918e-06	1.799659e+00
2.200041859396810e-06	1.799766e+00
2.200059493703761e-06	1.799894e+00
2.200080738360152e-06	1.799954e+00
2.200102151113187e-06	1.799976e+00
2.200105956318492e-06	1.799978e+00
2.200113566729102e-06	1.799981e+00
2.200115469331754e-06	1.799982e+00
2.200119274537059e-06	1.799984e+00
2.200120225838385e-06	1.799984e+00
2.200125933646342e-06	1.799986e+00
2.200133544056952e-06	1.799988e+00
2.200148764878171e-06	1.799992e+00
2.200179206520610e-06	1.799998e+00
2.200240089805487e-06	1.800005e+00
2.200345863864577e-06	1.800011e+00
2.200459550274281e-06	1.800013e+00
2.200593625106533e-06	1.800012e+00
2.200758541675985e-06	1.800011e+00
2.201020427825511e-06	1.800009e+00
2.201342932335800e-06	1.800008e+00
2.201839444134262e-06	1.800006e+00
2.202729053588997e-06	1.800004e+00
2.202910005312724e-06	1.800004e+00
2.203271908760177e-06	1.800005e+00
2.203507319677605e-06	1.800008e+00
2.203713760850937e-06	1.800018e+00
2.203875738718584e-06	1.800051e+00
2.204016001922627e-06	1.799860e+00
2.204123076974947e-06	1.792880e+00
2.204224154476217e-06	1.757169e+00
2.204285970559016e-06	1.696840e+00
2.204364689575870e-06	1.580733e+00
2.204403801430292e-06	1.507143e+00
2.204429132299802e-06	1.420408e+00
2.204448440185615e-06	1.279934e+00
2.204466348661317e-06	1.028823e+00
2.204481418246474e-06	6.868090e-01
2.204495117375368e-06	3.028511e-01
2.204502851922628e-06	1.221020e-01
2.204510133817180e-06	3.543301e-02
2.204518284580667e-06	7.180789e-03
2.204526750302405e-06	2.187107e-03
2.204535890105256e-06	1.371255e-03
2.204554169710957e-06	7.945761e-04
2.204583643165369e-06	4.541586e-04
2.204616161279131e-06	3.260870e-04
2.204657163001074e-06	2.529565e-04
2.204735751162441e-06	1.830263e-04
2.204833797976596e-06	1.247969e-04
2.204917832190452e-06	6.501688e-05
2.204993246621600e-06	9.452878e-06
2.205073807758885e-06	-1.187118e-05
2.205140274378520e-06	-1.100264e-05
2.205217135067840e-06	-1.001521e-05
2.205370856446480e-06	-8.181195e-06
2.205622304312448e-06	-5.780737e-06
2.205989258685462e-06	-3.432076e-06
2.206409997287605e-06	-1.902631e-06
2.206861759496354e-06	-1.067666e-06
2.207394260160370e-06	-1.468177e-05
2.207452836459926e-06	-1.094967e-05
2.207569989059039e-06	-3.262830e-07
2.207599277208817e-06	-3.221155e-07
2.207657853508374e-06	-3.384785e-07
2.207687141658152e-06	-3.271070e-07
2.207716429807930e-06	-3.158419e-07
2.207745717957709e-06	-3.046833e-07
2.207775006107487e-06	-2.936312e-07
2.207804294257265e-06	-2.826855e-07
2.207833582407044e-06	-2.718462e-07
2.207862870556822e-06	-2.611135e-07
2.207980023155935e-06	-2.249868e-07
2.208214328354161e-06	-1.687302e-07
2.208682938750613e-06	-9.223425e-08
2.209211838802270e-06	-4.363542e-08
2.210104238836666e-06	-9.968574e-09
2.211754218411237e-06	7.440419e-09
2.215054177560381e-06	1.072501e-08
2.219936990060381e-06	7.489167e-09
2.224819802560380e-06	4.334302e-09
2.229702615060380e-06	2.669077e-09
2.234585427560380e-06	2.037757e-09
2.239468240060380e-06	1.683863e-09
2.244351052560380e-06	1.468060e-09
2.249233865060379e-06	1.320620e-09
2.254116677560379e-06	1.220866e-09
2.258999490060379e-06	1.153333e-09
2.263882302560379e-06	1.106447e-09
2.268765115060379e-06	1.074950e-09
2.273647927560378e-06	1.052866e-09
2.278530740060378e-06	1.038066e-09
2.283413552560378e-06	1.027657e-09
2.293179177560378e-06	1.015864e-09
2.298137564862263e-06	1.012226e-09
2.300000000100000e-06	-6.741589e-05
2.300005372794003e-06	-3.011178e-05
2.300016118182008e-06	9.974825e-05
2.300018723666015e-06	6.266417e-05
2.300022004513849e-06	-1.215552e-06
2.300028566209519e-06	-1.803945e-06
2.300041689600858e-06	-1.025690e-06
2.300065043158339e-06	-4.561007e-07
2.300107367070625e-06	-8.709623e-08
2.300155328328392e-06	-3.157309e-09
2.300207977597578e-06	1.718482e-09
2.300270632611578e-06	2.359303e-10
2.300358803022117e-06	1.570100e-09
2.300490522352000e-06	4.818741e-10
2.300753961011765e-06	1.007852e-09
2.301015815559732e-06	8.853505e-10
2.301358559273004e-06	1.115832e-09
2.301843084018995e-06	9.657600e-10
2.302411782661874e-06	1.053569e-09
2.303138590035839e-06	9.563259e-10
2.304155624760224e-06	1.045819e-09
2.305685602919172e-06	9.854724e-10
2.307712460131796e-06	1.016945e-09
2.310231031282868e-06	1.002442e-09
2.312895936422741e-06	1.018480e-09
2.316661480316633e-06	1.000275e-09
2.321094805564903e-06	1.007664e-09
2.325977618064903e-06	1.005115e-09
2.335743243064902e-06	1.005112e-09
2.345508868064902e-06	1.007260e-09
2.350000000000000e-06	-2.391595e-08
2.350009536743164e-06	-1.588509e-08
2.350028610229493e-06	1.973434e-09
2.350033384219097e-06	1.565203e-09
2.350039034468699e-06	7.696399e-10
2.350049011464480e-06	1.046860e-09
2.350061614680106e-06	9.949945e-10
2.350085355439144e-06	1.019629e-09
2.350122085283673e-06	1.008257e-09
2.350177272227817e-06	1.010182e-09
2.350256319869569e-06	1.005702e-09
2.350376472334988e-06	1.006605e-09
2.350569036760588e-06	1.005015e-09
2.350842234198422e-06	1.005311e-09
2.351216883472921e-06	1.004765e-09
2.351777591893052e-06	1.005020e-09
2.352394060786660e-06	1.005131e-09
2.352952458995292e-06	1.005216e-09
2.353557213210770e-06	1.005197e-09
2.354203701826940e-06	1.005192e-09
2.354883246255137e-06	1.005094e-09
2.355611586448262e-06	1.005155e-09
2.356512869132615e-06	1.005120e-09
2.357456429589842e-06	1.005176e-09
2.358513677484540e-06	1.005126e-09
2.359698640642842e-06	1.005172e-09
2.361266273305057e-06	1.005138e-09
2.362803719640348e-06	1.005182e-09
2.365074115512058e-06	1.005144e-09
2.367167370664669e-06	1.005166e-09
2.370235024316342e-06	1.005126e-09
2.374122558964381e-06	1.005148e-09
2.379005371464380e-06	1.005138e-09
2.383888183964380e-06	1.005138e-09
2.388770996464380e-06	1.005138e-09
2.393653808964380e-06	1.005138e-09
2.398536621464380e-06	1.005138e-09
2.403419433964379e-06	1.005138e-09
2.408302246464379e-06	1.005138e-09
2.413185058964379e-06	1.005138e-09
2.418067871464379e-06	1.005138e-09
2.422950683964379e-06	1.005138e-09
2.427833496464378e-06	1.005138e-09
2.432716308964378e-06	1.005138e-09
2.437599121464378e-06	1.005138e-09
2.442481933964378e-06	1.005105e-09
2.445117187500000e-06	1.005105e-09
2.450000000000000e-06	9.656141e-10
2.450014545382620e-06	9.741923e-10
2.450043636147858e-06	9.898647e-10
2.450050664743235e-06	9.907564e-10
2.450059605346025e-06	9.962043e-10
2.450071899056554e-06	1.003965e-09
2.450088171964484e-06	1.008232e-09
2.450120717780343e-06	1.009873e-09
2.450175209774106e-06	1.008889e-09
2.450229090971287e-06	1.007628e-09
2.450314161888902e-06	1.006454e-09
2.450425244735127e-06	1.005772e-09
2.450647410427578e-06	1.005296e-09
2.450872518914184e-06	1.005134e-09
2.451213862196879e-06	1.005049e-09
2.451526424878526e-06	1.005029e-09
2.452087755045443e-06	1.005055e-09
2.452753807554862e-06	1.005098e-09
2.453509330006713e-06	1.005135e-09
2.454473257959966e-06	1.005158e-09
2.455668294235139e-06	1.005147e-09
2.456746753515414e-06	1.005134e-09
2.458192631528845e-06	1.005136e-09
2.459601023860644e-06	1.005139e-09
2.461150901981895e-06	1.005138e-09
2.463553345950561e-06	1.005138e-09
2.466640704084414e-06	1.005138e-09
2.471481821608778e-06	1.005138e-09
2.476364634108778e-06	1.005138e-09
2.481247446608777e-06	1.005138e-09
2.486130259108777e-06	1.005138e-09
2.491013071608777e-06	1.005138e-09
2.495895884108777e-06	1.005138e-09
2.500778696608777e-06	1.005138e-09
2.505661509108776e-06	1.005138e-09
2.510544321608776e-06	1.005138e-09
2.515483302464665e-06	1.005138e-09
2.520422283320555e-06	1.005138e-09
2.525361264176444e-06	1.005138e-09
2.530300245032333e-06	1.005138e-09
2.535239225888222e-06	1.005138e-09
2.540178206744111e-06	1.005138e-09
2.545117187600000e-06	1.005139e-09
2.547476258547353e-06	1.005138e-09
2.550000000100000e-06	1.005138e-09
2.554882812600000e-06	1.005139e-09
2.555117187600001e-06	1.005139e-09
2.555585937600002e-06	1.005137e-09
2.556523437600005e-06	1.005137e-09
2.558125000099995e-06	1.005138e-09
2.560000000100000e-06	8.881248e-10
2.560005099600394e-06	8.833450e-10
2.560015298601183e-06	1.026480e-09
2.560017790965731e-06	1.110903e-09
2.560020830183457e-06	1.162324e-09
2.560026908618909e-06	1.121125e-09
2.560032897406831e-06	1.077228e-09
2.560044874982674e-06	1.033919e-09
2.560067914495996e-06	1.006774e-09
2.560095617212928e-06	1.003090e-09
2.560151022646794e-06	1.004708e-09
2.560261833514527e-06	1.005113e-09
2.560483455249990e-06	1.005128e-09
2.560824039594106e-06	1.005146e-09
2.561392891825234e-06	1.005134e-09
2.562501920403673e-06	1.005135e-09
2.563825452339355e-06	1.005135e-09
2.565320570412974e-06	1.005137e-09
2.567750024558494e-06	1.005138e-09
2.570646989370277e-06	1.005139e-09
2.575529801870277e-06	1.005138e-09
2.587388060798848e-06	1.005138e-09
2.599246319727419e-06	1.005138e-09
2.611104578655990e-06	1.005138e-09
2.622962837584561e-06	1.005138e-09
2.634821096513132e-06	1.005138e-09
2.646679355441702e-06	1.005138e-09
2.658537614370274e-06	1.005138e-09
2.687834489370272e-06	1.005138e-09
2.692717301870272e-06	1.005139e-09
2.695117187500001e-06	1.005108e-09
2.695200228740544e-06	1.005122e-09
2.695366311221629e-06	1.005146e-09
2.695698476183801e-06	1.005134e-09
2.696362806108145e-06	1.005140e-09
2.697691465956832e-06	1.005137e-09
2.700000000000000e-06	3.529633e-05
2.700006701422652e-06	2.409685e-05
2.700020104267956e-06	7.118920e-06
2.700023351370131e-06	2.167214e-05
2.700027453062624e-06	2.813763e-05
2.700035656447610e-06	7.363683e-06
2.700048620503217e-06	5.123719e-06
2.700074548614431e-06	1.541928e-06
2.700121808944848e-06	4.158449e-07
2.700176202988037e-06	-2.493234e-07
2.700261409744059e-06	-4.633581e-07
2.700403909387446e-06	-6.972827e-07
2.700587660809442e-06	-5.647062e-07
2.700869903093518e-06	-4.303994e-07
2.701380099873708e-06	-1.962185e-07
2.702279399920271e-06	-5.101623e-08
2.703673596076033e-06	1.837773e-08
2.705350452412706e-06	7.271420e-09
2.707868145635369e-06	-6.114087e-09
2.711800858002157e-06	-1.428276e-08
2.716683670502157e-06	-1.270041e-08
2.721566483002157e-06	-1.028843e-08
2.726449295502156e-06	-7.517201e-09
2.731332108002156e-06	-5.150014e-09
2.736214920502156e-06	-3.354899e-09
2.741097733002156e-06	-2.051365e-09
2.745980545502156e-06	-1.140961e-09
2.750863358002155e-06	-5.072707e-10
2.755746170502155e-06	-7.617018e-11
2.760628983002155e-06	2.182787e-10
2.765511795502155e-06	4.167759e-10
2.770394608002155e-06	5.500169e-10
2.775277420502154e-06	6.402843e-10
2.780160233002154e-06	6.996288e-10
2.785043045502154e-06	7.407834e-10
2.789925858002154e-06	7.667040e-10
2.794808670502154e-06	-3.897705e-08
2.795734221795695e-06	1.172854e-08
2.797531863317223e-06	1.239687e-08
2.798659009577500e-06	-1.042751e-09
2.800000000100001e-06	-1.088701e-04
2.800003846237333e-06	-6.028204e-05
2.800011538511997e-06	1.510004e-04
2.800013405153090e-06	1.207000e-04
2.800015753609849e-06	3.648792e-05
2.800020450523365e-06	9.737434e-06
2.800029190432828e-06	1.436297e-06
2.800046395986373e-06	-6.950296e-07
2.800066646100363e-06	-4.432430e-07
2.800102626740347e-06	-8.900798e-08
2.800146655305309e-06	-8.662434e-09
2.800186375000226e-06	5.493384e-09
2.800238307241468e-06	-9.509930e-10
2.800298814510189e-06	3.486384e-09
2.800386530691788e-06	-1.349037e-10
2.800500388280335e-06	2.553408e-09
2.800715846576733e-06	8.962752e-10
2.800943438124279e-06	1.228978e-09
2.801207815699959e-06	8.471622e-10
2.801507292577465e-06	1.417331e-09
2.801990158197556e-06	7.796971e-10
2.802724420279445e-06	1.116456e-09
2.803715931136558e-06	8.874979e-10
2.805304667106447e-06	1.070286e-09
2.807695342234117e-06	9.955416e-10
2.810276146256774e-06	1.008216e-09
2.812922346645657e-06	9.829096e-10
2.816197779458649e-06	1.010139e-09
2.819655960177768e-06	9.794786e-10
2.824538772677768e-06	1.005157e-09
2.829421585177767e-06	1.005011e-09
2.839187210177767e-06	1.004979e-09
2.845117187500001e-06	8.613554e-10
2.847211517144469e-06	1.040621e-09
2.850000000000001e-06	8.121692e-08
2.850001192092896e-06	6.460828e-08
2.850003576278687e-06	1.017345e-08
2.850004173063644e-06	4.332513e-09
2.850004890871488e-06	3.305087e-09
2.850006326487174e-06	2.190455e-09
2.850008257690781e-06	1.514197e-09
2.850012120097994e-06	1.066426e-09
2.850018473463148e-06	8.617225e-10
2.850025614750916e-06	8.616906e-10
2.850035906552970e-06	9.527408e-10
2.850051000543807e-06	1.037354e-09
2.850073166888317e-06	1.058427e-09
2.850098671636520e-06	1.040613e-09
2.850138051577121e-06	1.021145e-09
2.850193245592617e-06	1.012260e-09
2.850282944686917e-06	1.008097e-09
2.850400031547994e-06	1.006464e-09
2.850565195710382e-06	1.005724e-09
2.850763734903291e-06	1.005275e-09
2.851028513614883e-06	1.004867e-09
2.851397658392814e-06	1.004700e-09
2.851922191818471e-06	1.004850e-09
2.852410377015464e-06	1.004993e-09
2.852880447642203e-06	1.005107e-09
2.853373951110279e-06	1.005227e-09
2.853984618907139e-06	1.005295e-09
2.854410388885172e-06	1.005259e-09
2.854887698358711e-06	1.005151e-09
2.855385078882517e-06	1.005072e-09
2.855959574442510e-06	1.005058e-09
2.856540477150725e-06	1.005097e-09
2.857205222315181e-06	1.005151e-09
2.857981948381009e-06	1.005178e-09
2.858735090180963e-06	1.005156e-09
2.859543491083780e-06	1.005124e-09
2.860512719392560e-06	1.005122e-09
2.861507384597964e-06	1.005141e-09
2.862583500480611e-06	1.005148e-09
2.863980381401688e-06	1.005135e-09
2.865243165908317e-06	1.005132e-09
2.866883432249744e-06	1.005140e-09
2.868592639851923e-06	1.005140e-09
2.871217079931595e-06	1.005137e-09
2.873790480308794e-06	1.005138e-09
2.877441646701477e-06	1.005138e-09
2.882130255428194e-06	1.005138e-09
2.887013067928194e-06	1.005138e-09
2.891895880428193e-06	1.005138e-09
2.896778692928193e-06	1.005138e-09
2.901661505428193e-06	1.005138e-09
2.906544317928193e-06	1.005138e-09
2.911427130428193e-06	1.005138e-09
2.916309942928192e-06	1.005138e-09
2.921192755428192e-06	1.005138e-09
2.926075567928192e-06	1.005138e-09
2.930958380428192e-06	1.005138e-09
2.935841192928192e-06	1.005138e-09
2.940724005428191e-06	1.005138e-09
2.945117187500001e-06	1.005138e-09
2.950000000000001e-06	9.975070e-10
2.950014638315807e-06	9.901500e-10
2.950043914947421e-06	9.644094e-10
2.950050987612714e-06	9.654907e-10
2.950059985356127e-06	9.792438e-10
2.950073106059317e-06	1.001482e-09
2.950088795204125e-06	1.014791e-09
2.950120173493742e-06	1.018527e-09
2.950161535952148e-06	1.014994e-09
2.950205902029886e-06	1.011381e-09
2.950265420103768e-06	1.008845e-09
2.950342113211485e-06	1.007190e-09
2.950445058188975e-06	1.006177e-09
2.950571481210607e-06	1.005629e-09
2.950738433515567e-06	1.005314e-09
2.950951642127650e-06	1.005105e-09
2.951247507780357e-06	1.004964e-09
2.951654832949712e-06	1.004935e-09
2.952229002944489e-06	1.005014e-09
2.952809622212534e-06	1.005085e-09
2.953458889793758e-06	1.005131e-09
2.954160409467604e-06	1.005155e-09
2.955177204149575e-06	1.005153e-09
2.956175071711523e-06	1.005139e-09
2.957323088594024e-06	1.005134e-09
2.958288114926642e-06	1.005138e-09
2.959540749366878e-06	1.005141e-09
2.960782891062429e-06	1.005139e-09
2.961937841849803e-06	1.005138e-09
2.963616352962299e-06	1.005138e-09
2.965167596232039e-06	1.005138e-09
2.968158006219688e-06	1.005138e-09
2.973040818719688e-06	1.005138e-09
2.977835505655988e-06	1.005138e-09
2.982718318155987e-06	1.005138e-09
2.987601130655987e-06	1.005138e-09
3.045117187600001e-06	1.005138e-09
3.050000000100000e-06	1.005138e-09
3.054882812600000e-06	1.005143e-09
3.055117187600001e-06	1.005141e-09
3.055585937600002e-06	1.005137e-09
3.056523437600005e-06	1.005137e-09
3.058125000099995e-06	1.005139e-09
3.060000000100001e-06	8.964189e-10
3.060004863719371e-06	8.863631e-10
3.060014590958111e-06	9.928675e-10
3.060016983671343e-06	1.071383e-09
3.060019835139228e-06	1.131217e-09
3.060024179862377e-06	1.120671e-09
3.060028711384354e-06	1.092021e-09
3.060036903297750e-06	1.054412e-09
3.060049034919663e-06	1.024161e-09
3.060069697616835e-06	1.008348e-09
3.060111023011181e-06	1.004757e-09
3.060179639898906e-06	1.005378e-09
3.060316873674356e-06	1.005340e-09
3.060591341225256e-06	1.005191e-09
3.060970593646871e-06	1.005149e-09
3.061527117926016e-06	1.005134e-09
3.062551488046095e-06	1.005133e-09
3.063658251663225e-06	1.005134e-09
3.065033407774323e-06	1.005136e-09
3.067189403746720e-06	1.005137e-09
3.069563828688503e-06	1.005138e-09
3.074312678572068e-06	1.005138e-09
3.079195491072068e-06	1.005138e-09
3.084078303572068e-06	1.005138e-09
3.088961116072068e-06	1.005138e-09
3.093843928572067e-06	1.005138e-09
3.103609553572067e-06	1.005138e-09
3.108492366072067e-06	1.005138e-09
3.113375178572067e-06	1.005138e-09
3.118257991072066e-06	1.005138e-09
3.129237876276057e-06	1.005138e-09
3.140217761480048e-06	1.005138e-09
3.151197646684039e-06	1.005138e-09
3.162177531888029e-06	1.005138e-09
3.173157417092020e-06	1.005138e-09
3.184137302296010e-06	1.005138e-09
3.195117187500001e-06	1.005138e-09
3.200000000000001e-06	2.387297e-05
3.200014260093199e-06	1.910096e-05
3.200042780279597e-06	5.602012e-06
3.200049680799160e-06	1.945607e-06
3.200058415663159e-06	-3.407872e-06
3.200075782207267e-06	-4.248537e-06
3.200099994250656e-06	-7.247157e-07
3.200148418337434e-06	-1.362085e-06
3.200245266510990e-06	-5.647553e-07
3.200438962858102e-06	-6.195760e-07
3.200697440202465e-06	-3.341390e-07
3.201047773533937e-06	9.566337e-06
3.201115235427657e-06	2.287074e-06
3.201132100901087e-06	-5.140835e-08
3.201165831847948e-06	-1.267495e-07
3.201233293741668e-06	-9.373752e-08
3.201250159215098e-06	-8.776859e-08
3.201254375583456e-06	-8.560981e-08
3.201262808320171e-06	-7.710426e-08
3.201279673793601e-06	-6.022197e-08
3.201313404740461e-06	-3.763753e-08
3.201380866634181e-06	-1.573776e-08
3.201515790421623e-06	6.296853e-09
3.201779478307204e-06	3.148508e-08
3.202306854078367e-06	5.242656e-08
3.203167689206286e-06	5.000866e-08
3.204620186576817e-06	1.833761e-08
3.206233582116529e-06	-1.076866e-08
3.208199789709659e-06	-2.344290e-08
3.210142209789348e-06	-2.050986e-08
3.211889979504926e-06	-1.336174e-08
3.213951350832260e-06	-6.218829e-09
3.216224599501470e-06	-2.002746e-09
3.219586154729051e-06	1.908754e-10
3.224295001931336e-06	8.839688e-10
3.229177814431336e-06	1.185634e-09
3.229788165993836e-06	1.104950e-09
3.231008869118836e-06	9.519034e-10
3.231314044900086e-06	1.396431e-09
3.231924396462586e-06	-1.479946e-07
3.232838883529058e-06	-4.998650e-06
3.233160582704994e-06	-2.018080e-05
3.233375936566890e-06	-6.266762e-05
3.233508467538666e-06	-1.312259e-04
3.233679656970123e-06	-2.587581e-04
3.233782656636048e-06	1.122463e-02
3.233911860587720e-06	5.818832e-02
3.233921978996929e-06	7.513486e-02
3.233942215815348e-06	1.424630e-01
3.233946181498756e-06	1.639367e-01
3.233954112865574e-06	2.335024e-01
3.233969975599207e-06	4.228791e-01
3.233982497041200e-06	6.037751e-01
3.233997868642888e-06	8.468661e-01
3.234000235679900e-06	8.867437e-01
3.234004969753922e-06	9.754655e-01
3.234012518914491e-06	1.140353e+00
3.234018273916183e-06	1.298388e+00
3.234023658815317e-06	1.477914e+00
3.234029534332066e-06	1.674913e+00
3.234032492644872e-06	1.742740e+00
3.234036353002818e-06	1.780660e+00
3.234039406115325e-06	1.791080e+00
3.234043124019593e-06	1.795420e+00
3.234047961008891e-06	1.798027e+00
3.234054620978914e-06	1.799137e+00
3.234061789316126e-06	1.799420e+00
3.234072170617988e-06	1.799703e+00
3.234086538129077e-06	1.800001e+00
3.234108588821123e-06	1.800162e+00
3.234136909135807e-06	1.800184e+00
3.234187799632808e-06	1.800186e+00
3.234199923505410e-06	1.800183e+00
3.234224171250615e-06	1.800172e+00
3.234230233186916e-06	1.800171e+00
3.234242357059518e-06	1.800169e+00
3.234284790613626e-06	1.800162e+00
3.234315100295132e-06	1.800157e+00
3.234327224167734e-06	1.800155e+00
3.234351471912938e-06	1.800151e+00
3.234399967403347e-06	1.800144e+00
3.234496958384164e-06	1.800131e+00
3.234690940345799e-06	1.800109e+00
3.235078904269068e-06	1.800076e+00
3.235174548819864e-06	1.800069e+00
3.235365837921457e-06	1.800059e+00
3.235413660196855e-06	1.800057e+00
3.235533215885350e-06	1.800052e+00
3.235569082591899e-06	1.800050e+00
3.235604949298447e-06	1.800049e+00
3.235640816004996e-06	1.800047e+00
3.235676682711545e-06	1.800046e+00
3.235712549418094e-06	1.800045e+00
3.235748416124642e-06	1.800044e+00
3.235784282831191e-06	1.800043e+00
3.235927749657385e-06	1.800038e+00
3.236119038758978e-06	1.800034e+00
3.236501616962163e-06	1.800027e+00
3.237266773368533e-06	1.800017e+00
3.238088307158812e-06	1.800010e+00
3.239660483776536e-06	1.800004e+00
3.241463937389314e-06	1.800002e+00
3.243813267858779e-06	1.800000e+00
3.246282180053605e-06	1.800000e+00
3.250143876177452e-06	1.800000e+00
3.255026688677452e-06	1.800000e+00
3.258761993037447e-06	1.800000e+00
3.259290805492783e-06	1.800000e+00
3.259819617948120e-06	1.800000e+00
3.260348430403457e-06	1.800000e+00
3.260877242858794e-06	1.800000e+00
3.261406055314131e-06	1.800000e+00
3.261934867769468e-06	1.800000e+00
3.262463680224805e-06	1.800000e+00
3.265775268717321e-06	1.800000e+00
3.268934642369777e-06	1.800000e+00
3.273817454869777e-06	1.800000e+00
3.278700267369776e-06	1.800000e+00
3.283583079869776e-06	1.800000e+00
3.288465892369776e-06	1.800000e+00
3.293348704869776e-06	1.800000e+00
3.295117187600001e-06	1.800000e+00
3.297308306020901e-06	1.800000e+00
3.298309457337301e-06	1.800000e+00
3.300000000100000e-06	1.799094e+00
3.300004260045972e-06	1.799352e+00
3.300012779937915e-06	1.800703e+00
3.300014871112793e-06	1.800609e+00
3.300017429233605e-06	1.800234e+00
3.300021047298247e-06	1.800208e+00
3.300025002547886e-06	1.800183e+00
3.300032913047164e-06	1.800145e+00
3.300045964069555e-06	1.800101e+00
3.300062345548833e-06	1.800066e+00
3.300083924006158e-06	1.800040e+00
3.300117965710973e-06	1.800019e+00
3.300186049120603e-06	1.800005e+00
3.300322215939863e-06	1.800000e+00
3.300496700574965e-06	1.800000e+00
3.300705786289532e-06	1.800000e+00
3.300967715185787e-06	1.800000e+00
3.301370470042908e-06	1.800000e+00
3.301993722821422e-06	1.800000e+00
3.302944646912747e-06	1.800000e+00
3.303973973705564e-06	1.800000e+00
3.305234000588865e-06	1.800000e+00
3.306827834121166e-06	1.800000e+00
3.308070318484328e-06	1.800000e+00
3.309420059252848e-06	1.800000e+00
3.310845349704916e-06	1.800000e+00
3.311003408281521e-06	1.800000e+00
3.311319525434732e-06	1.800000e+00
3.311742314512531e-06	1.800000e+00
3.312256701941075e-06	1.800000e+00
3.312776485120451e-06	1.800000e+00
3.313125355141617e-06	1.800000e+00
3.313586336616833e-06	1.800000e+00
3.314063487192676e-06	1.800000e+00
3.314643276420853e-06	1.800000e+00
3.315364108019564e-06	1.800000e+00
3.316197803786578e-06	1.800000e+00
3.317272413937731e-06	1.800000e+00
3.318793575493835e-06	1.800000e+00
3.321368033422649e-06	1.800000e+00
3.324566113070215e-06	1.800000e+00
3.329020231071460e-06	1.800000e+00
3.333903043571460e-06	1.800000e+00
3.338785856071460e-06	1.800000e+00
3.345117187500001e-06	1.800000e+00
3.347102962142917e-06	1.800000e+00
3.350000000000001e-06	1.800000e+00
3.350001192092896e-06	1.800000e+00
3.350003576278687e-06	1.800000e+00
3.350004172442718e-06	1.800000e+00
3.350004888967418e-06	1.800000e+00
3.350006322016819e-06	1.800000e+00
3.350007874081295e-06	1.800000e+00
3.350010978210247e-06	1.800000e+00
3.350017186468150e-06	1.800000e+00
3.350025637696753e-06	1.800000e+00
3.350035729732663e-06	1.800000e+00
3.350049207194823e-06	1.800000e+00
3.350070429777069e-06	1.800000e+00
3.350112140350759e-06	1.800000e+00
3.350195561498138e-06	1.800000e+00
3.350317065780068e-06	1.800000e+00
3.350446260123701e-06	1.800000e+00
3.350618267833904e-06	1.800000e+00
3.350825701721904e-06	1.800000e+00
3.351065473740060e-06	1.800000e+00
3.351263403900204e-06	1.800000e+00
3.351462717634356e-06	1.800000e+00
3.351684479296098e-06	1.800000e+00
3.352016304601025e-06	1.800000e+00
3.352326953388336e-06	1.800000e+00
3.352610765798448e-06	1.800000e+00
3.352942251818802e-06	1.800000e+00
3.353385468072911e-06	1.800000e+00
3.353731782565297e-06	1.800000e+00
3.354103567999209e-06	1.800000e+00
3.354552632687176e-06	1.800000e+00
3.355012669733657e-06	1.800000e+00
3.355559395268718e-06	1.800000e+00
3.356145026131743e-06	1.800000e+00
3.356773826432581e-06	1.800000e+00
3.357396970987925e-06	1.800000e+00
3.358043385871288e-06	1.800000e+00
3.358823386967710e-06	1.800000e+00
3.359715336848744e-06	1.800000e+00
3.360710654296920e-06	1.800000e+00
3.361788813484087e-06	1.800000e+00
3.363123518444699e-06	1.800000e+00
3.364592044307089e-06	1.800000e+00
3.366449751157808e-06	1.800000e+00
3.368517518394978e-06	1.800000e+00
3.371650520465351e-06	1.800000e+00
3.375128465172405e-06	1.800000e+00
3.379723473300949e-06	1.800000e+00
3.384606285800948e-06	1.800000e+00
3.389489098300948e-06	1.800000e+00
3.394371910800948e-06	1.800000e+00
3.399254723300948e-06	1.800000e+00
3.404137535800948e-06	1.800000e+00
3.409020348300947e-06	1.800000e+00
3.413903160800947e-06	1.800000e+00
3.418785973300947e-06	1.800000e+00
3.423668785800947e-06	1.800000e+00
3.438317223300946e-06	1.800000e+00
3.443200035800946e-06	1.800000e+00
3.445117187500001e-06	1.800000e+00
3.446165696601891e-06	1.800000e+00
3.447902981796221e-06	1.800000e+00
3.450000000000001e-06	1.800000e+00
3.450005186409802e-06	1.800000e+00
3.450015559229403e-06	1.800000e+00
3.450018128567453e-06	1.800000e+00
3.450021283405371e-06	1.800000e+00
3.450027593081208e-06	1.800000e+00
3.450037729050224e-06	1.800000e+00
3.450049344394129e-06	1.800000e+00
3.450065374114412e-06	1.800000e+00
3.450087955581541e-06	1.800000e+00
3.450131685630626e-06	1.800000e+00
3.450219145728795e-06	1.800000e+00
3.450394065925133e-06	1.800000e+00
3.450582680385409e-06	1.800000e+00
3.450773153742963e-06	1.800000e+00
3.451025290151933e-06	1.800000e+00
3.451307095860471e-06	1.800000e+00
3.451620059539138e-06	1.800000e+00
3.452060003838511e-06	1.800000e+00
3.452778856143012e-06	1.800000e+00
3.453771460591266e-06	1.800000e+00
3.454763483766538e-06	1.800000e+00
3.456123318460011e-06	1.800000e+00
3.457363736209541e-06	1.800000e+00
3.458222168121418e-06	1.800000e+00
3.459135428972682e-06	1.800000e+00
3.460127644807163e-06	1.800000e+00
3.460647285863774e-06	1.800000e+00
3.461054168004855e-06	1.800000e+00
3.461398196059166e-06	1.800000e+00
3.461880199667662e-06	1.800000e+00
3.462212548557729e-06	1.800000e+00
3.462503583754619e-06	1.800000e+00
3.462843502534973e-06	1.800000e+00
3.463383024643867e-06	1.800000e+00
3.463958555822935e-06	1.800000e+00
3.464561696819983e-06	1.800000e+00
3.465327169301024e-06	1.800000e+00
3.466325220293342e-06	1.800000e+00
3.467639965259678e-06	1.800000e+00
3.469565003617474e-06	1.800000e+00
3.471583440458177e-06	1.800000e+00
3.474152709083764e-06	1.800000e+00
3.477781554218936e-06	1.800000e+00
3.482664366718936e-06	1.800000e+00
3.487547179218935e-06	1.800000e+00
3.492429991718935e-06	1.800000e+00
3.497312804218935e-06	1.800000e+00
3.502195616718935e-06	1.800000e+00
3.545117187600000e-06	1.800000e+00
3.550000000100000e-06	1.800000e+00
3.554882812600000e-06	1.800000e+00
3.555117187600001e-06	1.800000e+00
3.555585937600002e-06	1.800000e+00
3.556523437600005e-06	1.800000e+00
3.558125000099995e-06	1.800000e+00
3.560000000100001e-06	1.800000e+00
3.560005203362025e-06	1.800000e+00
3.560015609886074e-06	1.800000e+00
3.560018146073746e-06	1.800000e+00
3.560021268655993e-06	1.800000e+00
3.560027513820489e-06	1.800000e+00
3.560034672493078e-06	1.800000e+00
3.560048989838255e-06	1.800000e+00
3.560075336802949e-06	1.800000e+00
3.560104632815225e-06	1.800000e+00
3.560163224839778e-06	1.800000e+00
3.560280408888882e-06	1.800000e+00
3.560492739523176e-06	1.800000e+00
3.560828043748986e-06	1.800000e+00
3.561342292288990e-06	1.800000e+00
3.561905375360312e-06	1.800000e+00
3.562924549108044e-06	1.800000e+00
3.564294270586336e-06	1.800000e+00
3.565728833479905e-06	1.800000e+00
3.567882055885428e-06	1.800000e+00
3.571324597725915e-06	1.800000e+00
3.575899822850647e-06	1.800000e+00
3.580782635350647e-06	1.800000e+00
3.585665447850647e-06	1.800000e+00
3.688204510350643e-06	1.800000e+00
3.693087322850642e-06	1.800000e+00
3.695117187500001e-06	1.800000e+00
3.695940270701283e-06	1.800000e+00
3.697586437103848e-06	1.800000e+00
3.700000000000001e-06	1.796754e+00
3.700006074276843e-06	1.797848e+00
3.700018222830528e-06	1.803952e+00
3.700021212623327e-06	1.802754e+00
3.700024839455371e-06	1.799561e+00
3.700028918721572e-06	1.799377e+00
3.700033450678647e-06	1.799771e+00
3.700039096222403e-06	1.799736e+00
3.700047423836877e-06	1.799899e+00
3.700060047928866e-06	1.799925e+00
3.700081180143737e-06	1.799978e+00
3.700104910987370e-06	1.800088e+00
3.700109212831921e-06	1.800031e+00
3.700110288293059e-06	1.800007e+00
3.700112439215334e-06	1.799996e+00
3.700116741059885e-06	1.799995e+00
3.700117816521022e-06	1.799996e+00
3.700119967443298e-06	1.799995e+00
3.700124269287849e-06	1.799996e+00
3.700132872976951e-06	1.799997e+00
3.700150080355154e-06	1.799999e+00
3.700184495111561e-06	1.800001e+00
3.700253324624376e-06	1.800005e+00
3.700356709950984e-06	1.800007e+00
3.700475926774642e-06	1.800008e+00
3.700611017587477e-06	1.800008e+00
3.700790550413896e-06	1.800007e+00
3.701063465081932e-06	1.800006e+00
3.701537555321214e-06	1.800005e+00
3.702485735799777e-06	1.800003e+00
3.704382096756903e-06	1.800001e+00
3.706368688741962e-06	1.800001e+00
3.708209212285334e-06	1.800001e+00
3.708444630381290e-06	1.800001e+00
3.708915466573203e-06	1.800002e+00
3.709718118775084e-06	1.800006e+00
3.709847316864687e-06	1.800017e+00
3.710062397217548e-06	1.800045e+00
3.710209217744089e-06	1.797565e+00
3.710302133673328e-06	1.783135e+00
3.710364748907455e-06	1.744368e+00
3.710428679342778e-06	1.674199e+00
3.710475828338364e-06	1.618033e+00
3.710524660836431e-06	1.544934e+00
3.710545781781059e-06	1.471429e+00
3.710573666054031e-06	1.273510e+00
3.710593990404519e-06	1.010946e+00
3.710611444150304e-06	6.511517e-01
3.710627284715072e-06	2.567072e-01
3.710635359828629e-06	9.873942e-02
3.710643755118468e-06	2.458087e-02
3.710652723662955e-06	4.930629e-03
3.710662112465396e-06	2.070988e-03
3.710672938942120e-06	1.310107e-03
3.710694591895567e-06	7.103393e-04
3.710725280454009e-06	4.201753e-04
3.710761374970479e-06	3.041658e-04
3.710802839615691e-06	2.388243e-04
3.710885768906117e-06	1.735622e-04
3.710996327750752e-06	1.065030e-04
3.711072024326359e-06	5.097127e-05
3.711166503048387e-06	-5.101292e-06
3.711241703970531e-06	-1.375791e-05
3.711323700013314e-06	-1.016956e-05
3.711409257780282e-06	-9.579539e-06
3.711579564939835e-06	-7.550122e-06
3.711872063508736e-06	-5.052081e-06
3.712275844323406e-06	-2.843423e-06
3.712679823232044e-06	-1.304607e-05
3.712729598297049e-06	-1.004324e-05
3.712829148427058e-06	-1.187828e-06
3.712854035959560e-06	-1.157659e-06
3.712903811024564e-06	-1.121051e-06
3.712916254790816e-06	-1.102718e-06
3.712941142323318e-06	-1.069963e-06
3.712960696813141e-06	-1.041855e-06
3.712980251302965e-06	-1.014626e-06
3.712999805792788e-06	-9.882763e-07
3.713019360282611e-06	-9.628050e-07
3.713038914772434e-06	-9.382127e-07
3.713058469262258e-06	-9.144991e-07
3.713078023752081e-06	-8.916645e-07
3.713177573882090e-06	-7.851414e-07
3.713376674142108e-06	-6.144604e-07
3.713774874662145e-06	-3.696651e-07
3.714176214595959e-06	-2.178221e-07
3.714861307168103e-06	-9.162527e-08
3.715941226795402e-06	-1.520381e-08
3.717861486798038e-06	1.567543e-08
3.720349214695403e-06	1.550010e-08
3.724961864287195e-06	3.808674e-09
3.729844676787194e-06	-1.157126e-09
3.734727489287194e-06	-7.870665e-10
3.739610301787194e-06	-1.579499e-10
3.744493114287194e-06	1.565769e-10
3.749375926787194e-06	4.391997e-10
3.754258739287193e-06	6.048074e-10
3.759141551787193e-06	7.348563e-10
3.764024364287193e-06	8.169632e-10
3.768907176787193e-06	8.772983e-10
3.773789989287193e-06	9.168524e-10
3.778672801787192e-06	9.449721e-10
3.783555614287192e-06	9.637469e-10
3.788438426787192e-06	9.768960e-10
3.796408103474383e-06	9.909097e-10
3.798876596109880e-06	9.935287e-10
3.800000000100000e-06	-1.208057e-04
3.800003338345143e-06	-7.121614e-05
3.800010014835429e-06	1.697274e-04
3.800011627263522e-06	1.467436e-04
3.800013671881597e-06	5.840779e-05
3.800017761117746e-06	1.979627e-05
3.800025939590044e-06	4.257526e-06
3.800042296534641e-06	-5.822507e-07
3.800061589480936e-06	-5.924409e-07
3.800094503262877e-06	-1.124644e-07
3.800134100046128e-06	-2.834257e-08
3.800181881802988e-06	4.089882e-09
3.800235087328892e-06	-4.470416e-09
3.800306798129734e-06	4.214379e-09
3.800401276192257e-06	-2.269206e-09
3.800556018875104e-06	2.595707e-09
3.800787801594489e-06	6.221092e-10
3.801050293256202e-06	1.448351e-09
3.801364405188965e-06	2.820099e-10
3.801842860846822e-06	1.280463e-09
3.802441639839539e-06	7.426733e-10
3.803235314817544e-06	1.243120e-09
3.804368784831332e-06	8.131217e-10
3.806111166207766e-06	1.064426e-09
3.808199770441560e-06	9.237614e-10
3.811082545421465e-06	9.933833e-10
3.813810528674333e-06	9.370958e-10
3.817723423009361e-06	1.021629e-09
3.822094101893989e-06	9.903039e-10
3.826976914393989e-06	1.004814e-09
3.836742539393988e-06	1.004722e-09
3.845117187500001e-06	1.054123e-09
3.850000000000000e-06	1.185031e-07
3.850009536743164e-06	8.073333e-08
3.850028610229492e-06	-4.122612e-09
3.850033382897729e-06	-2.279979e-09
3.850039018225484e-06	1.804902e-09
3.850048723880528e-06	8.614696e-10
3.850061146940706e-06	1.120239e-09
3.850083581615260e-06	9.923466e-10
3.850118297203859e-06	1.029342e-09
3.850170231242928e-06	1.003017e-09
3.850245493593938e-06	1.012214e-09
3.850355004721492e-06	1.003029e-09
3.850520464855784e-06	1.007145e-09
3.850746777942208e-06	1.003882e-09
3.851074233959461e-06	1.005646e-09
3.851511004744068e-06	1.004612e-09
3.852012186483616e-06	1.005235e-09
3.852592532618209e-06	1.005179e-09
3.853145753524424e-06	1.005061e-09
3.853647090303412e-06	1.005042e-09
3.854211889606250e-06	1.005258e-09
3.854799323959998e-06	1.004860e-09
3.855514594212360e-06	1.005050e-09
3.856202804530371e-06	1.005053e-09
3.856923753196710e-06	1.005391e-09
3.857838487039913e-06	1.005078e-09
3.858838899583106e-06	1.005067e-09
3.859754921177417e-06	1.005014e-09
3.860802309453428e-06	1.005229e-09
3.861993776256794e-06	1.005033e-09
3.863412140185835e-06	1.005195e-09
3.864981398062879e-06	1.004986e-09
3.867199981679996e-06	1.005121e-09
3.869312500648027e-06	1.004965e-09
3.873230009049114e-06	1.005177e-09
3.878094108132683e-06	1.005137e-09
3.882976920632683e-06	1.005138e-09
3.887859733132683e-06	1.005138e-09
3.892742545632682e-06	1.005138e-09
3.897625358132682e-06	1.005138e-09
3.902508170632682e-06	1.005138e-09
3.907390983132682e-06	1.005138e-09
3.912273795632682e-06	1.005138e-09
3.917156608132681e-06	1.005138e-09
3.922039420632681e-06	1.005138e-09
3.926922233132681e-06	1.005138e-09
3.931805045632681e-06	1.005138e-09
3.936687858132681e-06	1.005138e-09
3.941570670632680e-06	1.005078e-09
3.945117187500000e-06	1.005078e-09
3.950000000000000e-06	8.410302e-10
3.950013547145710e-06	8.888491e-10
3.950040641437128e-06	9.865313e-10
3.950047252189637e-06	9.852192e-10
3.950055543852230e-06	9.891006e-10
3.950066898623411e-06	1.000773e-09
3.950083975783794e-06	1.008135e-09
3.950118130104559e-06	1.011782e-09
3.950162714960035e-06	1.010611e-09
3.950212442818176e-06	1.008764e-09
3.950281497710735e-06	1.007205e-09
3.950377706783227e-06	1.006198e-09
3.950520217177137e-06	1.005562e-09
3.950733312862127e-06	1.005245e-09
3.951003369561513e-06	1.005083e-09
3.951372840246170e-06	1.005010e-09
3.951765672921839e-06	1.005010e-09
3.952332571390145e-06	1.005062e-09
3.952977613466453e-06	1.005105e-09
3.953767060932885e-06	1.005140e-09
3.954893457423777e-06	1.005159e-09
3.955925832474607e-06	1.005150e-09
3.957093164258741e-06	1.005133e-09
3.958462549497055e-06	1.005135e-09
3.960029626152070e-06	1.005140e-09
3.961586645235214e-06	1.005140e-09
3.964700683401502e-06	1.005138e-09
3.968171582567965e-06	1.005138e-09
3.973054395067965e-06	1.005138e-09
3.977937207567965e-06	1.005138e-09
3.982820020067965e-06	1.005138e-09
3.987702832567964e-06	1.005138e-09
3.997468457567964e-06	1.005138e-09
4.002351270067964e-06	1.005138e-09
4.007234082567964e-06	1.005138e-09
4.012116895067963e-06	1.005138e-09
4.045117187600000e-06	1.005138e-09
4.050000000100000e-06	1.005138e-09
4.054882812600000e-06	1.005132e-09
4.055117187600000e-06	1.005135e-09
4.055585937600001e-06	1.005140e-09
4.056523437600002e-06	1.005136e-09
4.058125000099998e-06	1.005139e-09
4.060000000100000e-06	8.902288e-10
4.060005035895929e-06	8.838463e-10
4.060015107487787e-06	1.017652e-09
4.060017572978423e-06	1.101160e-09
4.060020560865827e-06	1.154853e-09
4.060026536640636e-06	1.119582e-09
4.060031967197990e-06	1.080689e-09
4.060042828312699e-06	1.038433e-09
4.060062307404710e-06	1.009565e-09
4.060087014967099e-06	1.003526e-09
4.060136430091878e-06	1.004591e-09
4.060235260341436e-06	1.005179e-09
4.060432920840551e-06	1.005151e-09
4.060753234105147e-06	1.005151e-09
4.061247621955208e-06	1.005136e-09
4.062095986257404e-06	1.005135e-09
4.063308067526119e-06	1.005134e-09
4.064591591840446e-06	1.005136e-09
4.066469150090194e-06	1.005137e-09
4.068847763098894e-06	1.005138e-09
4.072408907086762e-06	1.005138e-09
4.077291719586762e-06	1.005138e-09
4.082174532086762e-06	1.005138e-09
4.087057344586761e-06	1.005138e-09
4.189596407086757e-06	1.005138e-09
4.194479219586757e-06	1.005135e-09
4.195117187500001e-06	1.005136e-09
4.196393123326488e-06	1.005137e-09
4.197448128347026e-06	1.005141e-09
4.197889989958924e-06	1.005141e-09
4.198773713182721e-06	1.005137e-09
4.200000000000000e-06	6.995590e-05
4.200003560716498e-06	4.557388e-05
4.200010682149494e-06	-3.816502e-05
4.200012407394367e-06	-8.238610e-06
4.200014587479941e-06	3.506591e-05
4.200018947651089e-06	2.110737e-05
4.200027004941108e-06	1.088946e-05
4.200043119521149e-06	2.683074e-06
4.200061215415196e-06	3.378804e-07
4.200091036493342e-06	-3.184942e-07
4.200133449196710e-06	-2.946040e-07
4.200210316416149e-06	-4.236984e-07
4.200327436714854e-06	-4.904202e-07
4.200561677312263e-06	-4.413062e-07
4.200836613105057e-06	-2.966180e-07
4.201284004237240e-06	-1.437122e-07
4.201973189024040e-06	-2.585277e-08
4.203351558597640e-06	3.026758e-08
4.205137882515476e-06	2.186729e-08
4.208001424876598e-06	-5.984891e-09
4.211476474046531e-06	-1.464993e-08
4.216359286546531e-06	-1.581458e-08
4.221242099046531e-06	-1.368329e-08
4.226124911546531e-06	-1.019419e-08
4.231007724046530e-06	-7.160224e-09
4.235890536546530e-06	-4.730850e-09
4.240773349046530e-06	-2.984734e-09
4.245656161546530e-06	-1.730427e-09
4.250538974046530e-06	-8.652705e-10
4.255421786546529e-06	-2.643787e-10
4.260304599046529e-06	1.691660e-10
4.265187411546529e-06	4.719709e-10
4.270070224046529e-06	6.604068e-10
4.274953036546529e-06	8.099619e-10
4.279835849046528e-06	9.199539e-10
4.284718661546528e-06	9.763426e-10
4.289601474046528e-06	1.015906e-09
4.295117187600000e-06	3.247502e-09
4.297829187741672e-06	-2.856875e-09
4.298550771452797e-06	-3.478535e-07
4.298556832677751e-06	-1.951320e-07
4.298568955127659e-06	6.111261e-08
4.298593200027475e-06	-2.460117e-08
4.298641689827107e-06	1.287772e-08
4.298738669426371e-06	-4.665443e-09
4.298932628624900e-06	3.813786e-09
4.299320547021957e-06	-1.645477e-10
4.300000000100000e-06	-2.073520e-04
4.300001943620597e-06	-1.565551e-04
4.300005830661789e-06	1.966317e-04
4.300006774252010e-06	2.198596e-04
4.300007963587988e-06	1.498724e-04
4.300010342259944e-06	8.580327e-05
4.300015099603857e-06	3.633791e-05
4.300024614291682e-06	6.306791e-06
4.300035261629840e-06	-7.582130e-07
4.300050273452968e-06	-7.171180e-07
4.300071910246612e-06	-3.019400e-07
4.300103805167960e-06	-8.418301e-08
4.300141653419538e-06	-1.150323e-08
4.300179656076528e-06	-1.247152e-09
4.300226247225552e-06	1.455750e-09
4.300281482186820e-06	4.273894e-10
4.300354850804618e-06	1.364624e-09
4.300448676699356e-06	6.219114e-10
4.300591578180940e-06	1.235943e-09
4.300804692360554e-06	9.316883e-10
4.301058053713282e-06	9.914068e-10
4.301299309135202e-06	9.083018e-10
4.301622734509525e-06	1.078295e-09
4.302061625129902e-06	9.191072e-10
4.302835240527864e-06	1.037825e-09
4.303926642365086e-06	9.731562e-10
4.305767311409463e-06	1.023984e-09
4.308867014381225e-06	1.012027e-09
4.311341718593728e-06	1.009921e-09
4.314214593425498e-06	1.003311e-09
4.317274401320001e-06	1.007911e-09
4.320672390544372e-06	9.975684e-10
4.325555203044372e-06	1.005148e-09
4.330438015544372e-06	1.005129e-09
4.340203640544371e-06	1.005127e-09
4.345086453044371e-06	-1.491113e-09
4.345178656411261e-06	1.566010e-09
4.345301594233780e-06	7.454126e-10
4.345547469878820e-06	1.130099e-09
4.346039221168899e-06	9.438311e-10
4.348032994839686e-06	9.765366e-10
4.350000000000001e-06	-1.628439e-08
4.350000960451739e-06	-1.298284e-08
4.350002881355216e-06	-1.823964e-09
4.350003361596407e-06	-4.282900e-10
4.350003941491592e-06	5.595278e-11
4.350005101281962e-06	5.307652e-10
4.350006901780913e-06	7.596272e-10
4.350010502778816e-06	7.546991e-10
4.350016087116407e-06	6.803958e-10
4.350022350375850e-06	7.117404e-10
4.350030919856991e-06	8.510288e-10
4.350043171319961e-06	1.008869e-09
4.350063032376608e-06	1.093835e-09
4.350083833088004e-06	1.079084e-09
4.350115930820102e-06	1.039355e-09
4.350157479672178e-06	1.020202e-09
4.350229075569793e-06	1.011218e-09
4.350322432625932e-06	1.007827e-09
4.350467113858764e-06	1.006377e-09
4.350640576069770e-06	1.005746e-09
4.350868945147550e-06	1.005212e-09
4.351101147794932e-06	1.004772e-09
4.351391957538017e-06	1.004561e-09
4.351793646602203e-06	1.004685e-09
4.352365183090204e-06	1.004938e-09
4.352936419378013e-06	1.005082e-09
4.353531882191797e-06	1.005214e-09
4.354171373820576e-06	1.005265e-09
4.354894984357478e-06	1.005211e-09
4.355447026784721e-06	1.005127e-09
4.355997495666792e-06	1.005067e-09
4.356590804388055e-06	1.005070e-09
4.357346624596970e-06	1.005122e-09
4.358165729489986e-06	1.005170e-09
4.358948503924079e-06	1.005170e-09
4.359866614449182e-06	1.005135e-09
4.360843268200281e-06	1.005119e-09
4.361924384467783e-06	1.005134e-09
4.363257078515534e-06	1.005147e-09
4.364581729239675e-06	1.005140e-09
4.366336912564844e-06	1.005134e-09
4.368159655415156e-06	1.005140e-09
4.370543244346957e-06	1.005139e-09
4.373324963489741e-06	1.005137e-09
4.376920029110072e-06	1.005139e-09
4.381802841610072e-06	1.005138e-09
4.386685654110072e-06	1.005138e-09
4.391568466610071e-06	1.005138e-09
4.396451279110071e-06	1.005138e-09
4.401334091610071e-06	1.005138e-09
4.406216904110071e-06	1.005138e-09
4.411099716610071e-06	1.005138e-09
4.415982529110070e-06	1.005138e-09
4.420865341610070e-06	1.005138e-09
4.425748154110070e-06	1.005138e-09
4.430630966610070e-06	1.005138e-09
4.435513779110070e-06	1.005138e-09
4.440396591610069e-06	1.005138e-09
4.445279404110069e-06	1.005138e-09
4.450000000000001e-06	9.964414e-10
4.450014202401111e-06	9.872457e-10
4.450042607203331e-06	9.524440e-10
4.450049468505170e-06	9.512787e-10
4.450058198104918e-06	9.654140e-10
4.450072215314540e-06	9.969358e-10
4.450085946176215e-06	1.015265e-09
4.450113407899564e-06	1.022657e-09
4.450162221771430e-06	1.017959e-09
4.450217505808288e-06	1.012347e-09
4.450292900432961e-06	1.008857e-09
4.450376333315855e-06	1.007145e-09
4.450498058352187e-06	1.006112e-09
4.450648839807864e-06	1.005567e-09
4.450847580211832e-06	1.005244e-09
4.451087142364055e-06	1.005024e-09
4.451411264667888e-06	1.004897e-09
4.451857260702958e-06	1.004913e-09
4.452434602956338e-06	1.005022e-09
4.452979308138553e-06	1.005091e-09
4.453541773760528e-06	1.005135e-09
4.454117864123959e-06	1.005159e-09
4.454925458278749e-06	1.005160e-09
4.455871619105258e-06	1.005142e-09
4.456893320392026e-06	1.005131e-09
4.458235786540985e-06	1.005136e-09
4.459790588220299e-06	1.005142e-09
4.461225970785170e-06	1.005140e-09
4.462611554432390e-06	1.005137e-09
4.463846874291214e-06	1.005138e-09
4.465627532864680e-06	1.005138e-09
4.467448281267284e-06	1.005138e-09
4.471089778072490e-06	1.005138e-09
4.475972590572490e-06	1.005138e-09
4.480855403072490e-06	1.005138e-09
4.485738215572490e-06	1.005138e-09
4.490621028072489e-06	1.005138e-09
4.545117187600001e-06	1.005138e-09
4.546859111989947e-06	1.005138e-09
4.547202072659786e-06	1.005138e-09
4.548628157420643e-06	1.005138e-09
4.550000000100000e-06	1.005138e-09
4.552743685458715e-06	1.005138e-09
4.555217326943549e-06	1.005138e-09
4.557555876465092e-06	1.005138e-09
4.560000000100000e-06	9.133513e-10
4.560006192840451e-06	9.140788e-10
4.560018578321352e-06	1.042875e-09
4.560021633783392e-06	1.103108e-09
4.560025217916932e-06	1.125299e-09
4.560030432371614e-06	1.089289e-09
4.560035893724449e-06	1.059150e-09
4.560044954333189e-06	1.032050e-09
4.560057035045237e-06	1.014853e-09
4.560078262259483e-06	1.007031e-09
4.560120716687978e-06	1.005340e-09
4.560193017579790e-06	1.005651e-09
4.560337619363416e-06	1.005422e-09
4.560626822930666e-06	1.005213e-09
4.561007452541764e-06	1.005147e-09
4.561541351522326e-06	1.005134e-09
4.562530568365292e-06	1.005131e-09
4.563537761161991e-06	1.005133e-09
4.564867716322627e-06	1.005135e-09
4.566861042235609e-06	1.005137e-09
4.570030292504664e-06	1.005138e-09
4.574913105004663e-06	1.005138e-09
4.579795917504663e-06	1.005138e-09
4.584678730004663e-06	1.005138e-09
4.589561542504663e-06	1.005138e-09
4.594444355004663e-06	1.005138e-09
4.604209980004662e-06	1.005138e-09
4.609092792504662e-06	1.005138e-09
4.613975605004662e-06	1.005138e-09
4.624438774647518e-06	1.005138e-09
4.634901944290375e-06	1.005138e-09
4.645365113933232e-06	1.005138e-09
4.655828283576089e-06	1.005138e-09
4.666291453218945e-06	1.005138e-09
4.676754622861802e-06	1.005138e-09
4.687217792504659e-06	1.005138e-09
4.692100605004659e-06	1.005138e-09
4.695117187500001e-06	1.005138e-09
4.700000000000001e-06	3.661475e-05
4.700009536743164e-06	3.109602e-05
4.700028610229493e-06	1.804685e-05
4.700033395491846e-06	1.757027e-05
4.700039146308250e-06	9.501549e-06
4.700050647941058e-06	-4.921507e-06
4.700067569711871e-06	-3.174319e-06
4.700089787800468e-06	-2.797811e-06
4.700121122138861e-06	-1.108007e-06
4.700177599994201e-06	-1.263605e-06
4.700290555704881e-06	-7.871310e-07
4.700516467126241e-06	-6.645270e-07
4.700849433678482e-06	-7.192952e-06
4.700907477621344e-06	-5.673672e-06
4.701023565507069e-06	-1.661486e-07
4.701052587478500e-06	-1.643425e-07
4.701110631421362e-06	-2.005523e-07
4.701226719307087e-06	-1.518934e-07
4.701255741278518e-06	-1.399760e-07
4.701262996771375e-06	-1.349489e-07
4.701306529728522e-06	-8.295265e-08
4.701313785221379e-06	-7.634463e-08
4.701328296207095e-06	-6.797722e-08
4.701357318178526e-06	-5.572696e-08
4.701415362121388e-06	-4.077339e-08
4.701531450007113e-06	-2.200942e-08
4.701763625778562e-06	1.488185e-09
4.702227977321462e-06	2.379103e-08
4.702986917471793e-06	3.028037e-08
4.704112732129749e-06	1.893017e-08
4.706364361445662e-06	-7.628596e-09
4.708311671817235e-06	-1.981370e-08
4.710445699848377e-06	-1.940080e-08
4.711965069542277e-06	-1.381398e-08
4.713630213635155e-06	-7.059642e-09
4.715112468638841e-06	-1.608264e-09
4.715247822184029e-06	-1.090828e-08
4.715518529274406e-06	-6.515454e-07
4.716059943455160e-06	-8.276445e-06
4.716265609321318e-06	-2.293667e-05
4.716406340734572e-06	-5.550141e-05
4.716512667474522e-06	-1.117399e-04
4.716667500344811e-06	-2.477485e-04
4.716772377669324e-06	1.576337e-03
4.716882669604570e-06	1.006746e-02
4.716896868014856e-06	1.745967e-02
4.716925264835428e-06	4.992800e-02
4.716932364040570e-06	6.499583e-02
4.716946562450856e-06	1.220359e-01
4.716963253774360e-06	2.264977e-01
4.716965920137698e-06	2.518257e-01
4.716971252864374e-06	3.198960e-01
4.716981918317726e-06	4.770603e-01
4.716994053329331e-06	6.727489e-01
4.717007002830501e-06	8.934045e-01
4.717009843909101e-06	9.461292e-01
4.717015526066302e-06	1.064028e+00
4.717020615821530e-06	1.185794e+00
4.717025296550144e-06	1.324084e+00
4.717030948282436e-06	1.521644e+00
4.717035121162617e-06	1.666711e+00
4.717037714502785e-06	1.730962e+00
4.717041253995357e-06	1.773769e+00
4.717044264286733e-06	1.788019e+00
4.717048090650884e-06	1.794221e+00
4.717052264940689e-06	1.797315e+00
4.717058406950493e-06	1.798925e+00
4.717066111484568e-06	1.799385e+00
4.717074897728473e-06	1.799610e+00
4.717087437502924e-06	1.799916e+00
4.717106324480780e-06	1.800133e+00
4.717131356132533e-06	1.800184e+00
4.717173306058337e-06	1.800182e+00
4.717257205909946e-06	1.800168e+00
4.717421909330273e-06	1.800140e+00
4.717624768108800e-06	1.800115e+00
4.717853888196834e-06	1.800094e+00
4.718163207097005e-06	1.800073e+00
4.718491963740674e-06	1.800057e+00
4.718834803963950e-06	1.800035e+00
4.718878929267554e-06	1.800037e+00
4.718967179874761e-06	1.800045e+00
4.718969937706236e-06	1.800045e+00
4.718976832284924e-06	1.800044e+00
4.718979590116399e-06	1.800044e+00
4.718986484695087e-06	1.800044e+00
4.718994758189512e-06	1.800044e+00
4.719005789515413e-06	1.800043e+00
4.719008547346889e-06	1.800043e+00
4.719014063009839e-06	1.800043e+00
4.719025094335740e-06	1.800043e+00
4.719047156987542e-06	1.800042e+00
4.719091282291145e-06	1.800040e+00
4.719179532898352e-06	1.800037e+00
4.719356034112767e-06	1.800031e+00
4.719709036541595e-06	1.800024e+00
4.720215889832935e-06	1.800017e+00
4.720986280121866e-06	1.800012e+00
4.722465610409649e-06	1.800006e+00
4.724865721803020e-06	1.800002e+00
4.727614033313457e-06	1.800000e+00
4.731475233394322e-06	1.800000e+00
4.736358045894322e-06	1.800000e+00
4.741240858394322e-06	1.800000e+00
4.746123670894322e-06	1.800000e+00
4.751006483394322e-06	1.800000e+00
4.755889295894321e-06	1.800000e+00
4.760772108394321e-06	1.800000e+00
4.765654920894321e-06	1.800000e+00
4.770537733394321e-06	1.800000e+00
4.775420545894321e-06	1.800000e+00
4.780303358394320e-06	1.800000e+00
4.785186170894320e-06	1.800000e+00
4.790068983394320e-06	1.800000e+00
4.795117187600001e-06	1.800000e+00
4.797432671479533e-06	1.800000e+00
4.800000000100000e-06	1.799387e+00
4.800006431383047e-06	1.799600e+00
4.800019293949140e-06	1.800506e+00
4.800022458516215e-06	1.800382e+00
4.800026273265030e-06	1.800124e+00
4.800031140309226e-06	1.800142e+00
4.800036521333530e-06	1.800111e+00
4.800047283382137e-06	1.800087e+00
4.800062398863084e-06	1.800060e+00
4.800092629824978e-06	1.800030e+00
4.800126978189991e-06	1.800013e+00
4.800195674920018e-06	1.800004e+00
4.800333068380071e-06	1.800000e+00
4.800547524861688e-06	1.800000e+00
4.800762253098162e-06	1.800000e+00
4.801046194649843e-06	1.800000e+00
4.801390445705374e-06	1.800000e+00
4.801931001038166e-06	1.800000e+00
4.802701230396313e-06	1.800000e+00
4.803889445766116e-06	1.800000e+00
4.805040544249195e-06	1.800000e+00
4.806740119713462e-06	1.800000e+00
4.807580477983850e-06	1.800000e+00
4.808420425612044e-06	1.800000e+00
4.809013589112989e-06	1.800000e+00
4.809540634639523e-06	1.800000e+00
4.810121246292895e-06	1.800000e+00
4.810918668234531e-06	1.800000e+00
4.811875638730922e-06	1.800000e+00
4.812922495433311e-06	1.800000e+00
4.814341570190463e-06	1.800000e+00
4.816456590776621e-06	1.800000e+00
4.820686631948937e-06	1.800000e+00
4.825569444448936e-06	1.800000e+00
4.830452256948936e-06	1.800000e+00
4.835335069448936e-06	1.800000e+00
4.840217881948936e-06	1.800000e+00
4.845100694448936e-06	1.799999e+00
4.845117187500001e-06	1.800000e+00
4.845150173602132e-06	1.800000e+00
4.845216145806394e-06	1.800000e+00
4.845348090214918e-06	1.800000e+00
4.845611979031966e-06	1.800000e+00
4.846139756666063e-06	1.800000e+00
4.847888889463616e-06	1.800000e+00
4.848612844941278e-06	1.800000e+00
4.850000000000001e-06	1.799998e+00
4.850003540890808e-06	1.799999e+00
4.850010622672422e-06	1.800000e+00
4.850012366123305e-06	1.800000e+00
4.850014458602981e-06	1.800000e+00
4.850017375272219e-06	1.800000e+00
4.850020505498602e-06	1.800000e+00
4.850026765951368e-06	1.800000e+00
4.850037228876200e-06	1.800000e+00
4.850056646079496e-06	1.800000e+00
4.850083594742488e-06	1.800000e+00
4.850131496375880e-06	1.800000e+00
4.850227299642665e-06	1.800000e+00
4.850339066639992e-06	1.800000e+00
4.850490300049136e-06	1.800000e+00
4.850692564283472e-06	1.800000e+00
4.850935945890775e-06	1.800000e+00
4.851219313126410e-06	1.800000e+00
4.851526050439754e-06	1.800000e+00
4.851794851622377e-06	1.800000e+00
4.852116585622138e-06	1.800000e+00
4.852422906182740e-06	1.800000e+00
4.852697047818795e-06	1.800000e+00
4.853013551184832e-06	1.800000e+00
4.853392836876263e-06	1.800000e+00
4.853755458239751e-06	1.800000e+00
4.854166686516077e-06	1.800000e+00
4.854574716570904e-06	1.800000e+00
4.855049537126123e-06	1.800000e+00
4.855582431821163e-06	1.800000e+00
4.856039125752699e-06	1.800000e+00
4.856485325116935e-06	1.800000e+00
4.857019929318531e-06	1.800000e+00
4.857632714217983e-06	1.800000e+00
4.858241277256329e-06	1.800000e+00
4.858906794605037e-06	1.800000e+00
4.859616007592193e-06	1.800000e+00
4.860470987206138e-06	1.800000e+00
4.861349353958728e-06	1.800000e+00
4.862276465198758e-06	1.800000e+00
4.863270066044725e-06	1.800000e+00
4.864492529918184e-06	1.800000e+00
4.865982749256720e-06	1.800000e+00
4.867572305895867e-06	1.800000e+00
4.869581120993752e-06	1.800000e+00
4.871709429470199e-06	1.800000e+00
4.874996359314750e-06	1.800000e+00
4.878330038847070e-06	1.800000e+00
4.882626836892936e-06	1.800000e+00
4.887509649392936e-06	1.800000e+00
4.892392461892936e-06	1.800000e+00
4.897275274392936e-06	1.800000e+00
4.902158086892935e-06	1.800000e+00
4.907040899392935e-06	1.800000e+00
4.911923711892935e-06	1.800000e+00
4.916806524392935e-06	1.800000e+00
4.921689336892935e-06	1.800000e+00
4.931454961892934e-06	1.800000e+00
4.936337774392934e-06	1.800000e+00
4.941220586892934e-06	1.800000e+00
4.945117187500001e-06	1.800000e+00
4.950000000000001e-06	1.800000e+00
4.950014318695668e-06	1.800000e+00
4.950042956087001e-06	1.800000e+00
4.950049883325991e-06	1.800000e+00
4.950058680762516e-06	1.800000e+00
4.950072877513289e-06	1.800000e+00
4.950098192740844e-06	1.800000e+00
4.950132775865388e-06	1.800000e+00
4.950199225685780e-06	1.800000e+00
4.950332125326564e-06	1.800000e+00
4.950469747380080e-06	1.800000e+00
4.950650698357120e-06	1.800000e+00
4.950887056259005e-06	1.800000e+00
4.951162775829654e-06	1.800000e+00
4.951477849245266e-06	1.800000e+00
4.951954751435344e-06	1.800000e+00
4.952568472727865e-06	1.800000e+00
4.953336620988658e-06	1.800000e+00
4.954090396029209e-06	1.800000e+00
4.955051535988437e-06	1.800000e+00
4.956163778536668e-06	1.800000e+00
4.957220389919730e-06	1.800000e+00
4.957847548217819e-06	1.800000e+00
4.958634596215422e-06	1.800000e+00
4.959112448611498e-06	1.800000e+00
4.959599245724148e-06	1.800000e+00
4.960117094654900e-06	1.800000e+00
4.960829444070771e-06	1.800000e+00
4.961687260844553e-06	1.800000e+00
4.962615676711185e-06	1.800000e+00
4.963813358865743e-06	1.800000e+00
4.965408280967964e-06	1.800000e+00
4.968187194220056e-06	1.800000e+00
4.971150467185007e-06	1.800000e+00
4.974855515840186e-06	1.800000e+00
4.979738328340185e-06	1.800000e+00
4.984621140840185e-06	1.800000e+00
4.989503953340185e-06	1.800000e+00
4.994386765840185e-06	1.800000e+00
4.997078313360737e-06	1.800000e+00
4.998078878442948e-06	1.800000e+00
5.000000000000000e-06	1.800000e+00
