time	V(comp_out)
0.000000000000000e+00	1.005148e-09
2.000000000000000e-18	1.005148e-09
3.940000000000000e-16	1.005232e-09
5.900000000000000e-16	1.005265e-09
2.299100000000001e-13	1.024277e-09
4.592300000000003e-13	1.040853e-09
6.885500000000004e-13	1.054995e-09
9.178700000000004e-13	1.066701e-09
1.147190000000000e-12	1.075971e-09
1.376510000000001e-12	1.082806e-09
1.605830000000000e-12	1.087206e-09
1.806534000000000e-12	1.091148e-09
2.207942000000000e-12	1.094140e-09
3.010758000000000e-12	1.095873e-09
3.211462000000000e-12	1.095385e-09
3.612870000000001e-12	1.092994e-09
4.415686000000000e-12	1.086836e-09
6.021318000000000e-12	1.073312e-09
9.232582000000001e-12	1.050576e-09
1.565511000000000e-11	1.023578e-09
2.850016600000000e-11	1.002409e-09
4.679749763138695e-11	9.959619e-10
7.161910305303275e-11	9.971219e-10
1.031194675157825e-10	9.997067e-10
1.432594870284002e-10	1.002029e-09
1.937345113071974e-10	1.003634e-09
2.663582448855274e-10	1.004602e-09
3.714601897291896e-10	1.005023e-09
5.454237540708637e-10	1.005140e-09
7.732569791532908e-10	1.005148e-09
1.022723222071611e-09	1.005147e-09
1.325656333553390e-09	1.005148e-09
1.771555822999541e-09	1.005148e-09
2.499319763927793e-09	1.005148e-09
3.280989182938270e-09	1.005153e-09
3.298694796487004e-09	1.005151e-09
3.334106023584472e-09	1.005147e-09
3.342958830358839e-09	1.005148e-09
3.365090847294756e-09	1.005148e-09
3.391649267617857e-09	1.005148e-09
3.427060494715325e-09	1.005148e-09
3.497882948910261e-09	1.005148e-09
3.639527857300132e-09	1.005148e-09
3.887781007040584e-09	1.005148e-09
4.384287306521490e-09	1.005148e-09
5.377299905483300e-09	1.005148e-09
6.413564358473716e-09	1.005148e-09
7.415066079377741e-09	1.005148e-09
8.322582573420401e-09	1.005148e-09
9.600494768668270e-09	1.005148e-09
1.099949677431296e-08	1.005148e-09
1.251780943245168e-08	1.005148e-09
1.275566178234514e-08	1.005148e-09
1.279851300979524e-08	1.005148e-09
1.288421546469545e-08	1.005148e-09
1.305562037449586e-08	1.005148e-09
1.309847160194596e-08	1.005148e-09
1.314667923282732e-08	1.005148e-09
1.317346124998364e-08	1.005148e-09
1.320559967057121e-08	1.005148e-09
1.324845089802132e-08	1.005148e-09
1.333415335292152e-08	1.005148e-09
1.350555826272193e-08	1.005148e-09
1.384836808232275e-08	1.005148e-09
1.437211707335707e-08	1.005148e-09
1.504158570124652e-08	1.005148e-09
1.629572503477428e-08	1.005148e-09
1.880400370182979e-08	1.005148e-09
2.131333342882498e-08	1.005147e-09
2.440707770065510e-08	1.005147e-09
2.772327524354392e-08	1.005148e-09
3.141816829918897e-08	1.005148e-09
3.550009009174401e-08	1.005148e-09
4.038290259174401e-08	1.005148e-09
4.526571509174401e-08	1.005148e-09
5.014852759174401e-08	1.005148e-09
5.503134009174401e-08	1.005148e-09
5.991415259174400e-08	1.005148e-09
6.479696509174400e-08	1.005148e-09
6.967977759174400e-08	1.005148e-09
7.456259009174400e-08	1.005148e-09
7.944540259174400e-08	1.005148e-09
8.432821509174400e-08	1.005148e-09
8.921102759174400e-08	1.005148e-09
9.409384009174400e-08	1.005148e-09
9.511718760000000e-08	1.005148e-09
9.716388261651201e-08	1.005148e-09
1.000000001000000e-07	1.005148e-09
1.007027402937595e-07	1.005148e-09
1.010210877592843e-07	1.005148e-09
1.022213615359397e-07	1.005148e-09
1.034216353125951e-07	1.005148e-09
1.046219090892506e-07	1.005148e-09
1.058221828659060e-07	1.005148e-09
1.070224566425614e-07	1.005148e-09
1.082227304192168e-07	1.005148e-09
1.094230041958722e-07	1.005148e-09
1.951171875000000e-07	1.005148e-09
2.000000000000000e-07	1.005148e-09
2.000000000012500e-07	7.159522e-08
2.000000000037500e-07	2.834700e-07
2.000000000047500e-07	3.895807e-07
2.000000000057500e-07	5.374144e-07
2.000000000077500e-07	1.021929e-06
2.000000000117500e-07	2.478529e-06
2.000000000127500e-07	3.031643e-06
2.000000000137500e-07	1.172131e-05
2.000000000366602e-07	4.120611e-04
2.000000000393555e-07	4.459331e-04
2.000000002819336e-07	1.818544e-03
2.000000004032226e-07	2.087690e-03
2.000000048042817e-07	2.069606e-03
2.000000092053408e-07	2.051686e-03
2.000000136063998e-07	2.033930e-03
2.000000180074589e-07	2.016339e-03
2.000000224085180e-07	1.998912e-03
2.000000268095771e-07	1.981649e-03
2.000000312106362e-07	1.964551e-03
2.000000622606279e-07	1.848251e-03
2.000001243606112e-07	1.636826e-03
2.000002485605780e-07	1.284816e-03
2.000004969605114e-07	7.848379e-04
2.000009937603783e-07	2.457105e-04
2.000019873601120e-07	-1.110474e-04
2.000039745595795e-07	-1.635964e-04
2.000066823667572e-07	-8.334886e-05
2.000120979811127e-07	-1.417388e-05
2.000229292098237e-07	7.257305e-06
2.000445916672457e-07	3.078889e-06
2.000763826585595e-07	-3.886914e-07
2.001143015618801e-07	-2.619624e-06
2.001692132408825e-07	-8.800066e-06
2.002735057573235e-07	-2.547070e-05
2.004321804099888e-07	-6.122119e-05
2.006040089443218e-07	-1.088593e-04
2.007316212157665e-07	-1.399797e-04
2.008433953086543e-07	-1.553337e-04
2.009774282028736e-07	2.325946e-03
2.011843598644165e-07	1.643853e-02
2.012121420121575e-07	2.830966e-02
2.012677063076394e-07	7.957735e-02
2.012779733677076e-07	9.797481e-02
2.012985074878440e-07	1.708509e-01
2.013233473787555e-07	3.253722e-01
2.013462268373426e-07	5.322522e-01
2.013623498472346e-07	7.041596e-01
2.013654073407357e-07	7.391071e-01
2.013715223277379e-07	8.182186e-01
2.013837523017424e-07	1.012491e+00
2.013911097736448e-07	1.170314e+00
2.013962265565081e-07	1.324402e+00
2.014013387647325e-07	1.516864e+00
2.014050457306109e-07	1.658503e+00
2.014073632905647e-07	1.722956e+00
2.014106474333901e-07	1.769359e+00
2.014135799282480e-07	1.786170e+00
2.014171338621141e-07	1.793165e+00
2.014209638259054e-07	1.796571e+00
2.014268587551000e-07	1.798625e+00
2.014343606672215e-07	1.799305e+00
2.014422756444419e-07	1.799527e+00
2.014543917413765e-07	1.799845e+00
2.014719136194492e-07	1.800099e+00
2.014966735855753e-07	1.800180e+00
2.015352168935646e-07	1.800182e+00
2.016077662280226e-07	1.800172e+00
2.017476158587590e-07	1.800148e+00
2.020273151202317e-07	1.800115e+00
2.025259847975510e-07	1.800077e+00
2.026264752660038e-07	1.800069e+00
2.028274562029094e-07	1.800055e+00
2.028777014371358e-07	1.800053e+00
2.030095951769801e-07	1.800048e+00
2.030490735753008e-07	1.800047e+00
2.030885519736216e-07	1.800046e+00
2.031280303719423e-07	1.800044e+00
2.031675087702631e-07	1.800043e+00
2.032069871685838e-07	1.800042e+00
2.032464655669046e-07	1.800041e+00
2.032859439652253e-07	1.800040e+00
2.034869249021309e-07	1.800035e+00
2.038888867759421e-07	1.800027e+00
2.045885831531939e-07	1.800018e+00
2.054339595091213e-07	1.800011e+00
2.070295192893873e-07	1.800005e+00
2.086484502260746e-07	1.800002e+00
2.109911315072863e-07	1.800000e+00
2.132073723168099e-07	1.800000e+00
2.168348033195736e-07	1.800000e+00
2.215964329499006e-07	1.800000e+00
2.264792454499006e-07	1.800000e+00
2.270895970124006e-07	1.800000e+00
2.280438195948611e-07	1.800000e+00
2.289980421773216e-07	1.800000e+00
2.299522647597821e-07	1.800000e+00
2.309064873422426e-07	1.800000e+00
2.318607099247031e-07	1.800000e+00
2.328149325071635e-07	1.800000e+00
2.337691550896240e-07	1.800000e+00
2.363611650062903e-07	1.800000e+00
2.398179800504292e-07	1.800000e+00
2.447007925504292e-07	1.800000e+00
2.495836050504293e-07	1.800000e+00
2.544664175504293e-07	1.800000e+00
2.593492300504293e-07	1.800000e+00
2.642320425504293e-07	1.800000e+00
2.691148550504293e-07	1.800000e+00
2.739976675504293e-07	1.800000e+00
2.788804800504293e-07	1.800000e+00
2.837632925504294e-07	1.800000e+00
2.886461050504294e-07	1.800000e+00
2.935289175504294e-07	1.800000e+00
2.951171876000000e-07	1.800000e+00
2.968234600008588e-07	1.800000e+00
3.000000001000000e-07	1.799503e+00
3.000079483663524e-07	1.799691e+00
3.000238448990572e-07	1.800416e+00
3.000277473546765e-07	1.800298e+00
3.000324939298455e-07	1.800090e+00
3.000390899497908e-07	1.800113e+00
3.000462652583449e-07	1.800078e+00
3.000606158754532e-07	1.800061e+00
3.000766034928815e-07	1.800040e+00
3.001085787277381e-07	1.800020e+00
3.001485593754670e-07	1.800008e+00
3.002285206709247e-07	1.800002e+00
3.003884432618402e-07	1.800000e+00
3.006474690919298e-07	1.800000e+00
3.009821508489703e-07	1.800000e+00
3.013002511718695e-07	1.800000e+00
3.017228364942119e-07	1.800000e+00
3.021901961670389e-07	1.800000e+00
3.029470023055256e-07	1.800000e+00
3.038264356141112e-07	1.800000e+00
3.047932115132458e-07	1.800000e+00
3.058211127554237e-07	1.800000e+00
3.072148626544450e-07	1.800000e+00
3.087089650461206e-07	1.800000e+00
3.101204074018687e-07	1.800000e+00
3.116217071032664e-07	1.800000e+00
3.140905957457971e-07	1.800000e+00
3.165408387735818e-07	1.800000e+00
3.179835251754544e-07	1.800000e+00
3.189733401424118e-07	1.800000e+00
3.200276720186391e-07	1.800000e+00
3.208251870735363e-07	1.800000e+00
3.214531037883386e-07	1.800000e+00
3.219079368195026e-07	1.800000e+00
3.223268600829846e-07	1.800000e+00
3.228808529809102e-07	1.800000e+00
3.233035296064740e-07	1.800000e+00
3.236512569481084e-07	1.800000e+00
3.240646691980874e-07	1.800000e+00
3.245422124046231e-07	1.800000e+00
3.251123361972994e-07	1.800000e+00
3.257398901413773e-07	1.800000e+00
3.265302636024063e-07	1.800000e+00
3.274632677249655e-07	1.800000e+00
3.288817445591702e-07	1.800000e+00
3.309085250372320e-07	1.800000e+00
3.337581724939975e-07	1.800000e+00
3.370928544978778e-07	1.800000e+00
3.417713770320984e-07	1.800000e+00
3.451171875000000e-07	1.800000e+00
3.500000000000000e-07	1.800011e+00
3.500000000012500e-07	1.800011e+00
3.500000000022500e-07	1.800011e+00
3.500000003932502e-07	1.800011e+00
3.510000003932502e-07	1.800003e+00
3.520000003932502e-07	1.800000e+00
3.530000003932502e-07	1.800000e+00
3.540000003932503e-07	1.800000e+00
3.560000003932503e-07	1.800000e+00
3.587844164629168e-07	1.800000e+00
3.625651399490873e-07	1.800000e+00
3.665570687008286e-07	1.800000e+00
3.714398812008286e-07	1.800000e+00
3.763226937008286e-07	1.800000e+00
3.812055062008286e-07	1.800000e+00
3.860883187008286e-07	1.800000e+00
3.909711312008286e-07	1.800000e+00
3.958539437008287e-07	1.800000e+00
4.007367562008287e-07	1.800000e+00
4.105023812008287e-07	1.800000e+00
4.153851937008287e-07	1.800000e+00
4.202680062008287e-07	1.800000e+00
4.251508187008287e-07	1.800000e+00
4.397992562008288e-07	1.800000e+00
4.451171875000000e-07	1.800000e+00
4.459874250983425e-07	1.800000e+00
4.477279002950275e-07	1.800000e+00
4.500000000000000e-07	1.800000e+00
4.500000000100001e-07	1.800000e+00
4.500000001010000e-07	1.800000e+00
4.510000001020000e-07	1.800000e+00
4.520000001020000e-07	1.800000e+00
4.530000001020001e-07	1.800000e+00
4.540000001020001e-07	1.800000e+00
4.541380109300131e-07	1.800000e+00
4.544140325860391e-07	1.800000e+00
4.549660758980912e-07	1.800000e+00
4.560701625221953e-07	1.800000e+00
4.571434040974670e-07	1.800000e+00
4.578949315010197e-07	1.800000e+00
4.586254664666566e-07	1.800000e+00
4.594937779882653e-07	1.800000e+00
4.604286565427980e-07	1.800000e+00
4.612550018769219e-07	1.800000e+00
4.617062998654020e-07	1.800000e+00
4.620534796921975e-07	1.800000e+00
4.624699066568611e-07	1.800000e+00
4.629023120821167e-07	1.800000e+00
4.632161881653881e-07	1.800000e+00
4.635640566704439e-07	1.800000e+00
4.640399185928546e-07	1.800000e+00
4.646257751125246e-07	1.800000e+00
4.652031936338636e-07	1.800000e+00
4.659902553906372e-07	1.800000e+00
4.669358288758630e-07	1.800000e+00
4.682654206994350e-07	1.800000e+00
4.701024975991332e-07	1.800000e+00
4.723482896215966e-07	1.800000e+00
4.747237802386630e-07	1.800000e+00
4.784758285756541e-07	1.800000e+00
4.833586410756541e-07	1.800000e+00
4.882414535756541e-07	1.800000e+00
4.931242660756542e-07	1.800000e+00
4.980070785756542e-07	1.800000e+00
5.028898910756542e-07	1.800000e+00
5.077727035756542e-07	1.800000e+00
5.451171876000001e-07	1.800000e+00
5.500000001000001e-07	1.800000e+00
5.512475478797934e-07	1.800000e+00
5.517986748789992e-07	1.800000e+00
5.521930627164059e-07	1.800000e+00
5.526599894888669e-07	1.800000e+00
5.535938430337890e-07	1.800000e+00
5.553166274524977e-07	1.800000e+00
5.574087353748404e-07	1.800000e+00
5.600000001000000e-07	1.800000e+00
5.600072350404774e-07	1.800000e+00
5.600217049214322e-07	1.800000e+00
5.600252257466913e-07	1.800000e+00
5.600295704189186e-07	1.800000e+00
5.600382597633732e-07	1.800000e+00
5.600496839506095e-07	1.800000e+00
5.600712239936854e-07	1.800000e+00
5.601143040798375e-07	1.800000e+00
5.601714193804661e-07	1.800000e+00
5.602856499817234e-07	1.800000e+00
5.605141111842379e-07	1.800000e+00
5.609006053701888e-07	1.800000e+00
5.616508386592086e-07	1.800000e+00
5.629280549997414e-07	1.800000e+00
5.642830449225052e-07	1.800000e+00
5.662647487043332e-07	1.800000e+00
5.684115588814410e-07	1.800000e+00
5.719871889539497e-07	1.800000e+00
5.767745117381916e-07	1.800000e+00
5.865401367381917e-07	1.800000e+00
6.890791992381919e-07	1.800000e+00
6.939620117381920e-07	1.800000e+00
6.974275390236163e-07	1.800000e+00
7.000000000000001e-07	1.796934e+00
7.000064747410304e-07	1.797964e+00
7.000194242230911e-07	1.803469e+00
7.000226127170004e-07	1.802194e+00
7.000264713806879e-07	1.799144e+00
7.000299166929584e-07	1.799213e+00
7.000337569850753e-07	1.799677e+00
7.000393412235242e-07	1.799661e+00
7.000464574958056e-07	1.799829e+00
7.000591381689749e-07	1.799880e+00
7.000800881162437e-07	1.799950e+00
7.001010400752001e-07	1.800050e+00
7.001048989637784e-07	1.800039e+00
7.001126167409351e-07	1.799973e+00
7.001145461852242e-07	1.799977e+00
7.001150285462965e-07	1.799979e+00
7.001159932684411e-07	1.799981e+00
7.001179227127302e-07	1.799982e+00
7.001217816013086e-07	1.799984e+00
7.001294993784653e-07	1.799986e+00
7.001449349327786e-07	1.799990e+00
7.001758060414053e-07	1.799996e+00
7.002358600497162e-07	1.800003e+00
7.003434039563736e-07	1.800009e+00
7.004572618284806e-07	1.800011e+00
7.005923230662890e-07	1.800011e+00
7.007571351793115e-07	1.800011e+00
7.010205452696836e-07	1.800009e+00
7.014452580137204e-07	1.800007e+00
7.022946835017940e-07	1.800004e+00
7.037587068726479e-07	1.800002e+00
7.048017819725263e-07	1.800002e+00
7.059723114862863e-07	1.800007e+00
7.060220079562711e-07	1.800010e+00
7.061214008962406e-07	1.800028e+00
7.062411716013823e-07	1.800045e+00
7.063931394935031e-07	1.796337e+00
7.064940204078500e-07	1.774371e+00
7.065591041524443e-07	1.723594e+00
7.066151536232248e-07	1.652289e+00
7.066569178999591e-07	1.598994e+00
7.066994176626656e-07	1.529696e+00
7.067192046881576e-07	1.445274e+00
7.067491244408303e-07	1.176630e+00
7.067664585088812e-07	8.853091e-01
7.067868223114807e-07	3.913997e-01
7.067964504127062e-07	1.623554e-01
7.068036744310750e-07	5.735053e-02
7.068133533112899e-07	9.839945e-03
7.068204731116523e-07	2.594278e-03
7.068304727009328e-07	1.684048e-03
7.068440740068808e-07	1.023958e-03
7.068712766187767e-07	5.457244e-04
7.069002005875430e-07	3.689447e-04
7.069372482908374e-07	2.805933e-04
7.069857334357985e-07	2.189937e-04
7.070827037257207e-07	1.543589e-04
7.071759746896684e-07	9.775178e-05
7.072407646880945e-07	4.670191e-05
7.073328850109871e-07	-6.816258e-06
7.073990927550258e-07	-1.384738e-05
7.074782641911236e-07	-1.034483e-05
7.075666638676905e-07	-9.507539e-06
7.077434632208244e-07	-7.502499e-06
7.080970619270921e-07	-4.651295e-06
7.085646290284853e-07	-2.383691e-06
7.089910896264832e-07	-1.332510e-06
7.094819853749009e-07	-7.269729e-07
7.100550118217543e-07	-4.098170e-07
7.100674707449642e-07	-3.681508e-07
7.100923885913842e-07	-2.622141e-07
7.101359948226192e-07	-2.683111e-07
7.101796010538543e-07	-2.555229e-07
7.102294367466942e-07	-2.391264e-07
7.103291081323742e-07	-2.101902e-07
7.105284509037343e-07	-1.637789e-07
7.109271364464544e-07	-9.810428e-08
7.114270288424811e-07	-4.881125e-08
7.121770685664342e-07	-1.488010e-08
7.135478388256184e-07	5.093945e-09
7.162893793439869e-07	1.148505e-08
7.211545750671902e-07	8.938679e-09
7.260373875671902e-07	5.023516e-09
7.309202000671902e-07	2.717981e-09
7.358030125671902e-07	1.973493e-09
7.406858250671902e-07	1.635886e-09
7.455686375671903e-07	1.430369e-09
7.504514500671903e-07	1.298208e-09
7.553342625671903e-07	1.203337e-09
7.602170750671903e-07	1.142867e-09
7.650998875671903e-07	1.098284e-09
7.699827000671903e-07	1.069998e-09
7.748655125671903e-07	1.049060e-09
7.797483250671903e-07	1.035709e-09
7.846311375671904e-07	1.025882e-09
7.951171876000000e-07	1.014723e-09
7.982388245750459e-07	1.011994e-09
8.000000001000000e-07	-7.248335e-05
8.000050856758285e-07	-3.353268e-05
8.000152568274855e-07	1.080573e-04
8.000177227462699e-07	7.125833e-05
8.000208300275356e-07	3.450978e-06
8.000270445900670e-07	-8.537685e-07
8.000394737151298e-07	-9.175707e-07
8.000630936064877e-07	-5.006556e-07
8.001016088434906e-07	-1.035908e-07
8.001495813200085e-07	-8.921828e-09
8.002055062228765e-07	2.302315e-09
8.002701322724705e-07	-4.912944e-10
8.003602459686616e-07	2.034144e-09
8.004910550264549e-07	-1.211357e-11
8.007526731420416e-07	1.072458e-09
8.010303438109440e-07	7.915507e-10
8.013927300861057e-07	1.205812e-09
8.019075986463648e-07	9.436183e-10
8.024984917274540e-07	1.098332e-09
8.032665971138399e-07	9.196621e-10
8.043333688907751e-07	1.079234e-09
8.059507564636844e-07	9.660062e-10
8.081793082805683e-07	1.015861e-09
8.106636835446284e-07	9.894972e-10
8.136538900587903e-07	1.020123e-09
8.173717090586594e-07	9.905037e-10
8.222545215586595e-07	1.005157e-09
8.271373340586595e-07	1.005063e-09
8.451171875000001e-07	9.835199e-10
8.500000000000001e-07	-4.372666e-08
8.500095367431641e-07	-2.934453e-08
8.500286102294923e-07	2.815403e-09
8.500333842027771e-07	2.114793e-09
8.500390342340649e-07	6.371488e-10
8.500490075775846e-07	1.074584e-09
8.500616080875462e-07	9.789018e-10
8.500853308435907e-07	1.024369e-09
8.501220352898154e-07	1.006015e-09
8.501771783257015e-07	1.011399e-09
8.502561749525578e-07	1.004871e-09
8.503761661244734e-07	1.007172e-09
8.505682592518649e-07	1.004747e-09
8.508412111573053e-07	1.005477e-09
8.512147960345956e-07	1.004618e-09
8.517738962090069e-07	1.005047e-09
8.523903800786778e-07	1.005155e-09
8.529489038457537e-07	1.005238e-09
8.535531663872044e-07	1.005179e-09
8.541998984511139e-07	1.005206e-09
8.548819282130125e-07	1.005081e-09
8.556091886206449e-07	1.005195e-09
8.565075978678368e-07	1.005113e-09
8.574450630360330e-07	1.005196e-09
8.585029508150303e-07	1.005113e-09
8.596802857762587e-07	1.005206e-09
8.612577685726221e-07	1.005142e-09
8.627872503976399e-07	1.005216e-09
8.650780564874321e-07	1.005152e-09
8.671574178095016e-07	1.005189e-09
8.702359695874366e-07	1.005116e-09
8.741085207825301e-07	1.005156e-09
8.789913332825301e-07	1.005138e-09
8.838741457825302e-07	1.005138e-09
8.887569582825302e-07	1.005138e-09
8.936397707825302e-07	1.005138e-09
8.985225832825302e-07	1.005138e-09
9.034053957825302e-07	1.005138e-09
9.082882082825302e-07	1.005138e-09
9.131710207825302e-07	1.005138e-09
9.180538332825302e-07	1.005138e-09
9.229366457825303e-07	1.005138e-09
9.278194582825303e-07	1.005138e-09
9.327022707825303e-07	1.005138e-09
9.375850832825303e-07	1.005138e-09
9.424678957825303e-07	1.005081e-09
9.451171875000001e-07	1.005081e-09
9.500000000000001e-07	9.367218e-10
9.500145458916377e-07	9.547146e-10
9.500436376749129e-07	9.905088e-10
9.500506665106236e-07	9.910551e-10
9.500596074278404e-07	9.959814e-10
9.500718811562826e-07	1.004010e-09
9.500881528109823e-07	1.008217e-09
9.501206961203817e-07	1.009928e-09
9.501749841970167e-07	1.008920e-09
9.502287880720519e-07	1.007653e-09
9.503135321353983e-07	1.006464e-09
9.504242795129068e-07	1.005783e-09
9.506457742679239e-07	1.005299e-09
9.508704684227558e-07	1.005136e-09
9.512126691862108e-07	1.005049e-09
9.515238650238480e-07	1.005030e-09
9.520822033941823e-07	1.005054e-09
9.527485693061829e-07	1.005098e-09
9.535008547646979e-07	1.005134e-09
9.544618656434905e-07	1.005158e-09
9.556539662543196e-07	1.005147e-09
9.567332635392861e-07	1.005134e-09
9.581659736737147e-07	1.005136e-09
9.595678538158385e-07	1.005139e-09
9.611107211646298e-07	1.005138e-09
9.634686614588810e-07	1.005138e-09
9.665744176824128e-07	1.005138e-09
9.713320186889053e-07	1.005138e-09
9.762148311889053e-07	1.005138e-09
9.810976436889053e-07	1.005138e-09
9.859804561889053e-07	1.005138e-09
9.908632686889053e-07	1.005138e-09
9.957460811889053e-07	1.005138e-09
1.000628893688905e-06	1.005138e-09
1.005511706188905e-06	1.005138e-09
1.015277331188905e-06	1.005138e-09
1.019927437369865e-06	1.005138e-09
1.024577543550824e-06	1.005138e-09
1.029227649731784e-06	1.005138e-09
1.033877755912743e-06	1.005138e-09
1.038527862093703e-06	1.005138e-09
1.043177968274662e-06	1.005138e-09
1.047828074455621e-06	1.005138e-09
1.050000000100000e-06	1.005138e-09
1.054343851388758e-06	1.005138e-09
1.055117187600000e-06	1.005138e-09
1.056663860022484e-06	1.005136e-09
1.056906655255032e-06	1.005138e-09
1.057392245720127e-06	1.005141e-09
1.058363426650317e-06	1.005138e-09
1.060000000100000e-06	8.803076e-10
1.060004450558587e-06	8.665837e-10
1.060013351475762e-06	9.797836e-10
1.060015527135126e-06	1.071967e-09
1.060018183304429e-06	1.148417e-09
1.060023495643034e-06	1.138589e-09
1.060028620984825e-06	1.101414e-09
1.060038871668408e-06	1.051860e-09
1.060059373035574e-06	1.011717e-09
1.060083654855839e-06	1.002832e-09
1.060132218496369e-06	1.004387e-09
1.060227110608659e-06	1.005091e-09
1.060416894833241e-06	1.005124e-09
1.060725234954116e-06	1.005145e-09
1.061219379057698e-06	1.005137e-09
1.062103931862359e-06	1.005135e-09
1.063279351617408e-06	1.005135e-09
1.064654737112343e-06	1.005136e-09
1.066660905583019e-06	1.005137e-09
1.069796432643512e-06	1.005138e-09
1.074200942010052e-06	1.005138e-09
1.079083754510052e-06	1.005138e-09
1.083966567010052e-06	1.005138e-09
1.195117187500000e-06	1.005138e-09
1.200000000000000e-06	1.970599e-04
1.200001192092896e-06	1.538236e-04
1.200003576278687e-06	-1.458685e-04
1.200004174677926e-06	-1.580665e-04
1.200004894018737e-06	-8.955054e-05
1.200006332700360e-06	-3.668819e-05
1.200009210063606e-06	2.073577e-06
1.200014964790098e-06	1.887541e-05
1.200026474243081e-06	1.407104e-05
1.200043135405783e-06	5.906157e-06
1.200066738579069e-06	2.188568e-06
1.200102634294029e-06	6.575578e-07
1.200154267606246e-06	2.233073e-08
1.200224409808018e-06	-3.946944e-07
1.200351086433070e-06	-6.469184e-07
1.200529762967213e-06	-6.189736e-07
1.200770669166398e-06	-4.590260e-07
1.201185778571717e-06	-2.648109e-07
1.201933042941591e-06	-9.129020e-08
1.203427571681339e-06	1.090018e-08
1.205125512952552e-06	1.516946e-08
1.208409916610573e-06	-9.224332e-09
1.211788159640326e-06	-1.415721e-08
1.216670972140326e-06	-1.249132e-08
1.221553784640326e-06	-1.020523e-08
1.226436597140326e-06	-7.362324e-09
1.231319409640326e-06	-5.012225e-09
1.236202222140326e-06	-3.186379e-09
1.241085034640326e-06	-1.886949e-09
1.245967847140326e-06	-9.632792e-10
1.250850659640326e-06	-3.299299e-10
1.255733472140326e-06	1.064713e-10
1.260616284640326e-06	4.007319e-10
1.265499097140326e-06	5.990337e-10
1.270381909640326e-06	7.344489e-10
1.275264722140326e-06	8.241692e-10
1.280147534640326e-06	8.849526e-10
1.285030347140326e-06	9.245973e-10
1.289913159640326e-06	9.519319e-10
1.295759618519349e-06	6.532138e-10
1.298456815841755e-06	2.231720e-10
1.298966710421808e-06	-2.040528e-08
1.299007211976072e-06	4.953366e-09
1.299169218193127e-06	1.782259e-09
1.299634486022699e-06	-2.126181e-10
1.299767491025727e-06	1.470494e-09
1.300000000100000e-06	-4.117851e-04
1.300000669266991e-06	-4.274604e-04
1.300002007600971e-06	-1.301621e-04
1.300002331875547e-06	-2.104191e-05
1.300002741638869e-06	3.982803e-05
1.300003561165512e-06	1.029609e-04
1.300005200218799e-06	1.341204e-04
1.300008478325373e-06	1.047261e-04
1.300015034538519e-06	3.954193e-05
1.300024244074113e-06	5.526937e-06
1.300035577308912e-06	-6.981854e-07
1.300050732597939e-06	-7.394084e-07
1.300075313078501e-06	-2.624086e-07
1.300110211704629e-06	-6.678469e-08
1.300151059742470e-06	-5.295959e-09
1.300193295767328e-06	-2.191979e-09
1.300245969612186e-06	2.768176e-09
1.300310684190494e-06	-7.337588e-10
1.300399408342433e-06	2.203150e-09
1.300522696069574e-06	-3.454731e-10
1.300762280826330e-06	1.134915e-09
1.301024058510605e-06	1.012796e-09
1.301281539074935e-06	1.289952e-09
1.301614588487801e-06	6.648888e-10
1.302138634693236e-06	1.206654e-09
1.302938376575708e-06	9.029723e-10
1.304032914058581e-06	1.116749e-09
1.305877254322080e-06	9.722835e-10
1.308188518500029e-06	1.018594e-09
1.310766622499250e-06	9.950220e-10
1.313590116056213e-06	1.031801e-09
1.317371558699933e-06	1.011333e-09
1.320873223726775e-06	1.029055e-09
1.325756036226775e-06	1.005112e-09
1.330638848726775e-06	1.005159e-09
1.345287286226775e-06	1.007193e-09
1.350000000000000e-06	-8.184051e-08
1.350001192092896e-06	-6.439819e-08
1.350003576278687e-06	-7.379069e-09
1.350004173059334e-06	-1.349989e-09
1.350004890869884e-06	-4.574055e-10
1.350006326490983e-06	3.571714e-10
1.350008256562633e-06	7.050697e-10
1.350012116705933e-06	7.740197e-10
1.350018466340004e-06	7.756703e-10
1.350025601797578e-06	8.374123e-10
1.350035885130028e-06	9.491786e-10
1.350050962243925e-06	1.037396e-09
1.350073100300385e-06	1.058932e-09
1.350098564304849e-06	1.040867e-09
1.350137874711221e-06	1.021296e-09
1.350192957290261e-06	1.012294e-09
1.350282487896616e-06	1.008125e-09
1.350399388253174e-06	1.006468e-09
1.350564336596455e-06	1.005732e-09
1.350762574586420e-06	1.005276e-09
1.351026682994266e-06	1.004871e-09
1.351393398054091e-06	1.004697e-09
1.351919031792098e-06	1.004848e-09
1.352410956660510e-06	1.004993e-09
1.352883222686169e-06	1.005107e-09
1.353378946705230e-06	1.005227e-09
1.353988298130251e-06	1.005293e-09
1.354414890103373e-06	1.005258e-09
1.354892900117419e-06	1.005151e-09
1.355391242402201e-06	1.005071e-09
1.355964236738312e-06	1.005058e-09
1.356544974930125e-06	1.005096e-09
1.357211751862146e-06	1.005151e-09
1.357990317466047e-06	1.005178e-09
1.358746701335570e-06	1.005156e-09
1.359556255866570e-06	1.005123e-09
1.360531329965704e-06	1.005122e-09
1.361531577512447e-06	1.005141e-09
1.362611912761581e-06	1.005148e-09
1.364013198117176e-06	1.005135e-09
1.365280259542421e-06	1.005133e-09
1.366926800705510e-06	1.005140e-09
1.368640825258407e-06	1.005140e-09
1.371296527157436e-06	1.005137e-09
1.373906805513071e-06	1.005139e-09
1.377546947157243e-06	1.005138e-09
1.382349526325918e-06	1.005138e-09
1.387232338825918e-06	1.005138e-09
1.392115151325918e-06	1.005138e-09
1.396997963825918e-06	1.005138e-09
1.401880776325918e-06	1.005138e-09
1.406763588825918e-06	1.005138e-09
1.411646401325918e-06	1.005138e-09
1.416529213825918e-06	1.005138e-09
1.421412026325918e-06	1.005138e-09
1.426294838825918e-06	1.005138e-09
1.431177651325918e-06	1.005138e-09
1.436060463825918e-06	1.005138e-09
1.440943276325918e-06	1.005138e-09
1.445117187500000e-06	1.005138e-09
1.450000000000000e-06	9.971756e-10
1.450014638914196e-06	9.898928e-10
1.450043916742589e-06	9.642537e-10
1.450050989692923e-06	9.653197e-10
1.450059987802292e-06	9.790971e-10
1.450073195768457e-06	1.001565e-09
1.450088829042811e-06	1.014876e-09
1.450120095591519e-06	1.018590e-09
1.450161783200543e-06	1.015010e-09
1.450206322816740e-06	1.011378e-09
1.450265814533287e-06	1.008844e-09
1.450342455455483e-06	1.007191e-09
1.450445441420240e-06	1.006178e-09
1.450571850439277e-06	1.005630e-09
1.450738756479299e-06	1.005314e-09
1.450951743856638e-06	1.005105e-09
1.451247182307897e-06	1.004964e-09
1.451653197855685e-06	1.004934e-09
1.452224602636045e-06	1.005013e-09
1.452806106332866e-06	1.005084e-09
1.453451063546321e-06	1.005130e-09
1.454149805389582e-06	1.005155e-09
1.455160935205579e-06	1.005153e-09
1.456162509354231e-06	1.005139e-09
1.457302192371339e-06	1.005134e-09
1.458263299454822e-06	1.005138e-09
1.459522786303639e-06	1.005140e-09
1.460743859093305e-06	1.005139e-09
1.461905027225938e-06	1.005137e-09
1.463581376826579e-06	1.005138e-09
1.465119896763405e-06	1.005138e-09
1.468032250609712e-06	1.005138e-09
1.472915063109712e-06	1.005138e-09
1.477640830984347e-06	1.005138e-09
1.482523643484347e-06	1.005138e-09
1.487406455984347e-06	1.005138e-09
1.545117187600000e-06	1.005138e-09
1.550000000100000e-06	1.005138e-09
1.554882812600000e-06	1.005143e-09
1.555117187600000e-06	1.005141e-09
1.555585937600000e-06	1.005137e-09
1.556523437599999e-06	1.005137e-09
1.558125000100001e-06	1.005138e-09
1.560000000100000e-06	8.964800e-10
1.560004862251412e-06	8.863903e-10
1.560014586554236e-06	9.926483e-10
1.560016978645630e-06	1.071115e-09
1.560019828964851e-06	1.130990e-09
1.560024166247804e-06	1.120596e-09
1.560028691017149e-06	1.092048e-09
1.560036864631976e-06	1.054520e-09
1.560048956229767e-06	1.024297e-09
1.560069600497999e-06	1.008405e-09
1.560110889034463e-06	1.004763e-09
1.560179368401077e-06	1.005380e-09
1.560316327134305e-06	1.005343e-09
1.560590244600761e-06	1.005191e-09
1.560969179758142e-06	1.005149e-09
1.561524110437823e-06	1.005133e-09
1.562542735403205e-06	1.005133e-09
1.563652155880670e-06	1.005133e-09
1.565019816380588e-06	1.005136e-09
1.567171841385429e-06	1.005137e-09
1.569544326807884e-06	1.005138e-09
1.574289297652793e-06	1.005138e-09
1.579172110152793e-06	1.005138e-09
1.584054922652793e-06	1.005138e-09
1.588937735152793e-06	1.005138e-09
1.593820547652793e-06	1.005138e-09
1.603586172652793e-06	1.005138e-09
1.608468985152793e-06	1.005138e-09
1.613351797652793e-06	1.005138e-09
1.618234610152793e-06	1.005138e-09
1.695117187500000e-06	1.005138e-09
1.700000000000000e-06	2.392199e-05
1.700014259715099e-06	1.914903e-05
1.700042779145297e-06	5.595409e-06
1.700049679498489e-06	1.925407e-06
1.700058414125680e-06	-3.431264e-06
1.700075740574453e-06	-4.628026e-06
1.700104505208836e-06	-7.976244e-07
1.700162034477600e-06	-1.250016e-06
1.700277093015129e-06	-5.600535e-07
1.700507210090187e-06	-5.408072e-07
1.700777379861237e-06	-2.775746e-07
1.701183009348040e-06	1.238463e-05
1.701192747972439e-06	8.468039e-06
1.701212225221238e-06	-3.367650e-08
1.701251179718835e-06	4.745078e-07
1.701260918343234e-06	4.029114e-07
1.701280395592033e-06	-5.034394e-08
1.701319350089630e-06	4.552117e-09
1.701329088714029e-06	3.725400e-09
1.701348565962828e-06	-1.976045e-08
1.701387520460425e-06	-1.163314e-08
1.701465429455620e-06	1.932469e-09
1.701621247446009e-06	2.047808e-08
1.701932883426787e-06	4.211510e-08
1.702556155388344e-06	5.516755e-08
1.703576415913475e-06	4.246459e-08
1.705277131085675e-06	5.324620e-09
1.707162898571352e-06	-1.886006e-08
1.709420804815046e-06	-2.278875e-08
1.710943857805913e-06	-1.756057e-08
1.712801528284050e-06	-9.876330e-09
1.714986931160600e-06	-3.986634e-09
1.717904014381047e-06	-5.691689e-10
1.721673223233122e-06	7.022741e-10
1.726556035733122e-06	8.483940e-10
1.731438848233122e-06	2.657235e-10
1.731646367543432e-06	-2.052968e-10
1.732061406164054e-06	-5.017766e-07
1.732798360236752e-06	-9.456050e-06
1.733082867434335e-06	-3.870911e-05
1.733269319401966e-06	-1.051016e-04
1.733426953376349e-06	-2.177847e-04
1.733562462339825e-06	2.461328e-03
1.733678753240970e-06	1.316124e-02
1.733694133463694e-06	2.228286e-02
1.733724893909141e-06	6.190762e-02
1.733732584020503e-06	8.055536e-02
1.733747964243226e-06	1.531597e-01
1.733766453466386e-06	3.095164e-01
1.733784768724862e-06	5.406301e-01
1.733799793886427e-06	7.783852e-01
1.733814885171422e-06	1.068409e+00
1.733823023941440e-06	1.277502e+00
1.733829644372473e-06	1.495060e+00
1.733835045811615e-06	1.676371e+00
1.733837761674477e-06	1.738875e+00
1.733841758944458e-06	1.779330e+00
1.733844839895057e-06	1.790655e+00
1.733848674200953e-06	1.795304e+00
1.733853279210066e-06	1.797900e+00
1.733860654838547e-06	1.799168e+00
1.733867460155235e-06	1.799438e+00
1.733878270833498e-06	1.799715e+00
1.733891546590118e-06	1.799992e+00
1.733914472714606e-06	1.800161e+00
1.733941264469821e-06	1.800185e+00
1.733993524885790e-06	1.800180e+00
1.734085517170610e-06	1.800154e+00
1.734108515241815e-06	1.800156e+00
1.734114264759616e-06	1.800158e+00
1.734125763795219e-06	1.800156e+00
1.734154511384225e-06	1.800152e+00
1.734166010419828e-06	1.800150e+00
1.734189008491033e-06	1.800147e+00
1.734235004633443e-06	1.800140e+00
1.734326996918263e-06	1.800128e+00
1.734510981487904e-06	1.800108e+00
1.734878950627185e-06	1.800076e+00
1.734970942912005e-06	1.800070e+00
1.735154927481646e-06	1.800060e+00
1.735200923624056e-06	1.800057e+00
1.735292915908876e-06	1.800054e+00
1.735476900478517e-06	1.800046e+00
1.735534395656530e-06	1.800044e+00
1.735574642281138e-06	1.800043e+00
1.735635422897895e-06	1.800041e+00
1.735696203514651e-06	1.800039e+00
1.735756984131407e-06	1.800038e+00
1.735817764748163e-06	1.800036e+00
1.735878545364920e-06	1.800035e+00
1.735939325981676e-06	1.800033e+00
1.736000106598432e-06	1.800032e+00
1.736368075737713e-06	1.800025e+00
1.737104014016276e-06	1.800016e+00
1.738034879574948e-06	1.800010e+00
1.739645753139979e-06	1.800004e+00
1.741414270664691e-06	1.800001e+00
1.743847581380997e-06	1.800000e+00
1.746382338130027e-06	1.800000e+00
1.750505641316612e-06	1.800000e+00
1.755388453816612e-06	1.800000e+00
1.760023335959777e-06	1.800000e+00
1.760406503604425e-06	1.800000e+00
1.760789671249073e-06	1.800000e+00
1.761172838893720e-06	1.800000e+00
1.761556006538368e-06	1.800000e+00
1.761939174183016e-06	1.800000e+00
1.762322341827664e-06	1.800000e+00
1.762705509472311e-06	1.800000e+00
1.764185329341296e-06	1.800000e+00
1.766095196252941e-06	1.800000e+00
1.769914930076232e-06	1.800000e+00
1.774797742576232e-06	1.800000e+00
1.779680555076232e-06	1.800000e+00
1.784563367576232e-06	1.800000e+00
1.789446180076232e-06	1.800000e+00
1.794328992576232e-06	1.800000e+00
1.795117187600000e-06	1.800000e+00
1.797154504719704e-06	1.800000e+00
1.798770861240888e-06	1.800000e+00
1.800000000100000e-06	1.798802e+00
1.800003107328036e-06	1.799073e+00
1.800009321784107e-06	1.800784e+00
1.800010845332727e-06	1.800763e+00
1.800012724642095e-06	1.800339e+00
1.800015845520075e-06	1.800246e+00
1.800019131934944e-06	1.800220e+00
1.800025704764681e-06	1.800180e+00
1.800037902573872e-06	1.800125e+00
1.800050088600603e-06	1.800089e+00
1.800067950185514e-06	1.800057e+00
1.800090345138596e-06	1.800034e+00
1.800135135044759e-06	1.800014e+00
1.800224714857087e-06	1.800002e+00
1.800388055527045e-06	1.800000e+00
1.800564206595248e-06	1.800000e+00
1.800797101904226e-06	1.800000e+00
1.801083921456062e-06	1.800000e+00
1.801567129682788e-06	1.800000e+00
1.802336033933871e-06	1.800000e+00
1.803299917321502e-06	1.800000e+00
1.804395345537095e-06	1.800000e+00
1.805745666588975e-06	1.800000e+00
1.806930673758122e-06	1.800000e+00
1.808031751745108e-06	1.800000e+00
1.809338953308685e-06	1.800000e+00
1.810776427912462e-06	1.800000e+00
1.810991757782404e-06	1.800000e+00
1.811422417522287e-06	1.800000e+00
1.811841826252098e-06	1.800000e+00
1.812400834898977e-06	1.800000e+00
1.812898419166761e-06	1.800000e+00
1.813269304064031e-06	1.800000e+00
1.813705066600745e-06	1.800000e+00
1.814303845695846e-06	1.800000e+00
1.815033972148184e-06	1.800000e+00
1.815736158201346e-06	1.800000e+00
1.816680866471080e-06	1.800000e+00
1.817863225675763e-06	1.800000e+00
1.819847759482985e-06	1.800000e+00
1.823103997222468e-06	1.800000e+00
1.826511611044284e-06	1.800000e+00
1.831394423544284e-06	1.800000e+00
1.836277236044284e-06	1.800000e+00
1.841160048544284e-06	1.800000e+00
1.845117187500000e-06	1.800000e+00
1.850000000000000e-06	1.800000e+00
1.850001192092896e-06	1.800000e+00
1.850003576278687e-06	1.800000e+00
1.850004172435403e-06	1.800000e+00
1.850004888960798e-06	1.800000e+00
1.850006322011589e-06	1.800000e+00
1.850007873079085e-06	1.800000e+00
1.850010975214078e-06	1.800000e+00
1.850017179484063e-06	1.800000e+00
1.850025618085272e-06	1.800000e+00
1.850035695003659e-06	1.800000e+00
1.850049140191406e-06	1.800000e+00
1.850070295118558e-06	1.800000e+00
1.850111764412401e-06	1.800000e+00
1.850194703000087e-06	1.800000e+00
1.850315851386839e-06	1.800000e+00
1.850445052081676e-06	1.800000e+00
1.850616032234392e-06	1.800000e+00
1.850822422456581e-06	1.800000e+00
1.851062032888939e-06	1.800000e+00
1.851259497849918e-06	1.800000e+00
1.851456966429013e-06	1.800000e+00
1.851678885121811e-06	1.800000e+00
1.851993670485083e-06	1.800000e+00
1.852263603909257e-06	1.800000e+00
1.852563643689002e-06	1.800000e+00
1.852869131196183e-06	1.800000e+00
1.853261519488271e-06	1.800000e+00
1.853607075701174e-06	1.800000e+00
1.853971772279687e-06	1.800000e+00
1.854363672819094e-06	1.800000e+00
1.854863936952761e-06	1.800000e+00
1.855375275838774e-06	1.800000e+00
1.855937453792870e-06	1.800000e+00
1.856534191794144e-06	1.800000e+00
1.857147564209813e-06	1.800000e+00
1.857931958568984e-06	1.800000e+00
1.858673033984960e-06	1.800000e+00
1.859561853355465e-06	1.800000e+00
1.860599885678088e-06	1.800000e+00
1.861623524081275e-06	1.800000e+00
1.862923240211252e-06	1.800000e+00
1.864452878951666e-06	1.800000e+00
1.866173633322882e-06	1.800000e+00
1.868349188263393e-06	1.800000e+00
1.871005795598195e-06	1.800000e+00
1.874217057746724e-06	1.800000e+00
1.878803309495693e-06	1.800000e+00
1.883686121995693e-06	1.800000e+00
1.888568934495693e-06	1.800000e+00
1.893451746995693e-06	1.800000e+00
1.898334559495693e-06	1.800000e+00
1.903217371995693e-06	1.800000e+00
1.908100184495693e-06	1.800000e+00
1.912982996995693e-06	1.800000e+00
1.917865809495692e-06	1.800000e+00
1.922748621995692e-06	1.800000e+00
1.927631434495692e-06	1.800000e+00
1.945117187500000e-06	1.800000e+00
1.950000000000000e-06	1.800000e+00
1.950011862213669e-06	1.800000e+00
1.950035586641008e-06	1.800000e+00
1.950041475183654e-06	1.800000e+00
1.950048684447617e-06	1.800000e+00
1.950056888991948e-06	1.800000e+00
1.950073298080608e-06	1.800000e+00
1.950092833767292e-06	1.800000e+00
1.950128866892716e-06	1.800000e+00
1.950186729052693e-06	1.800000e+00
1.950302453372645e-06	1.800000e+00
1.950468286450460e-06	1.800000e+00
1.950664288176472e-06	1.800000e+00
1.950862763782266e-06	1.800000e+00
1.951109064907473e-06	1.800000e+00
1.951416512918074e-06	1.800000e+00
1.951759051736689e-06	1.800000e+00
1.952276232012615e-06	1.800000e+00
1.953060597055831e-06	1.800000e+00
1.954071774462416e-06	1.800000e+00
1.955141213376820e-06	1.800000e+00
1.956621049404235e-06	1.800000e+00
1.957528617312982e-06	1.800000e+00
1.958309366710274e-06	1.800000e+00
1.959270410458064e-06	1.800000e+00
1.960267546451025e-06	1.800000e+00
1.960734266198702e-06	1.800000e+00
1.961128704632092e-06	1.800000e+00
1.961478319617123e-06	1.800000e+00
1.961927567044282e-06	1.800000e+00
1.962235169921253e-06	1.800000e+00
1.962537491473277e-06	1.800000e+00
1.962873526088054e-06	1.800000e+00
1.963376418809267e-06	1.800000e+00
1.963952324504385e-06	1.800000e+00
1.964558332031876e-06	1.800000e+00
1.965336569896841e-06	1.800000e+00
1.966327738551264e-06	1.800000e+00
1.967652363275252e-06	1.800000e+00
1.969584340371201e-06	1.800000e+00
1.971712362769355e-06	1.800000e+00
1.974228321269377e-06	1.800000e+00
1.978017438876456e-06	1.800000e+00
1.982900251376456e-06	1.800000e+00
1.987783063876455e-06	1.800000e+00
1.992665876376455e-06	1.800000e+00
1.997548688876455e-06	1.800000e+00
2.002431501376455e-06	1.800000e+00
2.045117187600000e-06	1.800000e+00
2.050000000100000e-06	1.800000e+00
2.054882812600000e-06	1.800000e+00
2.055117187600001e-06	1.800000e+00
2.055585937600002e-06	1.800000e+00
2.056523437600005e-06	1.800000e+00
2.058125000099995e-06	1.800000e+00
2.060000000100000e-06	1.800000e+00
2.060005202959920e-06	1.800000e+00
2.060015608679759e-06	1.800000e+00
2.060018144698440e-06	1.800000e+00
2.060021266947364e-06	1.800000e+00
2.060027511445211e-06	1.800000e+00
2.060034663884794e-06	1.800000e+00
2.060048968763959e-06	1.800000e+00
2.060075329048746e-06	1.800000e+00
2.060104601658357e-06	1.800000e+00
2.060163146877578e-06	1.800000e+00
2.060280237316021e-06	1.800000e+00
2.060492343965443e-06	1.800000e+00
2.060827361205440e-06	1.800000e+00
2.061340580137374e-06	1.800000e+00
2.061902782109717e-06	1.800000e+00
2.062919140630131e-06	1.800000e+00
2.064283471647176e-06	1.800000e+00
2.065715242410003e-06	1.800000e+00
2.067857265978105e-06	1.800000e+00
2.071292703100695e-06	1.800000e+00
2.075841359146540e-06	1.800000e+00
2.080724171646540e-06	1.800000e+00
2.085606984146540e-06	1.800000e+00
2.188146046646535e-06	1.800000e+00
2.193028859146535e-06	1.800000e+00
2.195117187500000e-06	1.800000e+00
2.195823343293070e-06	1.800000e+00
2.197235654879209e-06	1.800000e+00
2.200000000000000e-06	1.797179e+00
2.200006952455843e-06	1.798191e+00
2.200020857367527e-06	1.803259e+00
2.200024281444744e-06	1.801941e+00
2.200028418528045e-06	1.799208e+00
2.200032602881396e-06	1.799423e+00
2.200037272772285e-06	1.799814e+00
2.200043541002870e-06	1.799784e+00
2.200051605613542e-06	1.799932e+00
2.200064382291502e-06	1.799937e+00
2.200084212671633e-06	1.799984e+00
2.200110400449921e-06	1.800114e+00
2.200114745627530e-06	1.800041e+00
2.200115831921932e-06	1.800011e+00
2.200118004510737e-06	1.799994e+00
2.200118547657938e-06	1.799994e+00
2.200119633952340e-06	1.799995e+00
2.200121806541145e-06	1.799996e+00
2.200126151718754e-06	1.799996e+00
2.200134842073973e-06	1.799997e+00
2.200152222784410e-06	1.799999e+00
2.200186984205284e-06	1.800002e+00
2.200256507047033e-06	1.800005e+00
2.200359313721838e-06	1.800007e+00
2.200478502675383e-06	1.800008e+00
2.200614879206354e-06	1.800008e+00
2.200796338420377e-06	1.800007e+00
2.201071354547245e-06	1.800006e+00
2.201555455193351e-06	1.800005e+00
2.202523656485563e-06	1.800003e+00
2.204460059069987e-06	1.800001e+00
2.206381662863993e-06	1.800001e+00
2.208159507042096e-06	1.800001e+00
2.208367822375407e-06	1.800001e+00
2.208784453042029e-06	1.800001e+00
2.209617714375274e-06	1.800004e+00
2.209780890876507e-06	1.800009e+00
2.210053167457539e-06	1.800053e+00
2.210205657697256e-06	1.799535e+00
2.210325012035613e-06	1.790143e+00
2.210411049168172e-06	1.753028e+00
2.210472534052093e-06	1.691860e+00
2.210530321011487e-06	1.615867e+00
2.210591381769522e-06	1.515238e+00
2.210614938668375e-06	1.430768e+00
2.210637972935408e-06	1.253488e+00
2.210656225676733e-06	9.894427e-01
2.210673459365531e-06	6.016898e-01
2.210686608240980e-06	2.542882e-01
2.210694097117114e-06	1.011743e-01
2.210702326124077e-06	2.521946e-02
2.210710938499281e-06	4.892601e-03
2.210720046827580e-06	1.980616e-03
2.210730394956890e-06	1.270401e-03
2.210751091215510e-06	7.140236e-04
2.210782499427701e-06	4.204118e-04
2.210818413532996e-06	3.038697e-04
2.210859565910931e-06	2.390979e-04
2.210941870666802e-06	1.739010e-04
2.211050313362585e-06	1.089310e-04
2.211125742599896e-06	5.248119e-05
2.211210928553884e-06	-1.891787e-06
2.211287215897334e-06	-1.332413e-05
2.211368477672902e-06	-1.044207e-05
2.211450162621863e-06	-9.756835e-06
2.211613532519784e-06	-7.815689e-06
2.211937172946152e-06	-5.028700e-06
2.212351024163657e-06	-2.769829e-06
2.212749378298757e-06	-1.176854e-05
2.212793025600824e-06	-8.999678e-06
2.212880320204957e-06	-1.194331e-06
2.212902143855991e-06	-1.169223e-06
2.212945791158057e-06	-1.140737e-06
2.212956702983574e-06	-1.124356e-06
2.212978526634607e-06	-1.095903e-06
2.212994894372882e-06	-1.071702e-06
2.213006195906453e-06	-1.055507e-06
2.213017497440024e-06	-1.039572e-06
2.213028798973595e-06	-1.023897e-06
2.213040100507166e-06	-1.008481e-06
2.213051402040736e-06	-9.933242e-07
2.213062703574307e-06	-9.784273e-07
2.213074005107878e-06	-9.637898e-07
2.213117652409945e-06	-9.101394e-07
2.213204947014079e-06	-8.135695e-07
2.213379536222345e-06	-6.550057e-07
2.213728714638880e-06	-4.215916e-07
2.214134653507612e-06	-2.487641e-07
2.214751748805435e-06	-1.134163e-07
2.215733591544933e-06	-2.708873e-08
2.217537766661952e-06	1.363736e-08
2.219814118037937e-06	1.695817e-08
2.223997890672512e-06	5.796710e-09
2.228880703172512e-06	-8.037308e-10
2.233763515672512e-06	-1.006275e-09
2.238646328172512e-06	-2.608667e-10
2.243529140672512e-06	6.674029e-11
2.248411953172511e-06	3.831040e-10
2.253294765672511e-06	5.639645e-10
2.258177578172511e-06	7.067674e-10
2.263060390672511e-06	7.980899e-10
2.267943203172511e-06	8.637475e-10
2.272826015672510e-06	9.080663e-10
2.277708828172510e-06	9.385472e-10
2.282591640672510e-06	9.596447e-10
2.287474453172510e-06	9.738721e-10
2.295117187600000e-06	9.882216e-10
2.300000000100000e-06	-1.513530e-05
2.300014313636812e-06	-3.086020e-06
2.300042940710436e-06	3.593512e-06
2.300049863456458e-06	-1.012166e-05
2.300058584612786e-06	-1.358221e-05
2.300076026925441e-06	6.721803e-07
2.300097205966138e-06	-1.410753e-06
2.300139564047532e-06	5.045094e-09
2.300180304144426e-06	-3.849650e-07
2.300245552326059e-06	6.152702e-09
2.300308794049022e-06	-2.261960e-07
2.300419331997426e-06	5.949190e-08
2.300556930945432e-06	-9.050953e-08
2.300796347162741e-06	9.770211e-09
2.301052152415294e-06	-2.321703e-08
2.301379138830863e-06	2.675189e-08
2.301849639417951e-06	-1.230144e-08
2.302461295314957e-06	1.084149e-08
2.303248382428700e-06	-9.875171e-09
2.304413814011240e-06	8.381429e-09
2.306140624248116e-06	-1.810483e-09
2.308267158331668e-06	4.234293e-09
2.311139600213468e-06	1.403187e-09
2.313900421662049e-06	3.792024e-09
2.317799081991789e-06	2.219519e-10
2.322247674788379e-06	1.565666e-09
2.327130487288379e-06	1.042963e-09
2.336896112288378e-06	1.042736e-09
2.345117187500001e-06	-1.392931e-09
2.350000000000000e-06	-5.344734e-06
2.350009536743164e-06	-3.618292e-06
2.350028610229493e-06	2.282716e-07
2.350033382886863e-06	1.377574e-07
2.350039018021349e-06	-4.282874e-08
2.350048723108957e-06	7.774715e-09
2.350061148065572e-06	-3.406882e-09
2.350083572900907e-06	2.380883e-09
2.350118279671635e-06	3.630279e-10
2.350170191609853e-06	1.360960e-09
2.350245442509537e-06	7.896723e-10
2.350354883649894e-06	1.155608e-09
2.350520192146830e-06	9.301895e-10
2.350746050621646e-06	1.066312e-09
2.351073350448534e-06	9.716818e-10
2.351509296200734e-06	1.017923e-09
2.352010275389896e-06	9.932676e-10
2.352590466787810e-06	1.001922e-09
2.353143109794460e-06	1.012555e-09
2.353643258388929e-06	1.014790e-09
2.354207469471656e-06	1.002518e-09
2.354791034247311e-06	1.018055e-09
2.355508616281915e-06	1.007408e-09
2.356194477439930e-06	1.007987e-09
2.356914038547129e-06	9.928954e-10
2.357842247953319e-06	1.008077e-09
2.358837902492502e-06	1.008350e-09
2.359754260376734e-06	1.010252e-09
2.360796610873595e-06	1.000594e-09
2.361984864211825e-06	1.010219e-09
2.363396520039242e-06	1.002484e-09
2.364961878771651e-06	1.012071e-09
2.367163691761669e-06	1.005954e-09
2.369261831820130e-06	1.013330e-09
2.373155006103499e-06	1.003419e-09
2.377900451969213e-06	1.005363e-09
2.382783264469213e-06	1.005134e-09
2.387666076969213e-06	1.005143e-09
2.392548889469212e-06	1.005134e-09
2.397431701969212e-06	1.005142e-09
2.402314514469212e-06	1.005134e-09
2.407197326969212e-06	1.005142e-09
2.412080139469212e-06	1.005134e-09
2.416962951969211e-06	1.005142e-09
2.421845764469211e-06	1.005134e-09
2.426728576969211e-06	1.005142e-09
2.431611389469211e-06	1.005134e-09
2.436494201969211e-06	1.005142e-09
2.441377014469210e-06	1.007420e-09
2.445117187500000e-06	1.007429e-09
2.450000000000000e-06	8.349398e-09
2.450013502862703e-06	5.946248e-09
2.450040508588107e-06	7.691689e-10
2.450047100690519e-06	8.662440e-10
2.450055363645561e-06	1.032471e-09
2.450066700962841e-06	9.826898e-10
2.450083807324045e-06	1.017911e-09
2.450118020046454e-06	1.009846e-09
2.450162407799167e-06	1.011368e-09
2.450212062521491e-06	1.007622e-09
2.450280835111134e-06	1.007979e-09
2.450376906747389e-06	1.005645e-09
2.450518593224780e-06	1.005934e-09
2.450730287533841e-06	1.005092e-09
2.450999874216706e-06	1.005235e-09
2.451370606004382e-06	1.004987e-09
2.451763112310512e-06	1.005120e-09
2.452328071460165e-06	1.005030e-09
2.452973191288072e-06	1.005144e-09
2.453760072630889e-06	1.005087e-09
2.454882119251903e-06	1.005149e-09
2.455917253735954e-06	1.005135e-09
2.457081321361082e-06	1.005150e-09
2.458447286459182e-06	1.005122e-09
2.460015173193178e-06	1.005139e-09
2.461569259283523e-06	1.005097e-09
2.464677431464211e-06	1.005142e-09
2.468120793706526e-06	1.005127e-09
2.473003606206526e-06	1.005138e-09
2.477886418706526e-06	1.005138e-09
2.482769231206525e-06	1.005138e-09
2.487652043706525e-06	1.005138e-09
2.497417668706525e-06	1.005138e-09
2.502300481206525e-06	1.005138e-09
2.507183293706524e-06	1.005138e-09
2.512066106206524e-06	1.005138e-09
2.545117187600000e-06	1.005130e-09
2.550000000100000e-06	1.005138e-09
2.554882812600000e-06	1.005653e-09
2.555117187600001e-06	1.005411e-09
2.555585937600002e-06	1.005005e-09
2.556523437600005e-06	1.005191e-09
2.558125000099995e-06	1.005127e-09
2.560000000100000e-06	8.625247e-10
2.560005035216795e-06	8.646379e-10
2.560015105450384e-06	1.019511e-09
2.560017570654471e-06	1.102713e-09
2.560020557996995e-06	1.154845e-09
2.560026532682041e-06	1.119559e-09
2.560031957875266e-06	1.080720e-09
2.560042808261716e-06	1.038477e-09
2.560062254654659e-06	1.009597e-09
2.560086932599424e-06	1.003533e-09
2.560136288488956e-06	1.004589e-09
2.560235000268019e-06	1.005179e-09
2.560432423826145e-06	1.005151e-09
2.560752556487625e-06	1.005152e-09
2.561246321693400e-06	1.005136e-09
2.562093013864119e-06	1.005135e-09
2.563299327482200e-06	1.005134e-09
2.564583668841657e-06	1.005137e-09
2.566454063569339e-06	1.005137e-09
2.568812630270150e-06	1.005138e-09
2.572384539353410e-06	1.005138e-09
2.577267351853410e-06	1.005138e-09
2.582150164353409e-06	1.005138e-09
2.587032976853409e-06	1.005138e-09
2.689572039353405e-06	1.005138e-09
2.694454851853405e-06	1.005135e-09
2.695117187500001e-06	1.005136e-09
2.696441858793192e-06	1.005137e-09
2.697350657413617e-06	1.005138e-09
2.698182402759151e-06	1.005126e-09
2.698336509308933e-06	1.005131e-09
2.698644722408496e-06	1.005142e-09
2.699261148607623e-06	1.005138e-09
2.700000000000000e-06	1.138455e-04
2.700002199203646e-06	7.763419e-05
2.700006597610937e-06	-9.737865e-05
2.700007659624499e-06	-7.108767e-05
2.700009008492753e-06	2.118904e-06
2.700011706229260e-06	2.073092e-05
2.700017101702273e-06	2.041825e-05
2.700027892648300e-06	9.862321e-06
2.700043717101551e-06	2.351620e-06
2.700061452510466e-06	1.748885e-07
2.700090731285832e-06	-2.977037e-07
2.700134833395671e-06	-3.308313e-07
2.700211501675018e-06	-4.131994e-07
2.700329886427339e-06	-5.011735e-07
2.700566655931981e-06	-4.351612e-07
2.700851312178365e-06	-2.924790e-07
2.701314596352161e-06	-1.336264e-07
2.702042475131974e-06	-2.113437e-08
2.703498232691599e-06	3.024356e-08
2.705777943835285e-06	1.482994e-08
2.709302769916673e-06	-1.096400e-08
2.712862145780437e-06	-1.594858e-08
2.717744958280437e-06	-1.543432e-08
2.722627770780437e-06	-1.276788e-08
2.727510583280437e-06	-9.278734e-09
2.732393395780436e-06	-6.427484e-09
2.737276208280436e-06	-4.180468e-09
2.742159020780436e-06	-2.593838e-09
2.747041833280436e-06	-1.452072e-09
2.751924645780436e-06	-6.733414e-10
2.756807458280435e-06	-1.289093e-10
2.761690270780435e-06	2.373497e-10
2.766573083280435e-06	4.882628e-10
2.771455895780435e-06	6.562555e-10
2.776338708280435e-06	7.716414e-10
2.781221520780434e-06	8.484715e-10
2.786104333280434e-06	9.001866e-10
2.790987145780434e-06	9.314827e-10
2.795117187600001e-06	9.514907e-10
2.800000000100001e-06	-2.940001e-05
2.800009536843165e-06	-8.626555e-06
2.800028610329493e-06	2.841270e-05
2.800033397739877e-06	1.224652e-06
2.800039105929618e-06	-1.997913e-05
2.800050522309099e-06	-1.116212e-06
2.800065041212282e-06	-1.276442e-06
2.800094079018648e-06	-4.267704e-08
2.800124946085694e-06	-1.781837e-07
2.800166265726581e-06	4.093273e-09
2.800205872560659e-06	-9.493117e-08
2.800261945622202e-06	2.166205e-08
2.800322401354275e-06	-5.443307e-08
2.800413511367404e-06	1.986449e-08
2.800524174612685e-06	-3.690582e-08
2.800745501103247e-06	5.067295e-10
2.800961094563954e-06	-5.314767e-09
2.801219671394489e-06	2.364031e-09
2.801488014386766e-06	-9.017145e-09
2.801904787523152e-06	6.298784e-09
2.802497633847380e-06	-4.409224e-09
2.803557619452672e-06	2.677230e-09
2.804959313212839e-06	-1.555653e-09
2.807762700733171e-06	7.507435e-10
2.810306554767300e-06	6.256582e-10
2.813248887925452e-06	1.034234e-09
2.816220297155466e-06	2.545216e-10
2.820553148406862e-06	8.585124e-10
2.824520910956677e-06	6.721386e-10
2.829403723456677e-06	1.009084e-09
2.834286535956676e-06	1.007493e-09
2.839169348456676e-06	1.009028e-09
2.844052160956676e-06	6.171502e-09
2.847247240586651e-06	2.549762e-10
2.850000000000001e-06	-1.982952e-06
2.850001192092896e-06	-1.565804e-06
2.850003576278687e-06	-2.008625e-07
2.850004172689471e-06	-5.638617e-08
2.850004890781373e-06	-3.431212e-08
2.850006326965176e-06	-1.301654e-08
2.850008175909076e-06	-3.128449e-09
2.850011873796875e-06	3.356193e-10
2.850018039984266e-06	7.251748e-10
2.850024833934667e-06	7.370184e-10
2.850034651548404e-06	9.133662e-10
2.850048680767382e-06	1.050580e-09
2.850069498723275e-06	1.094482e-09
2.850092531583775e-06	1.064979e-09
2.850128052946941e-06	1.031760e-09
2.850176226572097e-06	1.016300e-09
2.850256042227332e-06	1.009880e-09
2.850361793021083e-06	1.007170e-09
2.850518966653530e-06	1.006160e-09
2.850708396523340e-06	1.005566e-09
2.850940965772494e-06	1.005064e-09
2.851184343645639e-06	1.004653e-09
2.851493420732050e-06	1.004584e-09
2.851996506986674e-06	1.004796e-09
2.852526284697257e-06	1.004991e-09
2.853083370443426e-06	1.005108e-09
2.853728060386421e-06	1.005242e-09
2.854369326346495e-06	1.005258e-09
2.855060704415777e-06	1.005184e-09
2.855647897799205e-06	1.005101e-09
2.856291821893515e-06	1.005061e-09
2.856880912013430e-06	1.005083e-09
2.857549022232744e-06	1.005140e-09
2.858390999309380e-06	1.005175e-09
2.859187621599264e-06	1.005167e-09
2.860289109454427e-06	1.005126e-09
2.861318770464045e-06	1.005126e-09
2.862654058507105e-06	1.005144e-09
2.863945705799136e-06	1.005147e-09
2.865596668491336e-06	1.005134e-09
2.867413246488458e-06	1.005138e-09
2.869874358941458e-06	1.005140e-09
2.872417228327969e-06	1.005139e-09
2.876012948603985e-06	1.005137e-09
2.880189309442762e-06	1.005139e-09
2.885072121942761e-06	1.005138e-09
2.889954934442761e-06	1.005138e-09
2.894837746942761e-06	1.005138e-09
2.899720559442761e-06	1.005138e-09
2.904603371942761e-06	1.005138e-09
2.909486184442760e-06	1.005138e-09
2.914368996942760e-06	1.005138e-09
2.919251809442760e-06	1.005138e-09
2.924134621942760e-06	1.005138e-09
2.929017434442760e-06	1.005138e-09
2.933900246942759e-06	1.005138e-09
2.938783059442759e-06	1.005138e-09
2.943665871942759e-06	1.005145e-09
2.945117187500001e-06	1.005141e-09
2.947097368885517e-06	1.005136e-09
2.950000000000001e-06	9.965434e-10
2.950008820116281e-06	9.897668e-10
2.950026460348842e-06	9.577119e-10
2.950030715125989e-06	9.489465e-10
2.950036139502313e-06	9.441680e-10
2.950046687795265e-06	9.551677e-10
2.950059389440746e-06	9.784551e-10
2.950084792731708e-06	1.011415e-09
2.950117130739436e-06	1.022705e-09
2.950159188502651e-06	1.018302e-09
2.950210826100712e-06	1.012752e-09
2.950285731050733e-06	1.009087e-09
2.950369533617804e-06	1.007237e-09
2.950488051714559e-06	1.006169e-09
2.950637271712934e-06	1.005595e-09
2.950832034572638e-06	1.005265e-09
2.951070043954203e-06	1.005036e-09
2.951387833760270e-06	1.004901e-09
2.951824093239445e-06	1.004907e-09
2.952396854047654e-06	1.005015e-09
2.952944735294984e-06	1.005088e-09
2.953504388574891e-06	1.005132e-09
2.954099066720442e-06	1.005159e-09
2.954881433367809e-06	1.005161e-09
2.955812247451137e-06	1.005143e-09
2.956818126685626e-06	1.005131e-09
2.958172433660099e-06	1.005135e-09
2.959647613270538e-06	1.005143e-09
2.960953865922253e-06	1.005140e-09
2.962344638118676e-06	1.005137e-09
2.963596572133174e-06	1.005137e-09
2.965422186860521e-06	1.005138e-09
2.967098411334302e-06	1.005138e-09
2.970450860281864e-06	1.005138e-09
2.975333672781864e-06	1.005138e-09
2.980216485281864e-06	1.005138e-09
2.985099297781864e-06	1.005138e-09
2.993963929593558e-06	1.005138e-09
3.002828561405252e-06	1.005138e-09
3.011693193216946e-06	1.005138e-09
3.020557825028640e-06	1.005138e-09
3.029422456840334e-06	1.005138e-09
3.038287088652028e-06	1.005138e-09
3.047151720463722e-06	1.005138e-09
3.050000000100000e-06	1.005138e-09
3.054882812600000e-06	1.005143e-09
3.055117187600001e-06	1.005141e-09
3.055585937600002e-06	1.005137e-09
3.056523437600005e-06	1.005137e-09
3.058125000099995e-06	1.005139e-09
3.060000000100001e-06	9.010296e-10
3.060004753920633e-06	8.885429e-10
3.060014261561897e-06	9.767775e-10
3.060016607141305e-06	1.051326e-09
3.060019373659360e-06	1.113726e-09
3.060023219672833e-06	1.113458e-09
3.060027296429116e-06	1.092337e-09
3.060034304573309e-06	1.061294e-09
3.060043963151086e-06	1.033837e-09
3.060062461805396e-06	1.013333e-09
3.060099459114017e-06	1.005524e-09
3.060158136320744e-06	1.005493e-09
3.060275490734198e-06	1.005562e-09
3.060510199561106e-06	1.005256e-09
3.060870282168749e-06	1.005164e-09
3.061327074811793e-06	1.005132e-09
3.062068380633304e-06	1.005132e-09
3.063012151979726e-06	1.005131e-09
3.064134162289133e-06	1.005135e-09
3.065779691398625e-06	1.005135e-09
3.068502522496212e-06	1.005138e-09
3.072808567771787e-06	1.005138e-09
3.077691380271786e-06	1.005138e-09
3.082574192771786e-06	1.005138e-09
3.092339817771786e-06	1.005138e-09
3.097222630271786e-06	1.005138e-09
3.102105442771785e-06	1.005138e-09
3.106988255271785e-06	1.005138e-09
3.118846514200356e-06	1.005138e-09
3.130704773128927e-06	1.005138e-09
3.142563032057498e-06	1.005138e-09
3.154421290986069e-06	1.005138e-09
3.166279549914640e-06	1.005138e-09
3.178137808843211e-06	1.005138e-09
3.189996067771782e-06	1.005138e-09
3.194878880271782e-06	1.005129e-09
3.195117187500001e-06	1.005133e-09
3.195593801956439e-06	1.005140e-09
3.196547030869316e-06	1.005137e-09
3.198093542174247e-06	1.005138e-09
3.200000000000001e-06	6.105254e-05
3.200004828623789e-06	4.761657e-05
3.200014485871367e-06	9.768076e-06
3.200016869692090e-06	3.041755e-05
3.200019801885795e-06	4.728301e-05
3.200025666273207e-06	1.811575e-05
3.200035650815354e-06	3.943941e-06
3.200050015609463e-06	-3.069510e-06
3.200064548385789e-06	-3.342198e-06
3.200085908684177e-06	-2.437476e-06
3.200115450033114e-06	-1.354400e-06
3.200174532730988e-06	-1.076977e-06
3.200292698126737e-06	-8.274189e-07
3.200529028918235e-06	-6.169417e-07
3.200869746101213e-06	-2.308969e-06
3.200930497288487e-06	-1.843521e-06
3.201051999663036e-06	-2.172383e-07
3.201295004412135e-06	-1.462203e-07
3.201302598310544e-06	-1.348675e-07
3.201317786107362e-06	-1.048406e-07
3.201321583056567e-06	-1.009277e-07
3.201344364751795e-06	-7.506709e-08
3.201374740345432e-06	-5.105932e-08
3.201435491532707e-06	-2.921257e-08
3.201556993907256e-06	-1.035088e-08
3.201788392240511e-06	9.915852e-09
3.202251188907020e-06	2.800634e-08
3.202977958094899e-06	3.153939e-08
3.204015448514425e-06	2.027655e-08
3.206090429353477e-06	-5.056615e-09
3.207807210624244e-06	-1.774196e-08
3.210062975710010e-06	-1.992729e-08
3.212076845612277e-06	-1.340171e-08
3.213841866168423e-06	-6.724195e-09
3.215132768854048e-06	-1.223228e-08
3.215265538924018e-06	-7.191133e-08
3.215531079063959e-06	-1.308118e-06
3.215924407105903e-06	-8.694108e-06
3.216091346755271e-06	-2.004189e-05
3.216211612183577e-06	-4.390234e-05
3.216311778047951e-06	-8.853867e-05
3.216436051210193e-06	-1.836402e-04
3.216564027905853e-06	-1.908287e-04
3.216667344822157e-06	1.213133e-02
3.216753800748941e-06	4.896491e-02
3.216761254064740e-06	6.021667e-02
3.216776160696338e-06	1.123457e-01
3.216793190717923e-06	2.089835e-01
3.216796052057451e-06	2.343720e-01
3.216801774736508e-06	3.046814e-01
3.216813220094621e-06	4.713675e-01
3.216825273968607e-06	6.662932e-01
3.216838189819025e-06	8.877670e-01
3.216840962525884e-06	9.392534e-01
3.216846507939602e-06	1.053850e+00
3.216851813968168e-06	1.179863e+00
3.216856585344007e-06	1.319311e+00
3.216862172474655e-06	1.512792e+00
3.216866558362460e-06	1.665065e+00
3.216869168915991e-06	1.730050e+00
3.216872792025680e-06	1.773841e+00
3.216875919434939e-06	1.788432e+00
3.216879686874071e-06	1.794362e+00
3.216883927138474e-06	1.797399e+00
3.216890105222124e-06	1.798957e+00
3.216897645691809e-06	1.799388e+00
3.216906734230131e-06	1.799620e+00
3.216919223261155e-06	1.799922e+00
3.216938565088679e-06	1.800136e+00
3.216963598453720e-06	1.800184e+00
3.217006352335170e-06	1.800182e+00
3.217091860098071e-06	1.800167e+00
3.217256976064859e-06	1.800140e+00
3.217459128517899e-06	1.800115e+00
3.217688056163978e-06	1.800093e+00
3.217956792994398e-06	1.800075e+00
3.218303486357344e-06	1.800058e+00
3.218625502382451e-06	1.800036e+00
3.218661321239917e-06	1.800038e+00
3.218732958954851e-06	1.800046e+00
3.218750868383585e-06	1.800046e+00
3.218755345740768e-06	1.800045e+00
3.218764300455135e-06	1.800045e+00
3.218782209883868e-06	1.800045e+00
3.218786687241052e-06	1.800045e+00
3.218802357991194e-06	1.800044e+00
3.218811312705561e-06	1.800044e+00
3.218829222134294e-06	1.800044e+00
3.218865040991761e-06	1.800042e+00
3.218936678706695e-06	1.800039e+00
3.219079954136563e-06	1.800034e+00
3.219366504996299e-06	1.800027e+00
3.219872548981368e-06	1.800020e+00
3.220499870706681e-06	1.800014e+00
3.221691672200348e-06	1.800008e+00
3.224040130377188e-06	1.800002e+00
3.226421170463726e-06	1.800001e+00
3.229963327699161e-06	1.800000e+00
3.234436283327079e-06	1.800000e+00
3.239319095827079e-06	1.800000e+00
3.244201908327079e-06	1.800000e+00
3.249084720827079e-06	1.800000e+00
3.253967533327078e-06	1.800000e+00
3.258850345827078e-06	1.800000e+00
3.263733158327078e-06	1.800000e+00
3.268615970827078e-06	1.800000e+00
3.273498783327078e-06	1.800000e+00
3.278381595827077e-06	1.800000e+00
3.283264408327077e-06	1.800000e+00
3.288147220827077e-06	1.800000e+00
3.293030033327077e-06	1.800000e+00
3.295825691554153e-06	1.800000e+00
3.297242699462457e-06	1.800000e+00
3.300000000100000e-06	1.799430e+00
3.300006904231701e-06	1.799635e+00
3.300020712495101e-06	1.800475e+00
3.300024110589273e-06	1.800352e+00
3.300028197569372e-06	1.800113e+00
3.300033368731593e-06	1.800134e+00
3.300039083969268e-06	1.800102e+00
3.300050514444617e-06	1.800080e+00
3.300065935681978e-06	1.800054e+00
3.300096778156701e-06	1.800027e+00
3.300134839011963e-06	1.800011e+00
3.300210960722488e-06	1.800003e+00
3.300363204143538e-06	1.800000e+00
3.300572938741668e-06	1.800000e+00
3.300799857996972e-06	1.800000e+00
3.301084932882379e-06	1.800000e+00
3.301456659095549e-06	1.800000e+00
3.302005690018259e-06	1.800000e+00
3.302860977277159e-06	1.800000e+00
3.303993493027472e-06	1.800000e+00
3.305242435527149e-06	1.800000e+00
3.306929738559851e-06	1.800000e+00
3.307790711852722e-06	1.800000e+00
3.308876530610519e-06	1.800000e+00
3.309359893022668e-06	1.800000e+00
3.310101226251595e-06	1.800000e+00
3.310856108273983e-06	1.800000e+00
3.311695949897662e-06	1.800000e+00
3.312865349110440e-06	1.800000e+00
3.314141423762703e-06	1.800000e+00
3.316693573067229e-06	1.800000e+00
3.319997004824968e-06	1.800000e+00
3.324879817324968e-06	1.800000e+00
3.329762629824967e-06	1.800000e+00
3.334645442324967e-06	1.800000e+00
3.339528254824967e-06	1.800000e+00
3.344411067324967e-06	1.800000e+00
3.345117187500001e-06	1.800000e+00
3.347175519299864e-06	1.800000e+00
3.348467702199452e-06	1.800000e+00
3.350000000000001e-06	1.799996e+00
3.350003907099674e-06	1.799998e+00
3.350011721299019e-06	1.800000e+00
3.350013645665216e-06	1.800000e+00
3.350015948528274e-06	1.800000e+00
3.350019142527986e-06	1.800000e+00
3.350022564507977e-06	1.800000e+00
3.350029408467961e-06	1.800000e+00
3.350040198002182e-06	1.800000e+00
3.350061514046459e-06	1.800000e+00
3.350091209295728e-06	1.800000e+00
3.350148228993365e-06	1.800000e+00
3.350262268388639e-06	1.800000e+00
3.350372823291281e-06	1.800000e+00
3.350551649053084e-06	1.800000e+00
3.350748269294261e-06	1.800000e+00
3.351000916488630e-06	1.800000e+00
3.351309440519628e-06	1.800000e+00
3.351582322636272e-06	1.800000e+00
3.351849528632305e-06	1.800000e+00
3.352166143217684e-06	1.800000e+00
3.352522296189901e-06	1.800000e+00
3.352842846928431e-06	1.800000e+00
3.353181197094347e-06	1.800000e+00
3.353559844334821e-06	1.800000e+00
3.353934181786846e-06	1.800000e+00
3.354349808631436e-06	1.800000e+00
3.354787166951643e-06	1.800000e+00
3.355282164710804e-06	1.800000e+00
3.355952110547685e-06	1.800000e+00
3.356433426872053e-06	1.800000e+00
3.356956573304774e-06	1.800000e+00
3.357504668087892e-06	1.800000e+00
3.358128494085629e-06	1.800000e+00
3.358773129892614e-06	1.800000e+00
3.359484250204375e-06	1.800000e+00
3.360428141014680e-06	1.800000e+00
3.361275843329683e-06	1.800000e+00
3.362224847441252e-06	1.800000e+00
3.363240506241138e-06	1.800000e+00
3.364481197938674e-06	1.800000e+00
3.366032832278589e-06	1.800000e+00
3.367658779651851e-06	1.800000e+00
3.369731427127223e-06	1.800000e+00
3.371870985942816e-06	1.800000e+00
3.375055581058243e-06	1.800000e+00
3.378298494005173e-06	1.800000e+00
3.382432783100981e-06	1.800000e+00
3.387315595600981e-06	1.800000e+00
3.392198408100981e-06	1.800000e+00
3.397081220600981e-06	1.800000e+00
3.401964033100980e-06	1.800000e+00
3.406846845600980e-06	1.800000e+00
3.411729658100980e-06	1.800000e+00
3.416612470600980e-06	1.800000e+00
3.421495283100980e-06	1.800000e+00
3.431260908100979e-06	1.800000e+00
3.436143720600979e-06	1.800000e+00
3.441026533100979e-06	1.800000e+00
3.445117187500001e-06	1.800000e+00
3.450000000000001e-06	1.800000e+00
3.450014320125902e-06	1.800000e+00
3.450042960377704e-06	1.800000e+00
3.450049888254835e-06	1.800000e+00
3.450058686580371e-06	1.800000e+00
3.450073219788514e-06	1.800000e+00
3.450099048292634e-06	1.800000e+00
3.450134642154507e-06	1.800000e+00
3.450203005912795e-06	1.800000e+00
3.450339733429372e-06	1.800000e+00
3.450475451955618e-06	1.800000e+00
3.450662049087504e-06	1.800000e+00
3.450886711477248e-06	1.800000e+00
3.451166490841761e-06	1.800000e+00
3.451480885857729e-06	1.800000e+00
3.451977376822000e-06	1.800000e+00
3.452606062584572e-06	1.800000e+00
3.453375350639833e-06	1.800000e+00
3.454138798446787e-06	1.800000e+00
3.455111915096461e-06	1.800000e+00
3.456243349651597e-06	1.800000e+00
3.457165032367786e-06	1.800000e+00
3.457773136367343e-06	1.800000e+00
3.458607699246472e-06	1.800000e+00
3.459063016806453e-06	1.800000e+00
3.459561823925920e-06	1.800000e+00
3.460091372623217e-06	1.800000e+00
3.460813975043454e-06	1.800000e+00
3.461687232093808e-06	1.800000e+00
3.462634557132362e-06	1.800000e+00
3.463866340643417e-06	1.800000e+00
3.465511584306981e-06	1.800000e+00
3.468239926326941e-06	1.800000e+00
3.471208478974931e-06	1.800000e+00
3.475074961397521e-06	1.800000e+00
3.479957773897521e-06	1.800000e+00
3.484840586397520e-06	1.800000e+00
3.489723398897520e-06	1.800000e+00
3.548674071240420e-06	1.800000e+00
3.550000000100000e-06	1.800000e+00
3.552651857819161e-06	1.800000e+00
3.555117187600001e-06	1.800000e+00
3.560000000100001e-06	1.800000e+00
3.560009536843165e-06	1.800000e+00
3.560028610329493e-06	1.800000e+00
3.560033388634080e-06	1.800000e+00
3.560038923412211e-06	1.800000e+00
3.560049992968473e-06	1.800000e+00
3.560061065992867e-06	1.800000e+00
3.560081963155197e-06	1.800000e+00
3.560116318297317e-06	1.800000e+00
3.560167986459232e-06	1.800000e+00
3.560271322783064e-06	1.800000e+00
3.560462943154880e-06	1.800000e+00
3.560846183898512e-06	1.800000e+00
3.561421851252146e-06	1.800000e+00
3.562054292465126e-06	1.800000e+00
3.563232556136184e-06	1.800000e+00
3.564629288686115e-06	1.800000e+00
3.566155038392972e-06	1.800000e+00
3.567923903037494e-06	1.800000e+00
3.571461632326536e-06	1.800000e+00
3.574705845599948e-06	1.800000e+00
3.579588658099947e-06	1.800000e+00
3.589354283099947e-06	1.800000e+00
3.594237095599947e-06	1.800000e+00
3.599119908099947e-06	1.800000e+00
3.611675711671375e-06	1.800000e+00
3.624231515242803e-06	1.800000e+00
3.636787318814231e-06	1.800000e+00
3.649343122385659e-06	1.800000e+00
3.661898925957087e-06	1.800000e+00
3.674454729528515e-06	1.800000e+00
3.687010533099943e-06	1.800000e+00
3.695117187500001e-06	1.800000e+00
3.700000000000001e-06	1.798043e+00
3.700009536743165e-06	1.798940e+00
3.700028610229493e-06	1.802294e+00
3.700033379851327e-06	1.800939e+00
3.700038986550144e-06	1.799226e+00
3.700045384339403e-06	1.799826e+00
3.700052397586308e-06	1.799973e+00
3.700062646280576e-06	1.799948e+00
3.700073907048229e-06	1.800014e+00
3.700090640935378e-06	1.799977e+00
3.700113031969096e-06	1.799705e+00
3.700117034681297e-06	1.799762e+00
3.700125040105699e-06	1.800032e+00
3.700127041461799e-06	1.800030e+00
3.700131044174000e-06	1.800000e+00
3.700132044852050e-06	1.800000e+00
3.700134046208151e-06	1.800003e+00
3.700138048920352e-06	1.800004e+00
3.700139049598402e-06	1.800004e+00
3.700141050954503e-06	1.800004e+00
3.700146054344754e-06	1.800004e+00
3.700148055700854e-06	1.800005e+00
3.700152058413055e-06	1.800005e+00
3.700160063837457e-06	1.800005e+00
3.700176074686262e-06	1.800005e+00
3.700208096383870e-06	1.800005e+00
3.700272139779087e-06	1.800004e+00
3.700385893726762e-06	1.800003e+00
3.700506627382484e-06	1.800003e+00
3.700653459298363e-06	1.800002e+00
3.700833547518435e-06	1.800002e+00
3.701132172663247e-06	1.800001e+00
3.701624517360054e-06	1.800001e+00
3.702609206753668e-06	1.800000e+00
3.704578585540896e-06	1.800000e+00
3.706165890144840e-06	1.800000e+00
3.707835080024261e-06	1.800000e+00
3.709746876388592e-06	1.800000e+00
3.712150005017595e-06	1.800000e+00
3.715420989985704e-06	1.800000e+00
3.720303802485703e-06	1.800000e+00
3.725186614985703e-06	1.800000e+00
3.730069427485703e-06	1.800000e+00
3.730679779048203e-06	1.800000e+00
3.732175563785507e-06	1.800000e+00
3.732460469741107e-06	1.800000e+00
3.732745375696707e-06	1.800000e+00
3.733030281652307e-06	1.800000e+00
3.733315187607908e-06	1.800000e+00
3.733600093563508e-06	1.800000e+00
3.733884999519108e-06	1.800000e+00
3.734169905474708e-06	1.800000e+00
3.735270231923923e-06	1.800000e+00
3.736635718784925e-06	1.800001e+00
3.737955879713798e-06	1.800001e+00
3.738122540786121e-06	1.800002e+00
3.738455862930766e-06	1.800003e+00
3.739122507220057e-06	1.800012e+00
3.739204418016810e-06	1.800025e+00
3.739368239610317e-06	1.800031e+00
3.739498834611671e-06	1.797294e+00
3.739602165510075e-06	1.779930e+00
3.739684295069545e-06	1.735179e+00
3.739770981926835e-06	1.645498e+00
3.739860409377345e-06	1.486471e+00
3.739901921829941e-06	1.306304e+00
3.739927626507781e-06	1.041337e+00
3.739943360333544e-06	7.377404e-01
3.739959567462110e-06	3.216147e-01
3.739967804828412e-06	1.339411e-01
3.739974990340668e-06	4.363305e-02
3.739983701308253e-06	8.990361e-03
3.739991743757554e-06	2.698596e-03
3.740001289029494e-06	1.642596e-03
3.740018131777352e-06	9.356083e-04
3.740050274229825e-06	4.810914e-04
3.740081724036413e-06	3.363795e-04
3.740123608923386e-06	2.547183e-04
3.740174971306309e-06	2.001493e-04
3.740261603638965e-06	1.474333e-04
3.740353072971352e-06	9.125399e-05
3.740419424041349e-06	3.731114e-05
3.740506071680475e-06	-8.681003e-06
3.740564499012494e-06	-1.377549e-05
3.740643704322743e-06	-1.075186e-05
3.740741204689024e-06	-9.604517e-06
3.740936205421585e-06	-7.371158e-06
3.741255506596002e-06	-4.694084e-06
3.741652662814126e-06	-2.611869e-06
3.742111387142168e-06	-1.348964e-06
3.742568742705654e-06	-7.005843e-07
3.743209053462642e-06	-2.857510e-07
3.744051283980571e-06	-3.801254e-08
3.745210242743136e-06	3.943956e-08
3.746733504334398e-06	4.368798e-08
3.748938505502422e-06	1.077922e-08
3.752242588670620e-06	-1.208615e-05
3.752798851912936e-06	-9.417843e-06
3.753911378397569e-06	-7.428717e-09
3.754189510018727e-06	-1.338300e-08
3.754276426150339e-06	-1.291429e-08
3.754380725508273e-06	-6.222893e-09
3.754519791318853e-06	-3.063064e-09
3.754797922940011e-06	-3.565883e-09
3.755354186182327e-06	-8.033957e-09
3.756466712666960e-06	-1.475563e-08
3.758691765636225e-06	-1.999503e-08
3.761002452193775e-06	-1.743091e-08
3.763720855651955e-06	-1.041353e-08
3.767200223178916e-06	-4.844291e-09
3.770938386552014e-06	5.218140e-09
3.771167268387952e-06	1.516830e-08
3.771205415360608e-06	1.374244e-08
3.771300782792249e-06	9.690511e-09
3.771338929764905e-06	8.872480e-09
3.771415223710217e-06	5.600152e-09
3.771567811600843e-06	-2.974719e-09
3.771872987382093e-06	-1.431917e-08
3.772483338944593e-06	-1.872394e-08
3.773704042069593e-06	-1.555362e-08
3.776072371647219e-06	-1.271269e-08
3.780809030802472e-06	-9.967626e-09
3.785691843302472e-06	-7.035410e-09
3.790574655802472e-06	-4.678749e-09
3.795457468302471e-06	-2.952980e-09
3.800000000100000e-06	-3.059123e-05
3.800009536843164e-06	-9.780570e-06
3.800028610329493e-06	2.868139e-05
3.800033397739754e-06	1.758828e-06
3.800039097740497e-06	-1.960701e-05
3.800050497741984e-06	-1.146428e-06
3.800063542608932e-06	-1.336359e-06
3.800089632342829e-06	-2.276672e-08
3.800118238987350e-06	-1.831936e-07
3.800156139722506e-06	-6.561490e-10
3.800191912177294e-06	-9.176919e-08
3.800241417143505e-06	1.956610e-08
3.800293751486962e-06	-5.192163e-08
3.800369824293007e-06	1.623860e-08
3.800456958627005e-06	-3.192993e-08
3.800600854349337e-06	2.133338e-08
3.800852600355714e-06	3.460301e-09
3.801079920748258e-06	4.027022e-09
3.801331903138167e-06	-1.314441e-09
3.801607226922490e-06	8.984647e-09
3.802033965652574e-06	-3.041174e-09
3.802629677319481e-06	5.547454e-09
3.803718068785411e-06	-7.624532e-10
3.805329237550728e-06	2.836903e-09
3.808551575081362e-06	8.406520e-10
3.812095162031528e-06	6.867238e-10
3.815061209975521e-06	1.038914e-09
3.817977882818885e-06	1.279898e-09
3.821350843801457e-06	8.232112e-10
3.825122833872350e-06	1.359458e-09
3.830005646372350e-06	1.006640e-09
3.834888458872350e-06	1.007948e-09
3.839771271372349e-06	1.006640e-09
3.844654083872349e-06	-1.026220e-08
3.846043394755303e-06	4.093105e-09
3.847895809265909e-06	6.362422e-10
3.850000000000000e-06	-1.644030e-06
3.850001027436883e-06	-1.321778e-06
3.850003082310646e-06	-2.427106e-07
3.850003595742834e-06	-1.135541e-07
3.850004216153451e-06	-7.415665e-08
3.850005456974686e-06	-3.302333e-08
3.850007228364438e-06	-1.010361e-08
3.850010771143944e-06	-6.048563e-10
3.850016627152505e-06	6.899246e-10
3.850023111873125e-06	6.093233e-10
3.850032258442267e-06	8.386582e-10
3.850045173691111e-06	1.026974e-09
3.850066071976709e-06	1.125170e-09
3.850086441151076e-06	1.095408e-09
3.850119400523003e-06	1.045093e-09
3.850160483362003e-06	1.021804e-09
3.850233348927379e-06	1.012097e-09
3.850325226704569e-06	1.008024e-09
3.850473376973692e-06	1.006591e-09
3.850633936505759e-06	1.005893e-09
3.850837572835530e-06	1.005463e-09
3.851054579081239e-06	1.004917e-09
3.851329079301329e-06	1.004623e-09
3.851793462263334e-06	1.004584e-09
3.852374944830826e-06	1.004950e-09
3.852962194533069e-06	1.005091e-09
3.853588018414220e-06	1.005181e-09
3.854593186890505e-06	1.005199e-09
3.855529676201633e-06	1.005146e-09
3.856455158012692e-06	1.005136e-09
3.857114657994219e-06	1.005142e-09
3.857991131055123e-06	1.005129e-09
3.858949724806962e-06	1.005144e-09
3.860279942594729e-06	1.005141e-09
3.861663564433013e-06	1.005148e-09
3.864068853390474e-06	1.005138e-09
3.866368954545414e-06	1.005142e-09
3.869663157753064e-06	1.005138e-09
3.873203675661900e-06	1.005140e-09
3.878086488161900e-06	1.005138e-09
3.882969300661899e-06	1.005138e-09
3.887852113161899e-06	1.005138e-09
3.892734925661899e-06	1.005138e-09
3.897617738161899e-06	1.005138e-09
3.902500550661899e-06	1.005138e-09
3.907383363161898e-06	1.005138e-09
3.912266175661898e-06	1.005138e-09
3.917148988161898e-06	1.005138e-09
3.922031800661898e-06	1.005138e-09
3.926914613161898e-06	1.005138e-09
3.931797425661897e-06	1.005138e-09
3.941563050661897e-06	1.005136e-09
3.945117187500000e-06	1.005136e-09
3.950000000000000e-06	9.915595e-10
3.950014409195085e-06	9.849476e-10
3.950043227585254e-06	9.549076e-10
3.950050208916047e-06	9.519110e-10
3.950059054183860e-06	9.626254e-10
3.950072530596797e-06	9.909806e-10
3.950086069238913e-06	1.010423e-09
3.950113146523145e-06	1.021090e-09
3.950163858985652e-06	1.018223e-09
3.950225161256537e-06	1.012344e-09
3.950300933420388e-06	1.008900e-09
3.950388119293052e-06	1.007182e-09
3.950507367814149e-06	1.006171e-09
3.950662259985223e-06	1.005619e-09
3.950889754330187e-06	1.005244e-09
3.951174477958242e-06	1.004995e-09
3.951555796976381e-06	1.004880e-09
3.952027382434254e-06	1.004932e-09
3.952515156303385e-06	1.005025e-09
3.953143557159383e-06	1.005098e-09
3.953763041010655e-06	1.005144e-09
3.954368216071866e-06	1.005166e-09
3.955051043234818e-06	1.005162e-09
3.955835841780253e-06	1.005144e-09
3.956914463428342e-06	1.005130e-09
3.958020648188106e-06	1.005133e-09
3.959266864691252e-06	1.005141e-09
3.960452242229360e-06	1.005142e-09
3.961971137942346e-06	1.005138e-09
3.963569270482891e-06	1.005137e-09
3.965110401492224e-06	1.005138e-09
3.967042782350534e-06	1.005138e-09
3.969579468424511e-06	1.005138e-09
3.974462280924510e-06	1.005138e-09
3.979345093424510e-06	1.005138e-09
3.984227905924510e-06	1.005138e-09
3.989110718424510e-06	1.005138e-09
4.042821655924508e-06	1.005138e-09
4.045408936749015e-06	1.005138e-09
4.048679157437447e-06	1.005138e-09
4.050000000100000e-06	1.005138e-09
4.052641685425106e-06	1.005138e-09
4.055117187600000e-06	1.005137e-09
4.055852885929421e-06	1.005137e-09
4.057324282588263e-06	1.005139e-09
4.060000000100000e-06	9.194597e-10
4.060006641029376e-06	9.211007e-10
4.060019922888127e-06	1.043880e-09
4.060023208693537e-06	1.097508e-09
4.060027016666947e-06	1.112633e-09
4.060032262549560e-06	1.078403e-09
4.060037798768899e-06	1.052195e-09
4.060046539025669e-06	1.029875e-09
4.060058019370399e-06	1.015217e-09
4.060076490673378e-06	1.008220e-09
4.060112041670240e-06	1.006020e-09
4.060173769904350e-06	1.005993e-09
4.060297226372568e-06	1.005673e-09
4.060544139309005e-06	1.005305e-09
4.060909360652360e-06	1.005164e-09
4.061342466116673e-06	1.005136e-09
4.062059015467979e-06	1.005130e-09
4.062973098267743e-06	1.005130e-09
4.064014559059897e-06	1.005133e-09
4.065581879991339e-06	1.005135e-09
4.068529369483975e-06	1.005138e-09
4.073412181983975e-06	1.005138e-09
4.078294994483975e-06	1.005138e-09
4.083177806983975e-06	1.005138e-09
4.088060619483975e-06	1.005138e-09
4.195482494483970e-06	1.005138e-09
4.200000000000000e-06	4.031757e-05
4.200009536743164e-06	3.583848e-05
4.200028610229492e-06	2.404938e-05
4.200033396110107e-06	2.343699e-05
4.200039146220819e-06	1.167686e-05
4.200046348694078e-06	-2.338185e-06
4.200060753640596e-06	-2.671599e-06
4.200078682557356e-06	-3.838999e-06
4.200103613840062e-06	-2.220213e-06
4.200136443596808e-06	-1.906585e-06
4.200199557041343e-06	-1.119707e-06
4.200315244499614e-06	-1.091862e-06
4.200546619416156e-06	-7.079732e-07
4.201009369249240e-06	5.005621e-06
4.201078629198036e-06	3.806221e-06
4.201217149095627e-06	-2.690898e-07
4.201251779070025e-06	-2.490185e-07
4.201338354006021e-06	-1.836685e-07
4.201372983980419e-06	-1.719118e-07
4.201442243929215e-06	-1.414985e-07
4.201459558916414e-06	-1.316479e-07
4.201463887663214e-06	-1.279138e-07
4.201472545156813e-06	-1.182449e-07
4.201489860144012e-06	-1.010893e-07
4.201524490118410e-06	-8.115325e-08
4.201593750067206e-06	-6.457467e-08
4.201732269964798e-06	-4.895146e-08
4.202009309759981e-06	-3.065960e-08
4.202563389350348e-06	-1.348250e-08
4.203671548531080e-06	-9.440831e-10
4.203894511463169e-06	-2.725005e-09
4.204340437327347e-06	-3.324348e-07
4.204585688366539e-06	-2.464450e-06
4.204755630866783e-06	-8.203470e-06
4.204881809262583e-06	-1.938376e-05
4.204978543659714e-06	-4.157651e-05
4.205058497681416e-06	-8.521660e-05
4.205141095989325e-06	-1.702209e-04
4.205242776155929e-06	-3.399268e-04
4.205314557491510e-06	2.198284e-03
4.205399847616408e-06	1.507973e-02
4.205410843601699e-06	2.690871e-02
4.205432835572282e-06	7.863778e-02
4.205436863366163e-06	9.622715e-02
4.205444918953925e-06	1.624056e-01
4.205457960348102e-06	3.385794e-01
4.205471495457407e-06	5.960583e-01
4.205483831737673e-06	8.845654e-01
4.205496480515171e-06	1.232110e+00
4.205503933497251e-06	1.466308e+00
4.205510798487286e-06	1.679694e+00
4.205513815488139e-06	1.742027e+00
4.205518599590091e-06	1.782562e+00
4.205522073911594e-06	1.792628e+00
4.205526206445737e-06	1.796379e+00
4.205531528731889e-06	1.798643e+00
4.205538025039859e-06	1.799353e+00
4.205545448560608e-06	1.799504e+00
4.205555716428325e-06	1.799755e+00
4.205571317020039e-06	1.800048e+00
4.205593063072590e-06	1.800177e+00
4.205622950223342e-06	1.800189e+00
4.205677170996706e-06	1.800183e+00
4.205779935639570e-06	1.800161e+00
4.205922527782482e-06	1.800138e+00
4.206089104416953e-06	1.800116e+00
4.206281437891898e-06	1.800098e+00
4.206611242219506e-06	1.800075e+00
4.206935844220792e-06	1.800058e+00
4.207235250841082e-06	1.800048e+00
4.207562151338345e-06	1.800046e+00
4.207567174335239e-06	1.800044e+00
4.207577220329024e-06	1.800039e+00
4.207579731827470e-06	1.800039e+00
4.207584754824364e-06	1.800040e+00
4.207594800818149e-06	1.800040e+00
4.207612381307274e-06	1.800040e+00
4.207619915802613e-06	1.800040e+00
4.207629961796399e-06	1.800040e+00
4.207650053783970e-06	1.800040e+00
4.207690237759112e-06	1.800038e+00
4.207770605709397e-06	1.800035e+00
4.207931341609967e-06	1.800030e+00
4.208252813411107e-06	1.800024e+00
4.208768321816359e-06	1.800018e+00
4.209480802241529e-06	1.800012e+00
4.210886794596479e-06	1.800006e+00
4.213236920372725e-06	1.800002e+00
4.215601645727883e-06	1.800001e+00
4.220007243541164e-06	1.800000e+00
4.224890056041164e-06	1.800000e+00
4.229772868541163e-06	1.800000e+00
4.239538493541163e-06	1.800000e+00
4.247848051797477e-06	1.800000e+00
4.256157610053790e-06	1.800000e+00
4.264467168310104e-06	1.800000e+00
4.272776726566418e-06	1.800000e+00
4.281086284822732e-06	1.800000e+00
4.289395843079045e-06	1.800000e+00
4.297705401335359e-06	1.800000e+00
4.300000000100000e-06	1.799307e+00
4.300005731626142e-06	1.799529e+00
4.300017194678426e-06	1.800539e+00
4.300020016622225e-06	1.800419e+00
4.300023422702561e-06	1.800131e+00
4.300027938492713e-06	1.800144e+00
4.300032865836575e-06	1.800117e+00
4.300042720524300e-06	1.800092e+00
4.300059362144884e-06	1.800061e+00
4.300092645386052e-06	1.800028e+00
4.300125747269823e-06	1.800012e+00
4.300191951037366e-06	1.800004e+00
4.300324358572451e-06	1.800000e+00
4.300560391275384e-06	1.800000e+00
4.300809401786031e-06	1.800000e+00
4.301119178064840e-06	1.800000e+00
4.301470090601665e-06	1.800000e+00
4.301964236979647e-06	1.800000e+00
4.302610875943672e-06	1.800000e+00
4.303904153871722e-06	1.800000e+00
4.305070070340301e-06	1.800000e+00
4.306244335800304e-06	1.800000e+00
4.307073166990467e-06	1.800000e+00
4.308062029638692e-06	1.800000e+00
4.309501228680710e-06	1.800000e+00
4.310878468381427e-06	1.800000e+00
4.312720758979016e-06	1.800000e+00
4.315073442412599e-06	1.800000e+00
4.319778809279763e-06	1.800000e+00
4.324661621779763e-06	1.800000e+00
4.329544434279763e-06	1.800000e+00
4.339310059279763e-06	1.800000e+00
4.344192871779762e-06	1.800000e+00
4.346965818940478e-06	1.800000e+00
4.350000000000001e-06	1.800002e+00
4.350001192092897e-06	1.800001e+00
4.350003576278688e-06	1.800000e+00
4.350004170924392e-06	1.800000e+00
4.350004889615002e-06	1.800000e+00
4.350006326996222e-06	1.800000e+00
4.350007881432212e-06	1.800000e+00
4.350010990304192e-06	1.800000e+00
4.350017208048152e-06	1.800000e+00
4.350029643536071e-06	1.800000e+00
4.350051890986969e-06	1.800000e+00
4.350078889015515e-06	1.800000e+00
4.350127868385881e-06	1.800000e+00
4.350225827126613e-06	1.800000e+00
4.350341490358323e-06	1.800000e+00
4.350524473988629e-06	1.800000e+00
4.350745328879981e-06	1.800000e+00
4.351019884532136e-06	1.800000e+00
4.351354016333389e-06	1.800000e+00
4.351844429281924e-06	1.800000e+00
4.352343472691395e-06	1.800000e+00
4.352874986687267e-06	1.800000e+00
4.353432775935588e-06	1.800000e+00
4.353949010355389e-06	1.800000e+00
4.354537876194497e-06	1.800000e+00
4.355187837450437e-06	1.800000e+00
4.355868671993660e-06	1.800000e+00
4.356673691701815e-06	1.800000e+00
4.357443683468941e-06	1.800000e+00
4.358309504551463e-06	1.800000e+00
4.359233990105293e-06	1.800000e+00
4.360382672486172e-06	1.800000e+00
4.361593705522931e-06	1.800000e+00
4.363166361525699e-06	1.800000e+00
4.364632981324050e-06	1.800000e+00
4.366880238269975e-06	1.800000e+00
4.368946780686502e-06	1.800000e+00
4.371915617647703e-06	1.800000e+00
4.375010548336539e-06	1.800000e+00
4.379130517412391e-06	1.800000e+00
4.383944508352385e-06	1.800000e+00
4.388827320852385e-06	1.800000e+00
4.393710133352385e-06	1.800000e+00
4.398592945852384e-06	1.800000e+00
4.403475758352384e-06	1.800000e+00
4.408358570852384e-06	1.800000e+00
4.413241383352384e-06	1.800000e+00
4.418124195852384e-06	1.800000e+00
4.423007008352383e-06	1.800000e+00
4.427889820852383e-06	1.800000e+00
4.432772633352383e-06	1.800000e+00
4.437655445852383e-06	1.800000e+00
4.442538258352383e-06	1.800000e+00
4.445117187500001e-06	1.800000e+00
4.450000000000001e-06	1.800000e+00
4.451203366190975e-06	1.800000e+00
4.451745435654478e-06	1.800000e+00
4.452126851177777e-06	1.800000e+00
4.452579839850651e-06	1.800000e+00
4.453141281986524e-06	1.800000e+00
4.453750521540812e-06	1.800000e+00
4.454531129160695e-06	1.800000e+00
4.455929015852836e-06	1.800000e+00
4.457020623399075e-06	1.800000e+00
4.457826959013180e-06	1.800000e+00
4.458851010201474e-06	1.800000e+00
4.460178265294867e-06	1.800000e+00
4.461672337023176e-06	1.800000e+00
4.463267015335899e-06	1.800000e+00
4.465584308417987e-06	1.800000e+00
4.468764257209519e-06	1.800000e+00
4.473647069709519e-06	1.800000e+00
4.478529882209519e-06	1.800000e+00
4.483412694709519e-06	1.800000e+00
4.488295507209518e-06	1.800000e+00
4.537123632209516e-06	1.800000e+00
4.542006444709516e-06	1.800000e+00
4.545117187600001e-06	1.800000e+00
4.550000000100000e-06	1.800000e+00
4.552877635643021e-06	1.800000e+00
4.554361150510557e-06	1.800000e+00
4.555813494245662e-06	1.800000e+00
4.557252976247271e-06	1.800000e+00
4.558602958073447e-06	1.800000e+00
4.558664860563723e-06	1.800000e+00
4.558788665544276e-06	1.800000e+00
4.559036275505382e-06	1.800000e+00
4.559531495427595e-06	1.800000e+00
4.560000000100000e-06	1.800000e+00
4.560001249137719e-06	1.800000e+00
4.560003747213156e-06	1.800000e+00
4.560004357670591e-06	1.800000e+00
4.560005112650886e-06	1.800000e+00
4.560006440996508e-06	1.800000e+00
4.560007813748862e-06	1.800000e+00
4.560010559253571e-06	1.800000e+00
4.560016050262990e-06	1.800000e+00
4.560027032281828e-06	1.800000e+00
4.560048996319502e-06	1.800000e+00
4.560078730190635e-06	1.800000e+00
4.560130634987868e-06	1.800000e+00
4.560234444582333e-06	1.800000e+00
4.560408135600722e-06	1.800000e+00
4.560675413816258e-06	1.800000e+00
4.561209970247329e-06	1.800000e+00
4.561808961312650e-06	1.800000e+00
4.562908396594959e-06	1.800000e+00
4.565034248651836e-06	1.800000e+00
4.567245284114646e-06	1.800000e+00
4.570680994295625e-06	1.800000e+00
4.575563806795625e-06	1.800000e+00
4.580446619295625e-06	1.800000e+00
4.585329431795624e-06	1.800000e+00
4.590212244295624e-06	1.800000e+00
4.599977869295624e-06	1.800000e+00
4.604860681795624e-06	1.800000e+00
4.609743494295624e-06	1.800000e+00
4.614626306795623e-06	1.800000e+00
4.624391931795623e-06	1.800000e+00
4.692751306795620e-06	1.800000e+00
4.695117187500001e-06	1.800000e+00
4.695570340773715e-06	1.800000e+00
4.697583182540190e-06	1.800000e+00
4.698784554569890e-06	1.800000e+00
4.700000000000001e-06	1.793647e+00
4.700003117869115e-06	1.794743e+00
4.700009353607343e-06	1.806624e+00
4.700010878182798e-06	1.808287e+00
4.700012771425547e-06	1.805204e+00
4.700014816404681e-06	1.802273e+00
4.700017107342507e-06	1.801424e+00
4.700021618314209e-06	1.800742e+00
4.700030640257612e-06	1.800241e+00
4.700048684144417e-06	1.800000e+00
4.700073427890355e-06	1.799975e+00
4.700096620041102e-06	1.799987e+00
4.700128241071862e-06	1.799996e+00
4.700170995730374e-06	1.800001e+00
4.700243626708339e-06	1.800002e+00
4.700365211366468e-06	1.800002e+00
4.700608380682726e-06	1.800001e+00
4.700845982746412e-06	1.800001e+00
4.701193253095310e-06	1.800000e+00
4.701610763441334e-06	1.800000e+00
4.702347846463956e-06	1.800000e+00
4.703429999736185e-06	1.799999e+00
4.705594306280645e-06	1.800000e+00
4.709755890406567e-06	1.800000e+00
4.714638702906567e-06	1.800000e+00
4.719521515406567e-06	1.800000e+00
4.724404327906567e-06	1.800000e+00
4.729287140406567e-06	1.800000e+00
4.734169952906566e-06	1.800000e+00
4.739052765406566e-06	1.800000e+00
4.743935577906566e-06	1.800000e+00
4.748818390406566e-06	1.800000e+00
4.753701202906566e-06	1.800000e+00
4.758584015406565e-06	1.800000e+00
4.763466827906565e-06	1.800000e+00
4.768349640406565e-06	1.800000e+00
4.773232452906565e-06	1.800000e+00
4.778115265406565e-06	1.800000e+00
4.782998077906564e-06	1.800000e+00
4.787880890406564e-06	1.800000e+00
4.792763702906564e-06	1.800000e+00
4.795117187600001e-06	1.800000e+00
4.795644716939380e-06	1.800000e+00
4.797754834296898e-06	1.800000e+00
4.800000000100000e-06	1.799867e+00
4.800023776656009e-06	1.799942e+00
4.800071329768026e-06	1.800103e+00
4.800081258758374e-06	1.800058e+00
4.800096023539395e-06	1.800008e+00
4.800116414375192e-06	1.800017e+00
4.800138811694218e-06	1.800005e+00
4.800166036791560e-06	1.800009e+00
4.800217311770791e-06	1.800001e+00
4.800274084922301e-06	1.800002e+00
4.800373573886042e-06	1.799999e+00
4.800507507781536e-06	1.800001e+00
4.800723186606401e-06	1.800000e+00
4.801009459694564e-06	1.800000e+00
4.801406417434359e-06	1.800000e+00
4.801945633462731e-06	1.800000e+00
4.802926176920198e-06	1.800000e+00
4.803958462295410e-06	1.800000e+00
4.805275768010767e-06	1.800000e+00
4.806820008798285e-06	1.800000e+00
4.808277172846171e-06	1.800000e+00
4.808962704570327e-06	1.800000e+00
4.809667572229850e-06	1.800000e+00
4.810181789601896e-06	1.800000e+00
4.810622248055497e-06	1.800000e+00
4.811114207032268e-06	1.800000e+00
4.811842786323450e-06	1.800000e+00
4.812636282808028e-06	1.800000e+00
4.813553835122972e-06	1.800000e+00
4.814693372196687e-06	1.800000e+00
4.816406389869729e-06	1.800000e+00
4.819404816388542e-06	1.800000e+00
4.824287628888542e-06	1.800000e+00
4.829170441388542e-06	1.800000e+00
4.834053253888542e-06	1.800000e+00
4.838936066388541e-06	1.800000e+00
4.843818878888541e-06	1.800000e+00
4.847403382777081e-06	1.800000e+00
4.850000000000001e-06	1.799940e+00
4.850001192092897e-06	1.799954e+00
4.850003576278688e-06	1.799998e+00
4.850004171960669e-06	1.800001e+00
4.850004888954006e-06	1.800001e+00
4.850006322940678e-06	1.800000e+00
4.850007847718177e-06	1.800000e+00
4.850010897273173e-06	1.800000e+00
4.850016996383167e-06	1.800000e+00
4.850026894015380e-06	1.800000e+00
4.850037640732636e-06	1.800000e+00
4.850053095533718e-06	1.800000e+00
4.850075268879567e-06	1.800000e+00
4.850119615571263e-06	1.800000e+00
4.850208308954655e-06	1.800000e+00
4.850325919472891e-06	1.800000e+00
4.850455413731414e-06	1.800000e+00
4.850662662272648e-06	1.800000e+00
4.850924418382107e-06	1.800000e+00
4.851168171438080e-06	1.800000e+00
4.851416642591866e-06	1.800000e+00
4.851612488988742e-06	1.800000e+00
4.851822031144728e-06	1.800000e+00
4.852050720467092e-06	1.800000e+00
4.852247800009087e-06	1.800000e+00
4.852487413673056e-06	1.800000e+00
4.852758737938746e-06	1.800000e+00
4.853110349570371e-06	1.800000e+00
4.853484061426378e-06	1.800000e+00
4.853956196012472e-06	1.800000e+00
4.854399978453811e-06	1.800000e+00
4.854916561028253e-06	1.800000e+00
4.855456044858179e-06	1.800000e+00
4.856063342649032e-06	1.800000e+00
4.856622281200511e-06	1.800000e+00
4.857237907222027e-06	1.800000e+00
4.858024349115097e-06	1.800000e+00
4.858851091091380e-06	1.800000e+00
4.859671220452657e-06	1.800000e+00
4.860719092253703e-06	1.800000e+00
4.861919056743634e-06	1.800000e+00
4.863055595743057e-06	1.800000e+00
4.864473895719477e-06	1.800000e+00
4.865979353498668e-06	1.800000e+00
4.868232094341824e-06	1.800000e+00
4.870348355368419e-06	1.800000e+00
4.873989127034895e-06	1.800000e+00
4.878256248383447e-06	1.800000e+00
4.883139060883447e-06	1.800000e+00
4.888021873383446e-06	1.800000e+00
4.892904685883446e-06	1.800000e+00
4.897787498383446e-06	1.800000e+00
4.902670310883446e-06	1.800000e+00
4.907553123383446e-06	1.800000e+00
4.912435935883445e-06	1.800000e+00
4.917318748383445e-06	1.800000e+00
4.922201560883445e-06	1.800000e+00
4.927084373383445e-06	1.800000e+00
4.931967185883445e-06	1.800000e+00
4.936849998383444e-06	1.800000e+00
4.941732810883444e-06	1.800000e+00
4.945117187500001e-06	1.800000e+00
4.950000000000001e-06	1.800000e+00
4.950014293483068e-06	1.800000e+00
4.950042880449202e-06	1.800000e+00
4.950049796760576e-06	1.800000e+00
4.950058578738376e-06	1.800000e+00
4.950069214384598e-06	1.800000e+00
4.950088786986397e-06	1.800000e+00
4.950112991299440e-06	1.800000e+00
4.950159995914765e-06	1.800000e+00
4.950247886519799e-06	1.800000e+00
4.950397019272276e-06	1.800000e+00
4.950558500095474e-06	1.800000e+00
4.950749549502968e-06	1.800000e+00
4.950983388778944e-06	1.800000e+00
4.951277423091927e-06	1.800000e+00
4.951600758354380e-06	1.800000e+00
4.952099599958067e-06	1.800000e+00
4.952843252733405e-06	1.800000e+00
4.953541708977127e-06	1.800000e+00
4.954402309009571e-06	1.800000e+00
4.955287317006716e-06	1.800000e+00
4.956446137857613e-06	1.800000e+00
4.957481601398294e-06	1.800000e+00
4.958726795141993e-06	1.800000e+00
4.959260397732730e-06	1.800000e+00
4.959723917944156e-06	1.800000e+00
4.960286866923162e-06	1.800000e+00
4.960617148079345e-06	1.800000e+00
4.961065233728615e-06	1.800000e+00
4.961508508200299e-06	1.800000e+00
4.962107732260625e-06	1.800000e+00
4.962803750375618e-06	1.800000e+00
4.963643221706415e-06	1.800000e+00
4.964669669048621e-06	1.800000e+00
4.966045698443292e-06	1.800000e+00
4.968100267839184e-06	1.800000e+00
4.970445073515394e-06	1.800000e+00
4.973077961501674e-06	1.800000e+00
4.977960774001674e-06	1.800000e+00
4.982843586501673e-06	1.800000e+00
4.987726399001673e-06	1.800000e+00
4.995117187500001e-06	1.800000e+00
5.000000000000000e-06	1.800000e+00
