Title: *include sf.spice
Date: Wed Oct 11 20:10:01  2023
Plotname: Transient Analysis
Flags: real
No. Variables: 2
No. Points: 1129
Variables:
	0	time	time
	1	v(vout)	voltage
Values:
 0	0.000000000000000e+00
	3.396469342271729e-07

 1	1.000000000000000e-11
	3.177589997098483e-05

 2	2.000000000000000e-11
	6.342274844335421e-05

 3	4.000000000000000e-11
	1.277144264901753e-04

 4	8.000000000000001e-11
	2.615897135998589e-04

 5	1.600000000000000e-10
	5.667142047883866e-04

 6	3.200000000000000e-10
	1.590598140246396e-03

 7	5.841475823846220e-10
	2.158229492913281e-02

 8	9.082996029089263e-10
	1.508168414301537e-01

 9	1.234924394908266e-09
	4.226287248399316e-01

 10	1.888173978906947e-09
	1.153059503262188e+00

 11	2.000000000000000e-09
	1.287491529944844e+00

 12	2.071873252205396e-09
	1.356570333028404e+00

 13	2.215619756616187e-09
	1.472426746549614e+00

 14	2.503112765437771e-09
	1.612310358780050e+00

 15	3.078098783080937e-09
	1.732776817632699e+00

 16	3.857362448514761e-09
	1.780363053535641e+00

 17	4.857362448514761e-09
	1.795763269271960e+00

 18	5.857362448514760e-09
	1.798947339699695e+00

 19	6.857362448514760e-09
	1.799661361509745e+00

 20	7.857362448514760e-09
	1.799823675002485e+00

 21	8.857362448514761e-09
	1.799860816119922e+00

 22	9.857362448514762e-09
	1.799869456754945e+00

 23	1.085736244851476e-08
	1.799871603052259e+00

 24	1.185736244851476e-08
	1.799872257377662e+00

 25	1.285736244851476e-08
	1.799872561169837e+00

 26	1.385736244851476e-08
	1.799872787658114e+00

 27	1.485736244851476e-08
	1.799872987161599e+00

 28	1.585736244851477e-08
	1.799873183361623e+00

 29	1.685736244851476e-08
	1.799873369618492e+00

 30	1.785736244851476e-08
	1.799873556612492e+00

 31	1.885736244851476e-08
	1.799873734735808e+00

 32	1.985736244851476e-08
	1.799873913985781e+00

 33	2.085736244851476e-08
	1.799874084596638e+00

 34	2.185736244851476e-08
	1.799874256524088e+00

 35	2.285736244851476e-08
	1.799874419990918e+00

 36	2.385736244851476e-08
	1.799874584944864e+00

 37	2.485736244851476e-08
	1.799874741605176e+00

 38	2.585736244851476e-08
	1.799874899913640e+00

 39	2.685736244851475e-08
	1.799875050086635e+00

 40	2.785736244851475e-08
	1.799875202060351e+00

 41	2.885736244851475e-08
	1.799875346048566e+00

 42	2.985736244851476e-08
	1.799875491982134e+00

 43	3.085736244851476e-08
	1.799875630072467e+00

 44	3.185736244851476e-08
	1.799875770245309e+00

 45	3.285736244851476e-08
	1.799875902709919e+00

 46	3.385736244851476e-08
	1.799876037387159e+00

 47	3.485736244851477e-08
	1.799876164484339e+00

 48	3.585736244851477e-08
	1.799876293917631e+00

 49	3.685736244851477e-08
	1.799876415892587e+00

 50	3.785736244851477e-08
	1.799876540320884e+00

 51	3.885736244851478e-08
	1.799876657406488e+00

 52	3.985736244851478e-08
	1.799876777056757e+00

 53	4.085736244851478e-08
	1.799876889474239e+00

 54	4.185736244851478e-08
	1.799877004562136e+00

 55	4.285736244851479e-08
	1.799877112521732e+00

 56	4.385736244851479e-08
	1.799877223252232e+00

 57	4.485736244851479e-08
	1.799877326953796e+00

 58	4.585736244851479e-08
	1.799877433521778e+00

 59	4.685736244851480e-08
	1.799877533155352e+00

 60	4.785736244851480e-08
	1.799877635746153e+00

 61	4.885736244851480e-08
	1.799877731492497e+00

 62	4.985736244851480e-08
	1.799877830282429e+00

 63	5.085736244851480e-08
	1.799877922313527e+00

 64	5.185736244851481e-08
	1.799878017470365e+00

 65	5.200000000000000e-08
	1.799878028087766e+00

 66	5.208935421390579e-08
	1.798284170457565e+00

 67	5.226806264171736e-08
	1.795622419802813e+00

 68	5.258901288527660e-08
	1.793855270189726e+00

 69	5.323091337239508e-08
	1.791862242173562e+00

 70	5.393117092597674e-08
	1.789705566969050e+00

 71	5.400000000000000e-08
	1.789493597753966e+00

 72	5.410000000000000e-08
	1.789478289213041e+00

 73	5.430000000000000e-08
	1.789447598635393e+00

 74	5.470000000000000e-08
	1.789386231180476e+00

 75	5.550000000000000e-08
	1.789263550939871e+00

 76	5.650000000000000e-08
	1.789110301684817e+00

 77	5.750000000000001e-08
	1.788957163023378e+00

 78	5.850000000000001e-08
	1.788804132914547e+00

 79	5.950000000000001e-08
	1.788651209550429e+00

 80	6.050000000000001e-08
	1.788498390974271e+00

 81	6.150000000000000e-08
	1.788345675460388e+00

 82	6.250000000000000e-08
	1.788193061132313e+00

 83	6.349999999999999e-08
	1.788040546342703e+00

 84	6.449999999999999e-08
	1.787888129291604e+00

 85	6.549999999999998e-08
	1.787735808406344e+00

 86	6.649999999999998e-08
	1.787583581959911e+00

 87	6.749999999999998e-08
	1.787431448450817e+00

 88	6.849999999999997e-08
	1.787279406221596e+00

 89	6.949999999999997e-08
	1.787127453838643e+00

 90	7.049999999999996e-08
	1.786975589710812e+00

 91	7.149999999999996e-08
	1.786823812469236e+00

 92	7.249999999999995e-08
	1.786672120586031e+00

 93	7.349999999999995e-08
	1.786520512754085e+00

 94	7.449999999999995e-08
	1.786368987505863e+00

 95	7.549999999999994e-08
	1.786217543593174e+00

 96	7.649999999999994e-08
	1.786066179606071e+00

 97	7.749999999999993e-08
	1.785914894352582e+00

 98	7.849999999999993e-08
	1.785763686477721e+00

 99	7.949999999999992e-08
	1.785612554843177e+00

 100	8.049999999999992e-08
	1.785461498146421e+00

 101	8.149999999999992e-08
	1.785310515300365e+00

 102	8.249999999999991e-08
	1.785159605052561e+00

 103	8.349999999999991e-08
	1.785008766364826e+00

 104	8.449999999999990e-08
	1.784857998032530e+00

 105	8.549999999999990e-08
	1.784707299064186e+00

 106	8.649999999999989e-08
	1.784556668300832e+00

 107	8.749999999999989e-08
	1.784406104795578e+00

 108	8.849999999999989e-08
	1.784255607433079e+00

 109	8.949999999999988e-08
	1.784105175309043e+00

 110	9.049999999999988e-08
	1.783954807349791e+00

 111	9.149999999999987e-08
	1.783804502691725e+00

 112	9.249999999999987e-08
	1.783654260300977e+00

 113	9.349999999999986e-08
	1.783504079352829e+00

 114	9.449999999999986e-08
	1.783353958851450e+00

 115	9.549999999999986e-08
	1.783203898009275e+00

 116	9.649999999999985e-08
	1.783053895866832e+00

 117	9.749999999999985e-08
	1.782903951672062e+00

 118	9.849999999999984e-08
	1.782754064500236e+00

 119	9.949999999999984e-08
	1.782604233633240e+00

 120	1.000000000000000e-07
	1.782529339035495e+00

 121	1.001000000000000e-07
	1.782807017669513e+00

 122	1.003000000000000e-07
	1.783362287056831e+00

 123	1.007000000000000e-07
	1.784472832351455e+00

 124	1.015000000000000e-07
	1.786741480994218e+00

 125	1.020000000000000e-07
	1.794355277456933e+00

 126	1.021000000000000e-07
	1.794978383522118e+00

 127	1.023000000000000e-07
	1.796083011634910e+00

 128	1.027000000000000e-07
	1.797617710261467e+00

 129	1.035000000000000e-07
	1.799136193639800e+00

 130	1.045000000000000e-07
	1.799711672435853e+00

 131	1.055000000000000e-07
	1.799842497963632e+00

 132	1.065000000000000e-07
	1.799872337294413e+00

 133	1.075000000000000e-07
	1.799879170709478e+00

 134	1.085000000000000e-07
	1.799880766124597e+00

 135	1.095000000000000e-07
	1.799881157645069e+00

 136	1.105000000000000e-07
	1.799881273666346e+00

 137	1.115000000000000e-07
	1.799881326410093e+00

 138	1.125000000000000e-07
	1.799881364321557e+00

 139	1.135000000000000e-07
	1.799881398460265e+00

 140	1.145000000000000e-07
	1.799881431358252e+00

 141	1.155000000000000e-07
	1.799881463599351e+00

 142	1.165000000000000e-07
	1.799881495325381e+00

 143	1.174999999999999e-07
	1.799881526574571e+00

 144	1.184999999999999e-07
	1.799881557363954e+00

 145	1.195000000000000e-07
	1.799881587702979e+00

 146	1.204999999999999e-07
	1.799881617601812e+00

 147	1.214999999999999e-07
	1.799881647068043e+00

 148	1.224999999999999e-07
	1.799881676111126e+00

 149	1.234999999999999e-07
	1.799881704738207e+00

 150	1.244999999999999e-07
	1.799881732958365e+00

 151	1.254999999999999e-07
	1.799881760778392e+00

 152	1.264999999999999e-07
	1.799881788207020e+00

 153	1.274999999999999e-07
	1.799881815250709e+00

 154	1.284999999999999e-07
	1.799881841917866e+00

 155	1.294999999999999e-07
	1.799881868214629e+00

 156	1.304999999999999e-07
	1.799881894149095e+00

 157	1.314999999999999e-07
	1.799881919727096e+00

 158	1.324999999999999e-07
	1.799881944956428e+00

 159	1.334999999999999e-07
	1.799881969842635e+00

 160	1.344999999999999e-07
	1.799881994393227e+00

 161	1.354999999999999e-07
	1.799882018613469e+00

 162	1.364999999999999e-07
	1.799882042510602e+00

 163	1.374999999999999e-07
	1.799882066089621e+00

 164	1.384999999999999e-07
	1.799882089357507e+00

 165	1.394999999999999e-07
	1.799882112319004e+00

 166	1.404999999999999e-07
	1.799882134980842e+00

 167	1.414999999999999e-07
	1.799882157347522e+00

 168	1.424999999999999e-07
	1.799882179425538e+00

 169	1.434999999999998e-07
	1.799882201219158e+00

 170	1.444999999999998e-07
	1.799882222734648e+00

 171	1.454999999999998e-07
	1.799882243976056e+00

 172	1.464999999999998e-07
	1.799882264949429e+00

 173	1.474999999999998e-07
	1.799882285658605e+00

 174	1.484999999999998e-07
	1.799882306109422e+00

 175	1.494999999999998e-07
	1.799882326305514e+00

 176	1.504999999999998e-07
	1.799882346252522e+00

 177	1.514999999999998e-07
	1.799882365953887e+00

 178	1.520000000000000e-07
	1.799882375714290e+00

 179	1.521000000000000e-07
	1.798104620004980e+00

 180	1.523000000000000e-07
	1.795312680076063e+00

 181	1.527000000000000e-07
	1.793521650747737e+00

 182	1.535000000000000e-07
	1.791057759607209e+00

 183	1.540000000000000e-07
	1.789520490388312e+00

 184	1.540736988058450e-07
	1.789509610538260e+00

 185	1.542210964175350e-07
	1.789487760702513e+00

 186	1.545158916409150e-07
	1.789444062825234e+00

 187	1.551054820876749e-07
	1.789356674804694e+00

 188	1.561054820876749e-07
	1.789208479601206e+00

 189	1.571054820876749e-07
	1.789060313293757e+00

 190	1.581054820876749e-07
	1.788912175457874e+00

 191	1.591054820876749e-07
	1.788764065984383e+00

 192	1.601054820876749e-07
	1.788615984458068e+00

 193	1.611054820876749e-07
	1.788467930778766e+00

 194	1.621054820876749e-07
	1.788319904540142e+00

 195	1.631054820876749e-07
	1.788171905650680e+00

 196	1.641054820876749e-07
	1.788023933712567e+00

 197	1.651054820876749e-07
	1.787875988642582e+00

 198	1.661054820876749e-07
	1.787728070051089e+00

 199	1.671054820876749e-07
	1.787580177862822e+00

 200	1.681054820876749e-07
	1.787432311695997e+00

 201	1.691054820876749e-07
	1.787284471482985e+00

 202	1.701054820876748e-07
	1.787136656849533e+00

 203	1.711054820876748e-07
	1.786988867735342e+00

 204	1.721054820876748e-07
	1.786841103773389e+00

 205	1.731054820876748e-07
	1.786693364910408e+00

 206	1.741054820876748e-07
	1.786545650786323e+00

 207	1.751054820876748e-07
	1.786397961354618e+00

 208	1.761054820876748e-07
	1.786250296261886e+00

 209	1.771054820876748e-07
	1.786102655468090e+00

 210	1.781054820876748e-07
	1.785955038626227e+00

 211	1.791054820876748e-07
	1.785807445702483e+00

 212	1.801054820876748e-07
	1.785659876356006e+00

 213	1.811054820876748e-07
	1.785512330558956e+00

 214	1.821054820876748e-07
	1.785364807976391e+00

 215	1.831054820876748e-07
	1.785217308586210e+00

 216	1.841054820876748e-07
	1.785069832059147e+00

 217	1.851054820876748e-07
	1.784922378378612e+00

 218	1.861054820876748e-07
	1.784774947220793e+00

 219	1.871054820876748e-07
	1.784627538574396e+00

 220	1.881054820876748e-07
	1.784480152120854e+00

 221	1.891054820876748e-07
	1.784332787853957e+00

 222	1.901054820876748e-07
	1.784185445460175e+00

 223	1.911054820876748e-07
	1.784038124938186e+00

 224	1.921054820876748e-07
	1.783890825979307e+00

 225	1.931054820876747e-07
	1.783743548586912e+00

 226	1.941054820876747e-07
	1.783596292456973e+00

 227	1.951054820876747e-07
	1.783449057597377e+00

 228	1.961054820876747e-07
	1.783301843708578e+00

 229	1.971054820876747e-07
	1.783154650802802e+00

 230	1.981054820876747e-07
	1.783007478584809e+00

 231	1.991054820876747e-07
	1.782860327070994e+00

 232	2.000000000000000e-07
	1.782728714701164e+00

 233	2.001000000000000e-07
	1.783006658299870e+00

 234	2.003000000000000e-07
	1.783562456962195e+00

 235	2.007000000000000e-07
	1.784674056960362e+00

 236	2.015000000000000e-07
	1.786944759132228e+00

 237	2.020000000000000e-07
	1.794508999623145e+00

 238	2.021000000000000e-07
	1.795114836645069e+00

 239	2.023000000000000e-07
	1.796188915461664e+00

 240	2.027000000000000e-07
	1.797681406173206e+00

 241	2.035000000000000e-07
	1.799158405070611e+00

 242	2.045000000000000e-07
	1.799718259522566e+00

 243	2.055000000000000e-07
	1.799845529864357e+00

 244	2.065000000000000e-07
	1.799874541435417e+00

 245	2.075000000000000e-07
	1.799881167451255e+00

 246	2.085000000000000e-07
	1.799882696652324e+00

 247	2.095000000000000e-07
	1.799883054931679e+00

 248	2.105000000000000e-07
	1.799883145578496e+00

 249	2.115000000000000e-07
	1.799883175061984e+00

 250	2.125000000000000e-07
	1.799883190508054e+00

 251	2.135000000000000e-07
	1.799883202668945e+00

 252	2.145000000000000e-07
	1.799883214000133e+00

 253	2.155000000000000e-07
	1.799883225061827e+00

 254	2.165000000000000e-07
	1.799883235984240e+00

 255	2.175000000000000e-07
	1.799883246797058e+00

 256	2.185000000000000e-07
	1.799883257509415e+00

 257	2.194999999999999e-07
	1.799883268123331e+00

 258	2.204999999999999e-07
	1.799883278641579e+00

 259	2.214999999999999e-07
	1.799883289064689e+00

 260	2.224999999999999e-07
	1.799883299395053e+00

 261	2.234999999999999e-07
	1.799883309633068e+00

 262	2.244999999999999e-07
	1.799883319781056e+00

 263	2.254999999999999e-07
	1.799883329839360e+00

 264	2.264999999999999e-07
	1.799883339810251e+00

 265	2.274999999999999e-07
	1.799883349694018e+00

 266	2.284999999999999e-07
	1.799883359492884e+00

 267	2.294999999999999e-07
	1.799883369207094e+00

 268	2.304999999999999e-07
	1.799883378838820e+00

 269	2.314999999999999e-07
	1.799883388388264e+00

 270	2.324999999999999e-07
	1.799883397857553e+00

 271	2.334999999999999e-07
	1.799883407246841e+00

 272	2.344999999999999e-07
	1.799883416558214e+00

 273	2.354999999999999e-07
	1.799883425791787e+00

 274	2.364999999999999e-07
	1.799883434949604e+00

 275	2.374999999999999e-07
	1.799883444031738e+00

 276	2.384999999999999e-07
	1.799883453040191e+00

 277	2.394999999999999e-07
	1.799883461975001e+00

 278	2.404999999999999e-07
	1.799883470838133e+00

 279	2.414999999999999e-07
	1.799883479629584e+00

 280	2.425000000000000e-07
	1.799883488351285e+00

 281	2.435000000000000e-07
	1.799883497003198e+00

 282	2.445000000000000e-07
	1.799883505587217e+00

 283	2.455000000000000e-07
	1.799883514103271e+00

 284	2.465000000000000e-07
	1.799883522553221e+00

 285	2.475000000000001e-07
	1.799883530936963e+00

 286	2.485000000000001e-07
	1.799883539256326e+00

 287	2.495000000000001e-07
	1.799883547511175e+00

 288	2.505000000000001e-07
	1.799883555703307e+00

 289	2.515000000000002e-07
	1.799883563832558e+00

 290	2.520000000000000e-07
	1.799883567874376e+00

 291	2.521000000000000e-07
	1.798105890499515e+00

 292	2.523000000000001e-07
	1.795314182589892e+00

 293	2.527000000000000e-07
	1.793523749744790e+00

 294	2.535000000000000e-07
	1.791061041156267e+00

 295	2.540000000000000e-07
	1.789524506034204e+00

 296	2.540736988962555e-07
	1.789513734010305e+00

 297	2.542210966887663e-07
	1.789492099676635e+00

 298	2.545158922737881e-07
	1.789448831903278e+00

 299	2.551054834438315e-07
	1.789362300509904e+00

 300	2.561054834438315e-07
	1.789215547596763e+00

 301	2.571054834438315e-07
	1.789068810143779e+00

 302	2.581054834438316e-07
	1.788922087928973e+00

 303	2.591054834438316e-07
	1.788775381041721e+00

 304	2.601054834438316e-07
	1.788628689261499e+00

 305	2.611054834438316e-07
	1.788482012679065e+00

 306	2.621054834438316e-07
	1.788335351075304e+00

 307	2.631054834438317e-07
	1.788188704542306e+00

 308	2.641054834438317e-07
	1.788042072862323e+00

 309	2.651054834438317e-07
	1.787895456128732e+00

 310	2.661054834438317e-07
	1.787748854125106e+00

 311	2.671054834438318e-07
	1.787602266946070e+00

 312	2.681054834438318e-07
	1.787455694376477e+00

 313	2.691054834438318e-07
	1.787309136512159e+00

 314	2.701054834438318e-07
	1.787162593139211e+00

 315	2.711054834438318e-07
	1.787016064354629e+00

 316	2.721054834438319e-07
	1.786869549945711e+00

 317	2.731054834438319e-07
	1.786723050010585e+00

 318	2.741054834438319e-07
	1.786576564337714e+00

 319	2.751054834438319e-07
	1.786430093026319e+00

 320	2.761054834438320e-07
	1.786283635865994e+00

 321	2.771054834438320e-07
	1.786137192957020e+00

 322	2.781054834438320e-07
	1.785990764090088e+00

 323	2.791054834438320e-07
	1.785844349366502e+00

 324	2.801054834438320e-07
	1.785697948578018e+00

 325	2.811054834438321e-07
	1.785551561826936e+00

 326	2.821054834438321e-07
	1.785405188906043e+00

 327	2.831054834438321e-07
	1.785258829918604e+00

 328	2.841054834438321e-07
	1.785112484658408e+00

 329	2.851054834438322e-07
	1.784966153229651e+00

 330	2.861054834438322e-07
	1.784819835427097e+00

 331	2.871054834438322e-07
	1.784673531355849e+00

 332	2.881054834438322e-07
	1.784527240811616e+00

 333	2.891054834438322e-07
	1.784380963900378e+00

 334	2.901054834438323e-07
	1.784234700418761e+00

 335	2.911054834438323e-07
	1.784088450473598e+00

 336	2.921054834438323e-07
	1.783942213862409e+00

 337	2.931054834438323e-07
	1.783795990692852e+00

 338	2.941054834438324e-07
	1.783649780763313e+00

 339	2.951054834438324e-07
	1.783503584182254e+00

 340	2.961054834438324e-07
	1.783357400748905e+00

 341	2.971054834438324e-07
	1.783211230572506e+00

 342	2.981054834438324e-07
	1.783065073453109e+00

 343	2.991054834438325e-07
	1.782918929500707e+00

 344	3.000000000000000e-07
	1.782788212298088e+00

 345	3.001000000000000e-07
	1.783066255563538e+00

 346	3.003000000000001e-07
	1.783622253431860e+00

 347	3.007000000000000e-07
	1.784734251071619e+00

 348	3.015000000000000e-07
	1.787005733425453e+00

 349	3.020000000000000e-07
	1.794555192097999e+00

 350	3.021000000000000e-07
	1.795155859947109e+00

 351	3.023000000000001e-07
	1.796220793822426e+00

 352	3.027000000000000e-07
	1.797700647666259e+00

 353	3.035000000000000e-07
	1.799165224840478e+00

 354	3.045000000000001e-07
	1.799720401765414e+00

 355	3.055000000000001e-07
	1.799846609419163e+00

 356	3.065000000000001e-07
	1.799875375123469e+00

 357	3.075000000000001e-07
	1.799881940981744e+00

 358	3.085000000000001e-07
	1.799883452231834e+00

 359	3.095000000000002e-07
	1.799883802361353e+00

 360	3.105000000000002e-07
	1.799883887146047e+00

 361	3.115000000000002e-07
	1.799883911335294e+00

 362	3.125000000000002e-07
	1.799883921661859e+00

 363	3.135000000000003e-07
	1.799883928787605e+00

 364	3.145000000000003e-07
	1.799883935146622e+00

 365	3.155000000000003e-07
	1.799883941293531e+00

 366	3.165000000000003e-07
	1.799883947356513e+00

 367	3.175000000000003e-07
	1.799883953364108e+00

 368	3.185000000000004e-07
	1.799883959324458e+00

 369	3.195000000000004e-07
	1.799883965238702e+00

 370	3.205000000000004e-07
	1.799883971108716e+00

 371	3.215000000000004e-07
	1.799883976934191e+00

 372	3.225000000000005e-07
	1.799883982716659e+00

 373	3.235000000000005e-07
	1.799883988455717e+00

 374	3.245000000000005e-07
	1.799883994152855e+00

 375	3.255000000000005e-07
	1.799883999807652e+00

 376	3.265000000000005e-07
	1.799884005421578e+00

 377	3.275000000000006e-07
	1.799884010994190e+00

 378	3.285000000000006e-07
	1.799884016526942e+00

 379	3.295000000000006e-07
	1.799884022019373e+00

 380	3.305000000000006e-07
	1.799884027472919e+00

 381	3.315000000000007e-07
	1.799884032887102e+00

 382	3.325000000000007e-07
	1.799884038263341e+00

 383	3.335000000000007e-07
	1.799884043601141e+00

 384	3.345000000000007e-07
	1.799884048901906e+00

 385	3.355000000000007e-07
	1.799884054165124e+00

 386	3.365000000000008e-07
	1.799884059392183e+00

 387	3.375000000000008e-07
	1.799884064582561e+00

 388	3.385000000000008e-07
	1.799884069737625e+00

 389	3.395000000000008e-07
	1.799884074856838e+00

 390	3.405000000000009e-07
	1.799884079941557e+00

 391	3.415000000000009e-07
	1.799884084991230e+00

 392	3.425000000000009e-07
	1.799884090007200e+00

 393	3.435000000000009e-07
	1.799884094988898e+00

 394	3.445000000000009e-07
	1.799884099937659e+00

 395	3.455000000000010e-07
	1.799884104852900e+00

 396	3.465000000000010e-07
	1.799884109735941e+00

 397	3.475000000000010e-07
	1.799884114586187e+00

 398	3.485000000000010e-07
	1.799884119404947e+00

 399	3.495000000000011e-07
	1.799884124191615e+00

 400	3.505000000000011e-07
	1.799884128947488e+00

 401	3.515000000000011e-07
	1.799884133671946e+00

 402	3.520000000000000e-07
	1.799884136023025e+00

 403	3.521000000000000e-07
	1.798106496199110e+00

 404	3.523000000000001e-07
	1.795314899365777e+00

 405	3.527000000000000e-07
	1.793524752116045e+00

 406	3.535000000000000e-07
	1.791062610941520e+00

 407	3.540000000000000e-07
	1.789526428865833e+00

 408	3.540736989393489e-07
	1.789515708757592e+00

 409	3.542210968180466e-07
	1.789494178209712e+00

 410	3.545158925754421e-07
	1.789451117734732e+00

 411	3.551054840902330e-07
	1.789364999848878e+00

 412	3.561054840902331e-07
	1.789218945065818e+00

 413	3.571054840902331e-07
	1.789072901618168e+00

 414	3.581054840902331e-07
	1.788926869320241e+00

 415	3.591054840902331e-07
	1.788780848297187e+00

 416	3.601054840902331e-07
	1.788634838363753e+00

 417	3.611054840902332e-07
	1.788488839645468e+00

 418	3.621054840902332e-07
	1.788342851957507e+00

 419	3.631054840902332e-07
	1.788196875425767e+00

 420	3.641054840902332e-07
	1.788050909865839e+00

 421	3.651054840902332e-07
	1.787904955403981e+00

 422	3.661054840902333e-07
	1.787759011856193e+00

 423	3.671054840902333e-07
	1.787613079349085e+00

 424	3.681054840902333e-07
	1.787467157699061e+00

 425	3.691054840902333e-07
	1.787321247033074e+00

 426	3.701054840902334e-07
	1.787175347167921e+00

 427	3.711054840902334e-07
	1.787029458230894e+00

 428	3.721054840902334e-07
	1.786883580039176e+00

 429	3.731054840902334e-07
	1.786737712720385e+00

 430	3.741054840902334e-07
	1.786591856092087e+00

 431	3.751054840902335e-07
	1.786446010282220e+00

 432	3.761054840902335e-07
	1.786300175108723e+00

 433	3.771054840902335e-07
	1.786154350699850e+00

 434	3.781054840902335e-07
	1.786008536873905e+00

 435	3.791054840902336e-07
	1.785862733759451e+00

 436	3.801054840902336e-07
	1.785716941175151e+00

 437	3.811054840902336e-07
	1.785571159249868e+00

 438	3.821054840902336e-07
	1.785425387802619e+00

 439	3.831054840902336e-07
	1.785279626962563e+00

 440	3.841054840902337e-07
	1.785133876549063e+00

 441	3.851054840902337e-07
	1.784988136691567e+00

 442	3.861054840902337e-07
	1.784842407209780e+00

 443	3.871054840902337e-07
	1.784696688233433e+00

 444	3.881054840902338e-07
	1.784550979582563e+00

 445	3.891054840902338e-07
	1.784405281387182e+00

 446	3.901054840902338e-07
	1.784259593467653e+00

 447	3.911054840902338e-07
	1.784113915954262e+00

 448	3.921054840902338e-07
	1.783968248667697e+00

 449	3.931054840902339e-07
	1.783822591738508e+00

 450	3.941054840902339e-07
	1.783676944987702e+00

 451	3.951054840902339e-07
	1.783531308546090e+00

 452	3.961054840902339e-07
	1.783385682234994e+00

 453	3.971054840902340e-07
	1.783240066185479e+00

 454	3.981054840902340e-07
	1.783094460219173e+00

 455	3.991054840902340e-07
	1.782948864467396e+00

 456	4.000000000000000e-07
	1.782818635248609e+00

 457	4.001000000000000e-07
	1.783096732907308e+00

 458	4.003000000000001e-07
	1.783652839514559e+00

 459	4.007000000000000e-07
	1.784765054343388e+00

 460	4.015000000000000e-07
	1.787036963785221e+00

 461	4.020000000000000e-07
	1.794578865364797e+00

 462	4.021000000000000e-07
	1.795176887458189e+00

 463	4.023000000000000e-07
	1.796237140549027e+00

 464	4.027000000000000e-07
	1.797710525966987e+00

 465	4.035000000000000e-07
	1.799168744665513e+00

 466	4.045000000000001e-07
	1.799721527551001e+00

 467	4.055000000000001e-07
	1.799847191769639e+00

 468	4.065000000000001e-07
	1.799875832193880e+00

 469	4.075000000000001e-07
	1.799882367824960e+00

 470	4.085000000000001e-07
	1.799883870436930e+00

 471	4.095000000000002e-07
	1.799884216928263e+00

 472	4.105000000000002e-07
	1.799884299229319e+00

 473	4.115000000000002e-07
	1.799884321209625e+00

 474	4.125000000000002e-07
	1.799884329401107e+00

 475	4.135000000000003e-07
	1.799884334419734e+00

 476	4.145000000000003e-07
	1.799884338688999e+00

 477	4.155000000000003e-07
	1.799884342761004e+00

 478	4.165000000000003e-07
	1.799884346763222e+00

 479	4.175000000000003e-07
	1.799884350723930e+00

 480	4.185000000000004e-07
	1.799884354651081e+00

 481	4.195000000000004e-07
	1.799884358545675e+00

 482	4.205000000000004e-07
	1.799884362409430e+00

 483	4.215000000000004e-07
	1.799884366241909e+00

 484	4.225000000000005e-07
	1.799884370044489e+00

 485	4.235000000000005e-07
	1.799884373816643e+00

 486	4.245000000000005e-07
	1.799884377559719e+00

 487	4.255000000000005e-07
	1.799884381273169e+00

 488	4.265000000000005e-07
	1.799884384958325e+00

 489	4.275000000000006e-07
	1.799884388614627e+00

 490	4.285000000000006e-07
	1.799884392243390e+00

 491	4.295000000000006e-07
	1.799884395844041e+00

 492	4.305000000000006e-07
	1.799884399417883e+00

 493	4.315000000000007e-07
	1.799884402964327e+00

 494	4.325000000000007e-07
	1.799884406484664e+00

 495	4.335000000000007e-07
	1.799884409978292e+00

 496	4.345000000000007e-07
	1.799884413446488e+00

 497	4.355000000000007e-07
	1.799884416888641e+00

 498	4.365000000000008e-07
	1.799884420306016e+00

 499	4.375000000000008e-07
	1.799884423697989e+00

 500	4.385000000000008e-07
	1.799884427065813e+00

 501	4.395000000000008e-07
	1.799884430408853e+00

 502	4.405000000000009e-07
	1.799884433728351e+00

 503	4.415000000000009e-07
	1.799884437023661e+00

 504	4.425000000000009e-07
	1.799884440296014e+00

 505	4.435000000000009e-07
	1.799884443544755e+00

 506	4.445000000000009e-07
	1.799884446771105e+00

 507	4.455000000000010e-07
	1.799884449974396e+00

 508	4.465000000000010e-07
	1.799884453155842e+00

 509	4.475000000000010e-07
	1.799884456314766e+00

 510	4.485000000000010e-07
	1.799884459452370e+00

 511	4.495000000000011e-07
	1.799884462567970e+00

 512	4.505000000000011e-07
	1.799884465662759e+00

 513	4.515000000000011e-07
	1.799884468736043e+00

 514	4.520000000000000e-07
	1.799884470265219e+00

 515	4.521000000000000e-07
	1.798106852569178e+00

 516	4.523000000000000e-07
	1.795315321166117e+00

 517	4.527000000000000e-07
	1.793525342154364e+00

 518	4.535000000000000e-07
	1.791063535432824e+00

 519	4.540000000000000e-07
	1.789527561589713e+00

 520	4.540736989647021e-07
	1.789516872112050e+00

 521	4.542210968941064e-07
	1.789495402802927e+00

 522	4.545158927529150e-07
	1.789452464670925e+00

 523	4.551054844705321e-07
	1.789366590934052e+00

 524	4.561054844705321e-07
	1.789220948668876e+00

 525	4.571054844705321e-07
	1.789075315696887e+00

 526	4.581054844705321e-07
	1.788929691844355e+00

 527	4.591054844705322e-07
	1.788784077248289e+00

 528	4.601054844705322e-07
	1.788638471735195e+00

 529	4.611054844705322e-07
	1.788492875442261e+00

 530	4.621054844705322e-07
	1.788347288196224e+00

 531	4.631054844705323e-07
	1.788201710134448e+00

 532	4.641054844705323e-07
	1.788056141083900e+00

 533	4.651054844705323e-07
	1.787910581182115e+00

 534	4.661054844705323e-07
	1.787765030256284e+00

 535	4.671054844705323e-07
	1.787619488444112e+00

 536	4.681054844705324e-07
	1.787473955573011e+00

 537	4.691054844705324e-07
	1.787328431780852e+00

 538	4.701054844705324e-07
	1.787182916895267e+00

 539	4.711054844705324e-07
	1.787037411054289e+00

 540	4.721054844705325e-07
	1.786891914085766e+00

 541	4.731054844705325e-07
	1.786746426127890e+00

 542	4.741054844705325e-07
	1.786600947008721e+00

 543	4.751054844705325e-07
	1.786455476866610e+00

 544	4.761054844705325e-07
	1.786310015529826e+00

 545	4.771054844705326e-07
	1.786164563136873e+00

 546	4.781054844705325e-07
	1.786019119516227e+00

 547	4.791054844705325e-07
	1.785873684806545e+00

 548	4.801054844705325e-07
	1.785728258836505e+00

 549	4.811054844705324e-07
	1.785582841744914e+00

 550	4.821054844705324e-07
	1.785437433360653e+00

 551	4.831054844705324e-07
	1.785292033822672e+00

 552	4.841054844705323e-07
	1.785146642960052e+00

 553	4.851054844705323e-07
	1.785001260911887e+00

 554	4.861054844705323e-07
	1.784855887507453e+00

 555	4.871054844705323e-07
	1.784710522885986e+00

 556	4.881054844705322e-07
	1.784565166876955e+00

 557	4.891054844705322e-07
	1.784419819619736e+00

 558	4.901054844705322e-07
	1.784274480943988e+00

 559	4.911054844705321e-07
	1.784129150989222e+00

 560	4.921054844705321e-07
	1.783983829585288e+00

 561	4.931054844705321e-07
	1.783838516871829e+00

 562	4.941054844705320e-07
	1.783693212678882e+00

 563	4.951054844705320e-07
	1.783547917146223e+00

 564	4.961054844705320e-07
	1.783402630104072e+00

 565	4.971054844705319e-07
	1.783257351692335e+00

 566	4.981054844705319e-07
	1.783112081741415e+00

 567	4.991054844705319e-07
	1.782966820391342e+00

 568	5.000000000000001e-07
	1.782836888995053e+00

 569	5.001000000000001e-07
	1.783115019860722e+00

 570	5.003000000000001e-07
	1.783671192856470e+00

 571	5.007000000000001e-07
	1.784783540307540e+00

 572	5.015000000000001e-07
	1.787055710700046e+00

 573	5.020000000000001e-07
	1.794593078389213e+00

 574	5.021000000000001e-07
	1.795189512634709e+00

 575	5.023000000000002e-07
	1.796246956520629e+00

 576	5.027000000000002e-07
	1.797716459742057e+00

 577	5.035000000000001e-07
	1.799170862117441e+00

 578	5.045000000000001e-07
	1.799722208133700e+00

 579	5.055000000000001e-07
	1.799847546268595e+00

 580	5.065000000000000e-07
	1.799876111600105e+00

 581	5.075000000000000e-07
	1.799882629190213e+00

 582	5.085000000000000e-07
	1.799884126717177e+00

 583	5.094999999999999e-07
	1.799884471121881e+00

 584	5.104999999999999e-07
	1.799884552026707e+00

 585	5.114999999999999e-07
	1.799884572773156e+00

 586	5.124999999999999e-07
	1.799884579772663e+00

 587	5.134999999999998e-07
	1.799884583613710e+00

 588	5.144999999999998e-07
	1.799884586713479e+00

 589	5.154999999999998e-07
	1.799884589622606e+00

 590	5.164999999999997e-07
	1.799884592468191e+00

 591	5.174999999999997e-07
	1.799884595278400e+00

 592	5.184999999999997e-07
	1.799884598061121e+00

 593	5.194999999999996e-07
	1.799884600817311e+00

 594	5.204999999999996e-07
	1.799884603548642e+00

 595	5.214999999999996e-07
	1.799884606254639e+00

 596	5.224999999999996e-07
	1.799884608936635e+00

 597	5.234999999999995e-07
	1.799884611594069e+00

 598	5.244999999999995e-07
	1.799884614228239e+00

 599	5.254999999999995e-07
	1.799884616838567e+00

 600	5.264999999999994e-07
	1.799884619426338e+00

 601	5.274999999999994e-07
	1.799884621990960e+00

 602	5.284999999999994e-07
	1.799884624533703e+00

 603	5.294999999999993e-07
	1.799884627053964e+00

 604	5.304999999999993e-07
	1.799884629553000e+00

 605	5.314999999999993e-07
	1.799884632030192e+00

 606	5.324999999999992e-07
	1.799884634486787e+00

 607	5.334999999999992e-07
	1.799884636922154e+00

 608	5.344999999999992e-07
	1.799884639337532e+00

 609	5.354999999999992e-07
	1.799884641732278e+00

 610	5.364999999999991e-07
	1.799884644107614e+00

 611	5.374999999999991e-07
	1.799884646462887e+00

 612	5.384999999999991e-07
	1.799884648799310e+00

 613	5.394999999999990e-07
	1.799884651116221e+00

 614	5.404999999999990e-07
	1.799884653414821e+00

 615	5.414999999999990e-07
	1.799884655694437e+00

 616	5.424999999999989e-07
	1.799884657956262e+00

 617	5.434999999999989e-07
	1.799884660199613e+00

 618	5.444999999999989e-07
	1.799884662425673e+00

 619	5.454999999999988e-07
	1.799884664633749e+00

 620	5.464999999999988e-07
	1.799884666825014e+00

 621	5.474999999999988e-07
	1.799884668998768e+00

 622	5.484999999999988e-07
	1.799884671156176e+00

 623	5.494999999999987e-07
	1.799884673296528e+00

 624	5.504999999999987e-07
	1.799884675420980e+00

 625	5.514999999999987e-07
	1.799884677528815e+00

 626	5.520000000000001e-07
	1.799884678577087e+00

 627	5.521000000000001e-07
	1.798107074678607e+00

 628	5.523000000000001e-07
	1.795315584069340e+00

 629	5.527000000000001e-07
	1.793525709949934e+00

 630	5.535000000000001e-07
	1.791064111788687e+00

 631	5.540000000000001e-07
	1.789528267821272e+00

 632	5.540736989805037e-07
	1.789517597449866e+00

 633	5.542210969415109e-07
	1.789496166340099e+00

 634	5.545158928635253e-07
	1.789453304527785e+00

 635	5.551054847075541e-07
	1.789367583114769e+00

 636	5.561054847075541e-07
	1.789222198276824e+00

 637	5.571054847075541e-07
	1.789076821530587e+00

 638	5.581054847075540e-07
	1.788931452708352e+00

 639	5.591054847075540e-07
	1.788786091953116e+00

 640	5.601054847075540e-07
	1.788640739097335e+00

 641	5.611054847075539e-07
	1.788495394284115e+00

 642	5.621054847075539e-07
	1.788350057346077e+00

 643	5.631054847075539e-07
	1.788204728426430e+00

 644	5.641054847075538e-07
	1.788059407357954e+00

 645	5.651054847075538e-07
	1.787914094283965e+00

 646	5.661054847075538e-07
	1.787768789037400e+00

 647	5.671054847075538e-07
	1.787623491761675e+00

 648	5.681054847075537e-07
	1.787478202289883e+00

 649	5.691054847075537e-07
	1.787332920765540e+00

 650	5.701054847075537e-07
	1.787187647021891e+00

 651	5.711054847075536e-07
	1.787042381202551e+00

 652	5.721054847075536e-07
	1.786897123140917e+00

 653	5.731054847075536e-07
	1.786751872980699e+00

 654	5.741054847075535e-07
	1.786606630555444e+00

 655	5.751054847075535e-07
	1.786461396008955e+00

 656	5.761054847075535e-07
	1.786316169174925e+00

 657	5.771054847075534e-07
	1.786170950197252e+00

 658	5.781054847075534e-07
	1.786025738909772e+00

 659	5.791054847075534e-07
	1.785880535456474e+00

 660	5.801054847075534e-07
	1.785735339671340e+00

 661	5.811054847075533e-07
	1.785590151698444e+00

 662	5.821054847075533e-07
	1.785444971371910e+00

 663	5.831054847075533e-07
	1.785299798835900e+00

 664	5.841054847075532e-07
	1.785154633924678e+00

 665	5.851054847075532e-07
	1.785009476782491e+00

 666	5.861054847075532e-07
	1.784864327243740e+00

 667	5.871054847075531e-07
	1.784719185452758e+00

 668	5.881054847075531e-07
	1.784574051244082e+00

 669	5.891054847075531e-07
	1.784428924762125e+00

 670	5.901054847075530e-07
	1.784283805841560e+00

 671	5.911054847075530e-07
	1.784138694626882e+00

 672	5.921054847075530e-07
	1.783993590952896e+00

 673	5.931054847075530e-07
	1.783848494964176e+00

 674	5.941054847075529e-07
	1.783703406495657e+00

 675	5.951054847075529e-07
	1.783558325691990e+00

 676	5.961054847075529e-07
	1.783413252388244e+00

 677	5.971054847075528e-07
	1.783268186729145e+00

 678	5.981054847075528e-07
	1.783123128549891e+00

 679	5.991054847075528e-07
	1.782978077995280e+00

 680	6.000000000000001e-07
	1.782848334369816e+00

 681	6.001000000000001e-07
	1.783126486174011e+00

 682	6.003000000000001e-07
	1.783682701031564e+00

 683	6.007000000000001e-07
	1.784795132113437e+00

 684	6.015000000000001e-07
	1.787067467095020e+00

 685	6.020000000000001e-07
	1.794601992091950e+00

 686	6.021000000000001e-07
	1.795197430664491e+00

 687	6.023000000000001e-07
	1.796253113000818e+00

 688	6.027000000000002e-07
	1.797720181786407e+00

 689	6.035000000000001e-07
	1.799172190978468e+00

 690	6.045000000000001e-07
	1.799722635939684e+00

 691	6.055000000000001e-07
	1.799847769605472e+00

 692	6.065000000000000e-07
	1.799876287869347e+00

 693	6.075000000000000e-07
	1.799882794169885e+00

 694	6.085000000000000e-07
	1.799884288531863e+00

 695	6.094999999999999e-07
	1.799884631651428e+00

 696	6.104999999999999e-07
	1.799884711703615e+00

 697	6.114999999999999e-07
	1.799884731698806e+00

 698	6.124999999999999e-07
	1.799884737972885e+00

 699	6.134999999999998e-07
	1.799884741097099e+00

 700	6.144999999999998e-07
	1.799884743484682e+00

 701	6.154999999999998e-07
	1.799884745685363e+00

 702	6.164999999999997e-07
	1.799884747826010e+00

 703	6.174999999999997e-07
	1.799884749934727e+00

 704	6.184999999999997e-07
	1.799884752019367e+00

 705	6.194999999999996e-07
	1.799884754080871e+00

 706	6.204999999999996e-07
	1.799884756120883e+00

 707	6.214999999999996e-07
	1.799884758138917e+00

 708	6.224999999999995e-07
	1.799884760136280e+00

 709	6.234999999999995e-07
	1.799884762112395e+00

 710	6.244999999999995e-07
	1.799884764068538e+00

 711	6.254999999999995e-07
	1.799884766004118e+00

 712	6.264999999999994e-07
	1.799884767920394e+00

 713	6.274999999999994e-07
	1.799884769816762e+00

 714	6.284999999999994e-07
	1.799884771694469e+00

 715	6.294999999999993e-07
	1.799884773552897e+00

 716	6.304999999999993e-07
	1.799884775393281e+00

 717	6.314999999999993e-07
	1.799884777214991e+00

 718	6.324999999999992e-07
	1.799884779019251e+00

 719	6.334999999999992e-07
	1.799884780805417e+00

 720	6.344999999999992e-07
	1.799884782574703e+00

 721	6.354999999999991e-07
	1.799884784326453e+00

 722	6.364999999999991e-07
	1.799884786061869e+00

 723	6.374999999999991e-07
	1.799884787780287e+00

 724	6.384999999999991e-07
	1.799884789482898e+00

 725	6.394999999999990e-07
	1.799884791169028e+00

 726	6.404999999999990e-07
	1.799884792839856e+00

 727	6.414999999999990e-07
	1.799884794494698e+00

 728	6.424999999999989e-07
	1.799884796134724e+00

 729	6.434999999999989e-07
	1.799884797759240e+00

 730	6.444999999999989e-07
	1.799884799369408e+00

 731	6.454999999999988e-07
	1.799884800964525e+00

 732	6.464999999999988e-07
	1.799884802545743e+00

 733	6.474999999999988e-07
	1.799884804112352e+00

 734	6.484999999999987e-07
	1.799884805665494e+00

 735	6.494999999999987e-07
	1.799884807204450e+00

 736	6.504999999999987e-07
	1.799884808730355e+00

 737	6.514999999999987e-07
	1.799884810242482e+00

 738	6.520000000000001e-07
	1.799884810993957e+00

 739	6.521000000000001e-07
	1.798107215868022e+00

 740	6.523000000000001e-07
	1.795315751194350e+00

 741	6.527000000000001e-07
	1.793525943762972e+00

 742	6.535000000000001e-07
	1.791064478209908e+00

 743	6.540000000000001e-07
	1.789528716828021e+00

 744	6.540736989905483e-07
	1.789518058606449e+00

 745	6.542210969716446e-07
	1.789496651788222e+00

 746	6.545158929338374e-07
	1.789453838510145e+00

 747	6.551054848582230e-07
	1.789368213970581e+00

 748	6.561054848582229e-07
	1.789222992865676e+00

 749	6.571054848582229e-07
	1.789077779109552e+00

 750	6.581054848582229e-07
	1.788932572538020e+00

 751	6.591054848582228e-07
	1.788787373297580e+00

 752	6.601054848582228e-07
	1.788642181224172e+00

 753	6.611054848582228e-07
	1.788496996464366e+00

 754	6.621054848582227e-07
	1.788351818854228e+00

 755	6.631054848582227e-07
	1.788206648540402e+00

 756	6.641054848582227e-07
	1.788061485359078e+00

 757	6.651054848582227e-07
	1.787916329456965e+00

 758	6.661054848582226e-07
	1.787771180670378e+00

 759	6.671054848582226e-07
	1.787626039146094e+00

 760	6.681054848582226e-07
	1.787480904720545e+00

 761	6.691054848582225e-07
	1.787335777540576e+00

 762	6.701054848582225e-07
	1.787190657442741e+00

 763	6.711054848582225e-07
	1.787045544573942e+00

 764	6.721054848582224e-07
	1.786900438770853e+00

 765	6.731054848582224e-07
	1.786755340180441e+00

 766	6.741054848582224e-07
	1.786610248639493e+00

 767	6.751054848582223e-07
	1.786465164295039e+00

 768	6.761054848582223e-07
	1.786320086983977e+00

 769	6.771054848582223e-07
	1.786175016853399e+00

 770	6.781054848582223e-07
	1.786029953740318e+00

 771	6.791054848582222e-07
	1.785884897791879e+00

 772	6.801054848582222e-07
	1.785739848845207e+00

 773	6.811054848582222e-07
	1.785594807047506e+00

 774	6.821054848582221e-07
	1.785449772236009e+00

 775	6.831054848582221e-07
	1.785304744557976e+00

 776	6.841054848582221e-07
	1.785159723850750e+00

 777	6.851054848582220e-07
	1.785014710261642e+00

 778	6.861054848582220e-07
	1.784869703628104e+00

 779	6.871054848582220e-07
	1.784724704097500e+00

 780	6.881054848582219e-07
	1.784579711507387e+00

 781	6.891054848582219e-07
	1.784434726005180e+00

 782	6.901054848582219e-07
	1.784289747428541e+00

 783	6.911054848582219e-07
	1.784144775924935e+00

 784	6.921054848582218e-07
	1.783999811332128e+00

 785	6.931054848582218e-07
	1.783854853797634e+00

 786	6.941054848582218e-07
	1.783709903159320e+00

 787	6.951054848582217e-07
	1.783564959564749e+00

 788	6.961054848582217e-07
	1.783420022851888e+00

 789	6.971054848582217e-07
	1.783275093168347e+00

 790	6.981054848582216e-07
	1.783130170352194e+00

 791	6.991054848582216e-07
	1.782985254551085e+00

 792	7.000000000000001e-07
	1.782855630972267e+00

 793	7.001000000000001e-07
	1.783133796163781e+00

 794	7.003000000000001e-07
	1.783690037786510e+00

 795	7.007000000000001e-07
	1.784802522341091e+00

 796	7.015000000000001e-07
	1.787074962571611e+00

 797	7.020000000000001e-07
	1.794607675358239e+00

 798	7.021000000000001e-07
	1.795202479153468e+00

 799	7.023000000000001e-07
	1.796257038432583e+00

 800	7.027000000000002e-07
	1.797722555148091e+00

 801	7.035000000000001e-07
	1.799173038547623e+00

 802	7.045000000000001e-07
	1.799722909030631e+00

 803	7.055000000000001e-07
	1.799847912340741e+00

 804	7.065000000000000e-07
	1.799876400604460e+00

 805	7.075000000000000e-07
	1.799882899716070e+00

 806	7.085000000000000e-07
	1.799884392069084e+00

 807	7.094999999999999e-07
	1.799884734378094e+00

 808	7.104999999999999e-07
	1.799884813895345e+00

 809	7.114999999999999e-07
	1.799884833420112e+00

 810	7.124999999999998e-07
	1.799884839240113e+00

 811	7.134999999999998e-07
	1.799884841915608e+00

 812	7.144999999999998e-07
	1.799884843857315e+00

 813	7.154999999999998e-07
	1.799884845614383e+00

 814	7.164999999999997e-07
	1.799884847313537e+00

 815	7.174999999999997e-07
	1.799884848982843e+00

 816	7.184999999999997e-07
	1.799884850630133e+00

 817	7.194999999999996e-07
	1.799884852256337e+00

 818	7.204999999999996e-07
	1.799884853863085e+00

 819	7.214999999999996e-07
	1.799884855449883e+00

 820	7.224999999999995e-07
	1.799884857018023e+00

 821	7.234999999999995e-07
	1.799884858566921e+00

 822	7.244999999999995e-07
	1.799884860097841e+00

 823	7.254999999999994e-07
	1.799884861610181e+00

 824	7.264999999999994e-07
	1.799884863105190e+00

 825	7.274999999999994e-07
	1.799884864582253e+00

 826	7.284999999999994e-07
	1.799884866042606e+00

 827	7.294999999999993e-07
	1.799884867485622e+00

 828	7.304999999999993e-07
	1.799884868912525e+00

 829	7.314999999999993e-07
	1.799884870322674e+00

 830	7.324999999999992e-07
	1.799884871717282e+00

 831	7.334999999999992e-07
	1.799884873095698e+00

 832	7.344999999999992e-07
	1.799884874459122e+00

 833	7.354999999999991e-07
	1.799884875806893e+00

 834	7.364999999999991e-07
	1.799884877140198e+00

 835	7.374999999999991e-07
	1.799884878458369e+00

 836	7.384999999999990e-07
	1.799884879762582e+00

 837	7.394999999999990e-07
	1.799884881052157e+00

 838	7.404999999999990e-07
	1.799884882328260e+00

 839	7.414999999999990e-07
	1.799884883590200e+00

 840	7.424999999999989e-07
	1.799884884839136e+00

 841	7.434999999999989e-07
	1.799884886074369e+00

 842	7.444999999999989e-07
	1.799884887297046e+00

 843	7.454999999999988e-07
	1.799884888506459e+00

 844	7.464999999999988e-07
	1.799884889703747e+00

 845	7.474999999999988e-07
	1.799884890888193e+00

 846	7.484999999999987e-07
	1.799884892060930e+00

 847	7.494999999999987e-07
	1.799884893221231e+00

 848	7.504999999999987e-07
	1.799884894370219e+00

 849	7.514999999999986e-07
	1.799884895507162e+00

 850	7.520000000000001e-07
	1.799884896071691e+00

 851	7.521000000000001e-07
	1.798107306582909e+00

 852	7.523000000000001e-07
	1.795315858574666e+00

 853	7.527000000000001e-07
	1.793526093995135e+00

 854	7.535000000000001e-07
	1.791064713656823e+00

 855	7.540000000000001e-07
	1.789529005347863e+00

 856	7.540736989970020e-07
	1.789518354934506e+00

 857	7.542210969910058e-07
	1.789496963727585e+00

 858	7.545158929790134e-07
	1.789454181641331e+00

 859	7.551054849550286e-07
	1.789368619362470e+00

 860	7.561054849550285e-07
	1.789223503496240e+00

 861	7.571054849550285e-07
	1.789078394510340e+00

 862	7.581054849550285e-07
	1.788933292242737e+00

 863	7.591054849550284e-07
	1.788788196842072e+00

 864	7.601054849550284e-07
	1.788643108146416e+00

 865	7.611054849550284e-07
	1.788498026304464e+00

 866	7.621054849550283e-07
	1.788352951154394e+00

 867	7.631054849550283e-07
	1.788207882844946e+00

 868	7.641054849550283e-07
	1.788062821214403e+00

 869	7.651054849550282e-07
	1.787917766411554e+00

 870	7.661054849550282e-07
	1.787772718274784e+00

 871	7.671054849550282e-07
	1.787627676952929e+00

 872	7.681054849550282e-07
	1.787482642284474e+00

 873	7.691054849550281e-07
	1.787337614418302e+00

 874	7.701054849550281e-07
	1.787192593192995e+00

 875	7.711054849550281e-07
	1.787047578757480e+00

 876	7.721054849550280e-07
	1.786902570950438e+00

 877	7.731054849550280e-07
	1.786757569920838e+00

 878	7.741054849550280e-07
	1.786612575507456e+00

 879	7.751054849550279e-07
	1.786467587859303e+00

 880	7.761054849550279e-07
	1.786322606815251e+00

 881	7.771054849550279e-07
	1.786177632524351e+00

 882	7.781054849550278e-07
	1.786032664825569e+00

 883	7.791054849550278e-07
	1.785887703867994e+00

 884	7.801054849550278e-07
	1.785742749490684e+00

 885	7.811054849550278e-07
	1.785597801842768e+00

 886	7.821054849550277e-07
	1.785452860763393e+00

 887	7.831054849550277e-07
	1.785307926401724e+00

 888	7.841054849550277e-07
	1.785162998596999e+00

 889	7.851054849550276e-07
	1.785018077498419e+00

 890	7.861054849550276e-07
	1.784873162945312e+00

 891	7.871054849550276e-07
	1.784728255086911e+00

 892	7.881054849550275e-07
	1.784583353762633e+00

 893	7.891054849550275e-07
	1.784438459121744e+00

 894	7.901054849550275e-07
	1.784293571003748e+00

 895	7.911054849550274e-07
	1.784148689557943e+00

 896	7.921054849550274e-07
	1.784003814623919e+00

 897	7.931054849550274e-07
	1.783858946351005e+00

 898	7.941054849550274e-07
	1.783714084578875e+00

 899	7.951054849550273e-07
	1.783569229456891e+00

 900	7.961054849550273e-07
	1.783424380824809e+00

 901	7.971054849550273e-07
	1.783279538832019e+00

 902	7.981054849550272e-07
	1.783134703318362e+00

 903	7.991054849550272e-07
	1.782989874433257e+00

 904	8.000000000000001e-07
	1.782860328290060e+00

 905	8.001000000000001e-07
	1.783138502117379e+00

 906	8.003000000000001e-07
	1.783694761005745e+00

 907	8.007000000000001e-07
	1.784807280055209e+00

 908	8.015000000000001e-07
	1.787079788186704e+00

 909	8.020000000000001e-07
	1.794611334351484e+00

 910	8.021000000000001e-07
	1.795205729487812e+00

 911	8.023000000000001e-07
	1.796259565759226e+00

 912	8.027000000000002e-07
	1.797724083266145e+00

 913	8.035000000000001e-07
	1.799173584365187e+00

 914	8.045000000000001e-07
	1.799723084999862e+00

 915	8.055000000000001e-07
	1.799848004390076e+00

 916	8.065000000000000e-07
	1.799876473343715e+00

 917	8.075000000000000e-07
	1.799882967831314e+00

 918	8.085000000000000e-07
	1.799884458895189e+00

 919	8.094999999999999e-07
	1.799884800686547e+00

 920	8.104999999999999e-07
	1.799884879863541e+00

 921	8.114999999999999e-07
	1.799884899089530e+00

 922	8.124999999999998e-07
	1.799884904621223e+00

 923	8.134999999999998e-07
	1.799884907011810e+00

 924	8.144999999999998e-07
	1.799884908670389e+00

 925	8.154999999999998e-07
	1.799884910145736e+00

 926	8.164999999999997e-07
	1.799884911564484e+00

 927	8.174999999999997e-07
	1.799884912954675e+00

 928	8.184999999999997e-07
	1.799884914324126e+00

 929	8.194999999999996e-07
	1.799884915673764e+00

 930	8.204999999999996e-07
	1.799884917005209e+00

 931	8.214999999999996e-07
	1.799884918317962e+00

 932	8.224999999999995e-07
	1.799884919613306e+00

 933	8.234999999999995e-07
	1.799884920890656e+00

 934	8.244999999999995e-07
	1.799884922151263e+00

 935	8.254999999999994e-07
	1.799884923394522e+00

 936	8.264999999999994e-07
	1.799884924621673e+00

 937	8.274999999999994e-07
	1.799884925832097e+00

 938	8.284999999999994e-07
	1.799884927027024e+00

 939	8.294999999999993e-07
	1.799884928205820e+00

 940	8.304999999999993e-07
	1.799884929369700e+00

 941	8.314999999999993e-07
	1.799884930518023e+00

 942	8.324999999999992e-07
	1.799884931651990e+00

 943	8.334999999999992e-07
	1.799884932770949e+00

 944	8.344999999999992e-07
	1.799884933876088e+00

 945	8.354999999999991e-07
	1.799884934966745e+00

 946	8.364999999999991e-07
	1.799884936044100e+00

 947	8.374999999999991e-07
	1.799884937107479e+00

 948	8.384999999999990e-07
	1.799884938158050e+00

 949	8.394999999999990e-07
	1.799884939195129e+00

 950	8.404999999999990e-07
	1.799884940219875e+00

 951	8.414999999999990e-07
	1.799884941231594e+00

 952	8.424999999999989e-07
	1.799884942231438e+00

 953	8.434999999999989e-07
	1.799884943218701e+00

 954	8.444999999999989e-07
	1.799884944194523e+00

 955	8.454999999999988e-07
	1.799884945158195e+00

 956	8.464999999999988e-07
	1.799884946110848e+00

 957	8.474999999999988e-07
	1.799884947051761e+00

 958	8.484999999999987e-07
	1.799884947982059e+00

 959	8.494999999999987e-07
	1.799884948901010e+00

 960	8.504999999999987e-07
	1.799884949809732e+00

 961	8.514999999999986e-07
	1.799884950707490e+00

 962	8.520000000000001e-07
	1.799884951152828e+00

 963	8.521000000000001e-07
	1.798107365314053e+00

 964	8.523000000000001e-07
	1.795315928096267e+00

 965	8.527000000000001e-07
	1.793526191262319e+00

 966	8.535000000000001e-07
	1.791064866100803e+00

 967	8.540000000000001e-07
	1.789529192158199e+00

 968	8.540736990011803e-07
	1.789518546801011e+00

 969	8.542210970035407e-07
	1.789497165703160e+00

 970	8.545158930082614e-07
	1.789454403815404e+00

 971	8.551054850177028e-07
	1.789368881855103e+00

 972	8.561054850177028e-07
	1.789223834142521e+00

 973	8.571054850177028e-07
	1.789078793011374e+00

 974	8.581054850177028e-07
	1.788933758300975e+00

 975	8.591054850177027e-07
	1.788788730161300e+00

 976	8.601054850177027e-07
	1.788643708431754e+00

 977	8.611054850177027e-07
	1.788498693262353e+00

 978	8.621054850177026e-07
	1.788353684492594e+00

 979	8.631054850177026e-07
	1.788208682272531e+00

 980	8.641054850177026e-07
	1.788063686441753e+00

 981	8.651054850177025e-07
	1.787918697150351e+00

 982	8.661054850177025e-07
	1.787773714238001e+00

 983	8.671054850177025e-07
	1.787628737854828e+00

 984	8.681054850177024e-07
	1.787483767840597e+00

 985	8.691054850177024e-07
	1.787338804345467e+00

 986	8.701054850177024e-07
	1.787193847209290e+00

 987	8.711054850177024e-07
	1.787048896582256e+00

 988	8.721054850177023e-07
	1.786903952304303e+00

 989	8.731054850177023e-07
	1.786759014525653e+00

 990	8.741054850177023e-07
	1.786614083086327e+00

 991	8.751054850177022e-07
	1.786469158136575e+00

 992	8.761054850177022e-07
	1.786324239516504e+00

 993	8.771054850177022e-07
	1.786179327376392e+00

 994	8.781054850177021e-07
	1.786034421556428e+00

 995	8.791054850177021e-07
	1.785889522206916e+00

 996	8.801054850177021e-07
	1.785744629168128e+00

 997	8.811054850177020e-07
	1.785599742590393e+00

 998	8.821054850177020e-07
	1.785454862314062e+00

 999	8.831054850177020e-07
	1.785309988489492e+00

 1000	8.841054850177020e-07
	1.785165120957111e+00

 1001	8.851054850177019e-07
	1.785020259867300e+00

 1002	8.861054850177019e-07
	1.784875405060565e+00

 1003	8.871054850177019e-07
	1.784730556687311e+00

 1004	8.881054850177018e-07
	1.784585714588120e+00

 1005	8.891054850177018e-07
	1.784440878913420e+00

 1006	8.901054850177018e-07
	1.784296049503868e+00

 1007	8.911054850177017e-07
	1.784151226509913e+00

 1008	8.921054850177017e-07
	1.784006409772289e+00

 1009	8.931054850177017e-07
	1.783861599441465e+00

 1010	8.941054850177016e-07
	1.783716795358249e+00

 1011	8.951054850177016e-07
	1.783571997673129e+00

 1012	8.961054850177016e-07
	1.783427206226986e+00

 1013	8.971054850177016e-07
	1.783282421170328e+00

 1014	8.981054850177015e-07
	1.783137642344107e+00

 1015	8.991054850177015e-07
	1.782992869898847e+00

 1016	9.000000000000001e-07
	1.782863374042109e+00

 1017	9.001000000000001e-07
	1.783141553477680e+00

 1018	9.003000000000001e-07
	1.783697823578736e+00

 1019	9.007000000000001e-07
	1.784810365030343e+00

 1020	9.015000000000001e-07
	1.787082917261801e+00

 1021	9.020000000000001e-07
	1.794613706995156e+00

 1022	9.021000000000001e-07
	1.795207837150825e+00

 1023	9.023000000000001e-07
	1.796261204612016e+00

 1024	9.027000000000002e-07
	1.797725074211885e+00

 1025	9.035000000000001e-07
	1.799173938363816e+00

 1026	9.045000000000001e-07
	1.799723199179879e+00

 1027	9.055000000000001e-07
	1.799848064155942e+00

 1028	9.065000000000000e-07
	1.799876520590501e+00

 1029	9.075000000000000e-07
	1.799883012081923e+00

 1030	9.085000000000000e-07
	1.799884502312042e+00

 1031	9.094999999999999e-07
	1.799884843769873e+00

 1032	9.104999999999999e-07
	1.799884922728338e+00

 1033	9.114999999999999e-07
	1.799884941762670e+00

 1034	9.124999999999998e-07
	1.799884947109471e+00

 1035	9.134999999999998e-07
	1.799884949317346e+00

 1036	9.144999999999998e-07
	1.799884950794340e+00

 1037	9.154999999999997e-07
	1.799884952088991e+00

 1038	9.164999999999997e-07
	1.799884953327870e+00

 1039	9.174999999999997e-07
	1.799884954539004e+00

 1040	9.184999999999997e-07
	1.799884955730203e+00

 1041	9.194999999999996e-07
	1.799884956902392e+00

 1042	9.204999999999996e-07
	1.799884958057184e+00

 1043	9.214999999999996e-07
	1.799884959194076e+00

 1044	9.224999999999995e-07
	1.799884960314345e+00

 1045	9.234999999999995e-07
	1.799884961417401e+00

 1046	9.244999999999995e-07
	1.799884962504496e+00

 1047	9.254999999999994e-07
	1.799884963575019e+00

 1048	9.264999999999994e-07
	1.799884964630205e+00

 1049	9.274999999999994e-07
	1.799884965669434e+00

 1050	9.284999999999993e-07
	1.799884966693928e+00

 1051	9.294999999999993e-07
	1.799884967703053e+00

 1052	9.304999999999993e-07
	1.799884968698018e+00

 1053	9.314999999999993e-07
	1.799884969678178e+00

 1054	9.324999999999992e-07
	1.799884970644731e+00

 1055	9.334999999999992e-07
	1.799884971597020e+00

 1056	9.344999999999992e-07
	1.799884972536232e+00

 1057	9.354999999999991e-07
	1.799884973461699e+00

 1058	9.364999999999991e-07
	1.799884974374598e+00

 1059	9.374999999999991e-07
	1.799884975274250e+00

 1060	9.384999999999990e-07
	1.799884976161820e+00

 1061	9.394999999999990e-07
	1.799884977036623e+00

 1062	9.404999999999990e-07
	1.799884977899812e+00

 1063	9.414999999999989e-07
	1.799884978750690e+00

 1064	9.424999999999989e-07
	1.799884979590403e+00

 1065	9.434999999999989e-07
	1.799884980418246e+00

 1066	9.444999999999989e-07
	1.799884981235354e+00

 1067	9.454999999999988e-07
	1.799884982041014e+00

 1068	9.464999999999988e-07
	1.799884982836353e+00

 1069	9.474999999999988e-07
	1.799884983620647e+00

 1070	9.484999999999987e-07
	1.799884984395018e+00

 1071	9.494999999999987e-07
	1.799884985158733e+00

 1072	9.504999999999987e-07
	1.799884985912903e+00

 1073	9.514999999999986e-07
	1.799884986656789e+00

 1074	9.520000000000001e-07
	1.799884987025446e+00

 1075	9.521000000000001e-07
	1.798107403564007e+00

 1076	9.523000000000001e-07
	1.795315973374169e+00

 1077	9.527000000000001e-07
	1.793526254611272e+00

 1078	9.535000000000001e-07
	1.791064965388232e+00

 1079	9.540000000000001e-07
	1.789529313830333e+00

 1080	9.540736990039015e-07
	1.789518671766564e+00

 1081	9.542210970117044e-07
	1.789497297253445e+00

 1082	9.545158930273099e-07
	1.789454548522513e+00

 1083	9.551054850585209e-07
	1.789369052825374e+00

 1084	9.561054850585210e-07
	1.789224049509316e+00

 1085	9.571054850585211e-07
	1.789079052582282e+00

 1086	9.581054850585212e-07
	1.788934061884434e+00

 1087	9.591054850585212e-07
	1.788789077566596e+00

 1088	9.601054850585213e-07
	1.788644099469013e+00

 1089	9.611054850585214e-07
	1.788499127742542e+00

 1090	9.621054850585215e-07
	1.788354162227515e+00

 1091	9.631054850585215e-07
	1.788209203074816e+00

 1092	9.641054850585216e-07
	1.788064250124859e+00

 1093	9.651054850585217e-07
	1.787919303528559e+00

 1094	9.661054850585218e-07
	1.787774363126410e+00

 1095	9.671054850585218e-07
	1.787629429069355e+00

 1096	9.681054850585219e-07
	1.787484501197968e+00

 1097	9.691054850585220e-07
	1.787339579663217e+00

 1098	9.701054850585221e-07
	1.787194664305759e+00

 1099	9.711054850585221e-07
	1.787049755276582e+00

 1100	9.721054850585222e-07
	1.786904852416422e+00

 1101	9.731054850585223e-07
	1.786759955876294e+00

 1102	9.741054850585224e-07
	1.786615065497007e+00

 1103	9.751054850585224e-07
	1.786470181429600e+00

 1104	9.761054850585225e-07
	1.786325303514959e+00

 1105	9.771054850585226e-07
	1.786180431904141e+00

 1106	9.781054850585227e-07
	1.786035566438110e+00

 1107	9.791054850585227e-07
	1.785890707267943e+00

 1108	9.801054850585228e-07
	1.785745854234677e+00

 1109	9.811054850585229e-07
	1.785601007489408e+00

 1110	9.821054850585230e-07
	1.785456166873245e+00

 1111	9.831054850585230e-07
	1.785311332537304e+00

 1112	9.841054850585231e-07
	1.785166504322766e+00

 1113	9.851054850585232e-07
	1.785021682380763e+00

 1114	9.861054850585233e-07
	1.784876866552547e+00

 1115	9.871054850585233e-07
	1.784732056989266e+00

 1116	9.881054850585234e-07
	1.784587253532244e+00

 1117	9.891054850585235e-07
	1.784442456332644e+00

 1118	9.901054850585236e-07
	1.784297665231857e+00

 1119	9.911054850585236e-07
	1.784152880381063e+00

 1120	9.921054850585237e-07
	1.784008101621722e+00

 1121	9.931054850585238e-07
	1.783863329105026e+00

 1122	9.941054850585239e-07
	1.783718562672500e+00

 1123	9.951054850585239e-07
	1.783573802475352e+00

 1124	9.961054850585240e-07
	1.783429048355175e+00

 1125	9.971054850585241e-07
	1.783284300463187e+00

 1126	9.981054850585242e-07
	1.783139558641048e+00

 1127	9.991054850585242e-07
	1.782994823039987e+00

 1128	1.000000000000000e-06
	1.782865360011932e+00

